sample_idx,method,mh_enabled,trajectory,avg_l2_dist,avg_kl_div,accuracy_pct
0,policy,True,"[{'step': 0, 'avg_l2_distance': 2.4074511528015137, 'avg_kl_divergence': 8.243247985839844, 'entropy': 10.824849128723145}, {'step': 1, 'avg_l2_distance': 2.4074511528015137, 'avg_kl_divergence': 8.243247985839844, 'entropy': 10.824846267700195}, {'step': 2, 'avg_l2_distance': 2.2293548583984375, 'avg_kl_divergence': 11.018051147460938, 'entropy': 10.824846267700195}, {'step': 3, 'avg_l2_distance': 2.0761656761169434, 'avg_kl_divergence': 8.551240921020508, 'entropy': 10.824831008911133}, {'step': 4, 'avg_l2_distance': 2.297764539718628, 'avg_kl_divergence': 8.35865306854248, 'entropy': 10.82474136352539}, {'step': 5, 'avg_l2_distance': 2.297764539718628, 'avg_kl_divergence': 8.35865306854248, 'entropy': 10.824792861938477}, {'step': 6, 'avg_l2_distance': 2.297764539718628, 'avg_kl_divergence': 8.35865306854248, 'entropy': 10.824790000915527}, {'step': 7, 'avg_l2_distance': 2.297764539718628, 'avg_kl_divergence': 8.35865306854248, 'entropy': 10.824788093566895}, {'step': 8, 'avg_l2_distance': 2.297764539718628, 'avg_kl_divergence': 8.35865306854248, 'entropy': 10.824783325195312}, {'step': 9, 'avg_l2_distance': 2.297764539718628, 'avg_kl_divergence': 8.35865306854248, 'entropy': 10.824779510498047}, {'step': 10, 'avg_l2_distance': 2.297764539718628, 'avg_kl_divergence': 8.35865306854248, 'entropy': 10.824775695800781}, {'step': 11, 'avg_l2_distance': 2.297764539718628, 'avg_kl_divergence': 8.35865306854248, 'entropy': 10.824771881103516}, {'step': 12, 'avg_l2_distance': 2.297764539718628, 'avg_kl_divergence': 8.35865306854248, 'entropy': 10.82476806640625}, {'step': 13, 'avg_l2_distance': 2.297764539718628, 'avg_kl_divergence': 8.35865306854248, 'entropy': 10.824762344360352}, {'step': 14, 'avg_l2_distance': 2.297764539718628, 'avg_kl_divergence': 8.35865306854248, 'entropy': 10.82475757598877}, {'step': 15, 'avg_l2_distance': 2.297764539718628, 'avg_kl_divergence': 8.35865306854248, 'entropy': 10.824752807617188}, {'step': 16, 'avg_l2_distance': 2.297764539718628, 'avg_kl_divergence': 8.35865306854248, 'entropy': 10.824745178222656}, {'step': 17, 'avg_l2_distance': 2.297764539718628, 'avg_kl_divergence': 8.35865306854248, 'entropy': 10.824740409851074}, {'step': 18, 'avg_l2_distance': 2.297764539718628, 'avg_kl_divergence': 8.35865306854248, 'entropy': 10.824731826782227}, {'step': 19, 'avg_l2_distance': 2.297764539718628, 'avg_kl_divergence': 8.35865306854248, 'entropy': 10.824723243713379}, {'step': 20, 'avg_l2_distance': 2.297764539718628, 'avg_kl_divergence': 8.35865306854248, 'entropy': 10.824715614318848}, {'step': 21, 'avg_l2_distance': 2.297764539718628, 'avg_kl_divergence': 8.35865306854248, 'entropy': 10.824705123901367}, {'step': 22, 'avg_l2_distance': 2.297764539718628, 'avg_kl_divergence': 8.35865306854248, 'entropy': 10.824694633483887}, {'step': 23, 'avg_l2_distance': 2.297764539718628, 'avg_kl_divergence': 8.35865306854248, 'entropy': 10.82468318939209}, {'step': 24, 'avg_l2_distance': 2.297764539718628, 'avg_kl_divergence': 8.35865306854248, 'entropy': 10.824668884277344}, {'step': 25, 'avg_l2_distance': 2.297764539718628, 'avg_kl_divergence': 8.35865306854248, 'entropy': 10.824653625488281}, {'step': 26, 'avg_l2_distance': 2.297764539718628, 'avg_kl_divergence': 8.35865306854248, 'entropy': 10.824637413024902}, {'step': 27, 'avg_l2_distance': 2.297764539718628, 'avg_kl_divergence': 8.35865306854248, 'entropy': 10.824618339538574}, {'step': 28, 'avg_l2_distance': 2.297764539718628, 'avg_kl_divergence': 8.35865306854248, 'entropy': 10.824596405029297}, {'step': 29, 'avg_l2_distance': 2.297764539718628, 'avg_kl_divergence': 8.35865306854248, 'entropy': 10.82457160949707}, {'step': 30, 'avg_l2_distance': 2.297764539718628, 'avg_kl_divergence': 8.35865306854248, 'entropy': 10.824542999267578}, {'step': 31, 'avg_l2_distance': 1.9349013566970825, 'avg_kl_divergence': 7.071774482727051, 'entropy': 10.824509620666504}, {'step': 32, 'avg_l2_distance': 1.9349013566970825, 'avg_kl_divergence': 7.071774482727051, 'entropy': 10.824377059936523}, {'step': 33, 'avg_l2_distance': 1.9349013566970825, 'avg_kl_divergence': 7.071774482727051, 'entropy': 10.824319839477539}, {'step': 34, 'avg_l2_distance': 1.9349013566970825, 'avg_kl_divergence': 7.071774482727051, 'entropy': 10.82425308227539}, {'step': 35, 'avg_l2_distance': 1.9349013566970825, 'avg_kl_divergence': 7.071774482727051, 'entropy': 10.82417106628418}, {'step': 36, 'avg_l2_distance': 1.9349013566970825, 'avg_kl_divergence': 7.071774482727051, 'entropy': 10.824070930480957}, {'step': 37, 'avg_l2_distance': 1.9349013566970825, 'avg_kl_divergence': 7.071774482727051, 'entropy': 10.823945999145508}, {'step': 38, 'avg_l2_distance': 1.9349013566970825, 'avg_kl_divergence': 7.071774482727051, 'entropy': 10.823792457580566}, {'step': 39, 'avg_l2_distance': 1.9349013566970825, 'avg_kl_divergence': 7.071774482727051, 'entropy': 10.823593139648438}, {'step': 40, 'avg_l2_distance': 1.9349013566970825, 'avg_kl_divergence': 7.071774482727051, 'entropy': 10.82332992553711}, {'step': 41, 'avg_l2_distance': 1.9349013566970825, 'avg_kl_divergence': 7.071774482727051, 'entropy': 10.822975158691406}, {'step': 42, 'avg_l2_distance': 1.928396224975586, 'avg_kl_divergence': 7.373950004577637, 'entropy': 10.822476387023926}, {'step': 43, 'avg_l2_distance': 1.928396224975586, 'avg_kl_divergence': 7.373950004577637, 'entropy': 10.821353912353516}, {'step': 44, 'avg_l2_distance': 1.928396224975586, 'avg_kl_divergence': 7.373950004577637, 'entropy': 10.82004451751709}, {'step': 45, 'avg_l2_distance': 1.3563008308410645, 'avg_kl_divergence': 6.070375442504883, 'entropy': 10.817816734313965}, {'step': 46, 'avg_l2_distance': 1.3563008308410645, 'avg_kl_divergence': 6.070375442504883, 'entropy': 10.812092781066895}, {'step': 47, 'avg_l2_distance': 1.3563008308410645, 'avg_kl_divergence': 6.070375442504883, 'entropy': 10.800477981567383}, {'step': 48, 'avg_l2_distance': 1.3563008308410645, 'avg_kl_divergence': 6.070375442504883, 'entropy': 10.758882522583008}, {'step': 49, 'avg_l2_distance': 1.3563008308410645, 'avg_kl_divergence': 6.070375442504883, 'entropy': 10.208292961120605}]",1.3563008308410645,6.070375442504883,0.0
1,policy,True,"[{'step': 0, 'avg_l2_distance': 2.649306297302246, 'avg_kl_divergence': 4.504688739776611, 'entropy': 10.824836730957031}, {'step': 1, 'avg_l2_distance': 2.649306297302246, 'avg_kl_divergence': 4.504688739776611, 'entropy': 10.8248291015625}, {'step': 2, 'avg_l2_distance': 2.649306297302246, 'avg_kl_divergence': 4.504688739776611, 'entropy': 10.824827194213867}, {'step': 3, 'avg_l2_distance': 2.649306297302246, 'avg_kl_divergence': 4.504688739776611, 'entropy': 10.824825286865234}, {'step': 4, 'avg_l2_distance': 2.649306297302246, 'avg_kl_divergence': 4.504688739776611, 'entropy': 10.824823379516602}, {'step': 5, 'avg_l2_distance': 2.649306297302246, 'avg_kl_divergence': 4.504688739776611, 'entropy': 10.824821472167969}, {'step': 6, 'avg_l2_distance': 2.649306297302246, 'avg_kl_divergence': 4.504688739776611, 'entropy': 10.824819564819336}, {'step': 7, 'avg_l2_distance': 2.649306297302246, 'avg_kl_divergence': 4.504688739776611, 'entropy': 10.824817657470703}, {'step': 8, 'avg_l2_distance': 2.629603147506714, 'avg_kl_divergence': 3.830650568008423, 'entropy': 10.824813842773438}, {'step': 9, 'avg_l2_distance': 2.629603147506714, 'avg_kl_divergence': 3.830650568008423, 'entropy': 10.824820518493652}, {'step': 10, 'avg_l2_distance': 2.629603147506714, 'avg_kl_divergence': 3.830650568008423, 'entropy': 10.824817657470703}, {'step': 11, 'avg_l2_distance': 2.629603147506714, 'avg_kl_divergence': 3.830650568008423, 'entropy': 10.824814796447754}, {'step': 12, 'avg_l2_distance': 2.629603147506714, 'avg_kl_divergence': 3.830650568008423, 'entropy': 10.824810981750488}, {'step': 13, 'avg_l2_distance': 2.629603147506714, 'avg_kl_divergence': 3.830650568008423, 'entropy': 10.824808120727539}, {'step': 14, 'avg_l2_distance': 2.629603147506714, 'avg_kl_divergence': 3.830650568008423, 'entropy': 10.824803352355957}, {'step': 15, 'avg_l2_distance': 2.629603147506714, 'avg_kl_divergence': 3.830650568008423, 'entropy': 10.824799537658691}, {'step': 16, 'avg_l2_distance': 2.629603147506714, 'avg_kl_divergence': 3.830650568008423, 'entropy': 10.82479476928711}, {'step': 17, 'avg_l2_distance': 2.629603147506714, 'avg_kl_divergence': 3.830650568008423, 'entropy': 10.824788093566895}, {'step': 18, 'avg_l2_distance': 2.629603147506714, 'avg_kl_divergence': 3.830650568008423, 'entropy': 10.824783325195312}, {'step': 19, 'avg_l2_distance': 2.629603147506714, 'avg_kl_divergence': 3.830650568008423, 'entropy': 10.824777603149414}, {'step': 20, 'avg_l2_distance': 2.629603147506714, 'avg_kl_divergence': 3.830650568008423, 'entropy': 10.82476806640625}, {'step': 21, 'avg_l2_distance': 2.629603147506714, 'avg_kl_divergence': 3.830650568008423, 'entropy': 10.824761390686035}, {'step': 22, 'avg_l2_distance': 2.629603147506714, 'avg_kl_divergence': 3.830650568008423, 'entropy': 10.824750900268555}, {'step': 23, 'avg_l2_distance': 2.629603147506714, 'avg_kl_divergence': 3.830650568008423, 'entropy': 10.82474136352539}, {'step': 24, 'avg_l2_distance': 2.629603147506714, 'avg_kl_divergence': 3.830650568008423, 'entropy': 10.82473087310791}, {'step': 25, 'avg_l2_distance': 2.629603147506714, 'avg_kl_divergence': 3.830650568008423, 'entropy': 10.82471752166748}, {'step': 26, 'avg_l2_distance': 2.629603147506714, 'avg_kl_divergence': 3.830650568008423, 'entropy': 10.82470417022705}, {'step': 27, 'avg_l2_distance': 2.629603147506714, 'avg_kl_divergence': 3.830650568008423, 'entropy': 10.824687004089355}, {'step': 28, 'avg_l2_distance': 2.629603147506714, 'avg_kl_divergence': 3.830650568008423, 'entropy': 10.824666976928711}, {'step': 29, 'avg_l2_distance': 2.629603147506714, 'avg_kl_divergence': 3.830650568008423, 'entropy': 10.824645042419434}, {'step': 30, 'avg_l2_distance': 2.629603147506714, 'avg_kl_divergence': 3.830650568008423, 'entropy': 10.824620246887207}, {'step': 31, 'avg_l2_distance': 2.629603147506714, 'avg_kl_divergence': 3.830650568008423, 'entropy': 10.824589729309082}, {'step': 32, 'avg_l2_distance': 2.629603147506714, 'avg_kl_divergence': 3.830650568008423, 'entropy': 10.824554443359375}, {'step': 33, 'avg_l2_distance': 2.629603147506714, 'avg_kl_divergence': 3.830650568008423, 'entropy': 10.824512481689453}, {'step': 34, 'avg_l2_distance': 2.629603147506714, 'avg_kl_divergence': 3.830650568008423, 'entropy': 10.824462890625}, {'step': 35, 'avg_l2_distance': 2.629603147506714, 'avg_kl_divergence': 3.830650568008423, 'entropy': 10.824400901794434}, {'step': 36, 'avg_l2_distance': 2.629603147506714, 'avg_kl_divergence': 3.830650568008423, 'entropy': 10.824325561523438}, {'step': 37, 'avg_l2_distance': 2.629603147506714, 'avg_kl_divergence': 3.830650568008423, 'entropy': 10.82423210144043}, {'step': 38, 'avg_l2_distance': 2.629603147506714, 'avg_kl_divergence': 3.830650568008423, 'entropy': 10.824112892150879}, {'step': 39, 'avg_l2_distance': 2.629603147506714, 'avg_kl_divergence': 3.830650568008423, 'entropy': 10.823957443237305}, {'step': 40, 'avg_l2_distance': 2.629603147506714, 'avg_kl_divergence': 3.830650568008423, 'entropy': 10.823753356933594}, {'step': 41, 'avg_l2_distance': 2.629603147506714, 'avg_kl_divergence': 3.830650568008423, 'entropy': 10.823474884033203}, {'step': 42, 'avg_l2_distance': 2.629603147506714, 'avg_kl_divergence': 3.830650568008423, 'entropy': 10.823080062866211}, {'step': 43, 'avg_l2_distance': 2.629603147506714, 'avg_kl_divergence': 3.830650568008423, 'entropy': 10.822497367858887}, {'step': 44, 'avg_l2_distance': 2.629603147506714, 'avg_kl_divergence': 3.830650568008423, 'entropy': 10.821584701538086}, {'step': 45, 'avg_l2_distance': 2.629603147506714, 'avg_kl_divergence': 3.830650568008423, 'entropy': 10.820027351379395}, {'step': 46, 'avg_l2_distance': 2.629603147506714, 'avg_kl_divergence': 3.830650568008423, 'entropy': 10.81702995300293}, {'step': 47, 'avg_l2_distance': 2.629603147506714, 'avg_kl_divergence': 3.830650568008423, 'entropy': 10.809967041015625}, {'step': 48, 'avg_l2_distance': 2.629603147506714, 'avg_kl_divergence': 3.830650568008423, 'entropy': 10.785194396972656}, {'step': 49, 'avg_l2_distance': 2.629603147506714, 'avg_kl_divergence': 3.830650568008423, 'entropy': 10.326848983764648}]",2.629603147506714,3.830650568008423,0.0
2,policy,True,"[{'step': 0, 'avg_l2_distance': 2.328796863555908, 'avg_kl_divergence': 9.316022872924805, 'entropy': 10.824790954589844}, {'step': 1, 'avg_l2_distance': 2.328796863555908, 'avg_kl_divergence': 9.316022872924805, 'entropy': 10.824817657470703}, {'step': 2, 'avg_l2_distance': 2.328796863555908, 'avg_kl_divergence': 9.316022872924805, 'entropy': 10.82481575012207}, {'step': 3, 'avg_l2_distance': 2.328796863555908, 'avg_kl_divergence': 9.316022872924805, 'entropy': 10.824813842773438}, {'step': 4, 'avg_l2_distance': 2.328796863555908, 'avg_kl_divergence': 9.316022872924805, 'entropy': 10.824810981750488}, {'step': 5, 'avg_l2_distance': 2.328796863555908, 'avg_kl_divergence': 9.316022872924805, 'entropy': 10.824808120727539}, {'step': 6, 'avg_l2_distance': 2.328796863555908, 'avg_kl_divergence': 9.316022872924805, 'entropy': 10.824806213378906}, {'step': 7, 'avg_l2_distance': 2.328796863555908, 'avg_kl_divergence': 9.316022872924805, 'entropy': 10.82480239868164}, {'step': 8, 'avg_l2_distance': 2.328796863555908, 'avg_kl_divergence': 9.316022872924805, 'entropy': 10.824800491333008}, {'step': 9, 'avg_l2_distance': 2.328796863555908, 'avg_kl_divergence': 9.316022872924805, 'entropy': 10.824796676635742}, {'step': 10, 'avg_l2_distance': 2.328796863555908, 'avg_kl_divergence': 9.316022872924805, 'entropy': 10.82479190826416}, {'step': 11, 'avg_l2_distance': 2.328796863555908, 'avg_kl_divergence': 9.316022872924805, 'entropy': 10.824789047241211}, {'step': 12, 'avg_l2_distance': 2.328796863555908, 'avg_kl_divergence': 9.316022872924805, 'entropy': 10.824785232543945}, {'step': 13, 'avg_l2_distance': 2.328796863555908, 'avg_kl_divergence': 9.316022872924805, 'entropy': 10.824779510498047}, {'step': 14, 'avg_l2_distance': 2.328796863555908, 'avg_kl_divergence': 9.316022872924805, 'entropy': 10.824773788452148}, {'step': 15, 'avg_l2_distance': 2.328796863555908, 'avg_kl_divergence': 9.316022872924805, 'entropy': 10.824769020080566}, {'step': 16, 'avg_l2_distance': 2.328796863555908, 'avg_kl_divergence': 9.316022872924805, 'entropy': 10.824762344360352}, {'step': 17, 'avg_l2_distance': 2.328796863555908, 'avg_kl_divergence': 9.316022872924805, 'entropy': 10.824756622314453}, {'step': 18, 'avg_l2_distance': 2.328796863555908, 'avg_kl_divergence': 9.316022872924805, 'entropy': 10.824748992919922}, {'step': 19, 'avg_l2_distance': 2.328796863555908, 'avg_kl_divergence': 9.316022872924805, 'entropy': 10.824742317199707}, {'step': 20, 'avg_l2_distance': 2.328796863555908, 'avg_kl_divergence': 9.316022872924805, 'entropy': 10.824732780456543}, {'step': 21, 'avg_l2_distance': 2.328796863555908, 'avg_kl_divergence': 9.316022872924805, 'entropy': 10.824722290039062}, {'step': 22, 'avg_l2_distance': 2.328796863555908, 'avg_kl_divergence': 9.316022872924805, 'entropy': 10.824712753295898}, {'step': 23, 'avg_l2_distance': 2.328796863555908, 'avg_kl_divergence': 9.316022872924805, 'entropy': 10.824700355529785}, {'step': 24, 'avg_l2_distance': 2.328796863555908, 'avg_kl_divergence': 9.316022872924805, 'entropy': 10.824686050415039}, {'step': 25, 'avg_l2_distance': 2.328796863555908, 'avg_kl_divergence': 9.316022872924805, 'entropy': 10.824670791625977}, {'step': 26, 'avg_l2_distance': 2.141526222229004, 'avg_kl_divergence': 5.3080244064331055, 'entropy': 10.824653625488281}, {'step': 27, 'avg_l2_distance': 2.141526222229004, 'avg_kl_divergence': 5.3080244064331055, 'entropy': 10.824590682983398}, {'step': 28, 'avg_l2_distance': 2.141526222229004, 'avg_kl_divergence': 5.3080244064331055, 'entropy': 10.824565887451172}, {'step': 29, 'avg_l2_distance': 2.141526222229004, 'avg_kl_divergence': 5.3080244064331055, 'entropy': 10.82453727722168}, {'step': 30, 'avg_l2_distance': 2.141526222229004, 'avg_kl_divergence': 5.3080244064331055, 'entropy': 10.824504852294922}, {'step': 31, 'avg_l2_distance': 2.141526222229004, 'avg_kl_divergence': 5.3080244064331055, 'entropy': 10.824464797973633}, {'step': 32, 'avg_l2_distance': 2.141526222229004, 'avg_kl_divergence': 5.3080244064331055, 'entropy': 10.824421882629395}, {'step': 33, 'avg_l2_distance': 2.141526222229004, 'avg_kl_divergence': 5.3080244064331055, 'entropy': 10.824369430541992}, {'step': 34, 'avg_l2_distance': 2.141526222229004, 'avg_kl_divergence': 5.3080244064331055, 'entropy': 10.824307441711426}, {'step': 35, 'avg_l2_distance': 2.141526222229004, 'avg_kl_divergence': 5.3080244064331055, 'entropy': 10.82423210144043}, {'step': 36, 'avg_l2_distance': 2.141526222229004, 'avg_kl_divergence': 5.3080244064331055, 'entropy': 10.824140548706055}, {'step': 37, 'avg_l2_distance': 2.141526222229004, 'avg_kl_divergence': 5.3080244064331055, 'entropy': 10.82402515411377}, {'step': 38, 'avg_l2_distance': 2.141526222229004, 'avg_kl_divergence': 5.3080244064331055, 'entropy': 10.823882102966309}, {'step': 39, 'avg_l2_distance': 2.141526222229004, 'avg_kl_divergence': 5.3080244064331055, 'entropy': 10.823698043823242}, {'step': 40, 'avg_l2_distance': 2.141526222229004, 'avg_kl_divergence': 5.3080244064331055, 'entropy': 10.823455810546875}, {'step': 41, 'avg_l2_distance': 2.141526222229004, 'avg_kl_divergence': 5.3080244064331055, 'entropy': 10.823127746582031}, {'step': 42, 'avg_l2_distance': 2.141526222229004, 'avg_kl_divergence': 5.3080244064331055, 'entropy': 10.822665214538574}, {'step': 43, 'avg_l2_distance': 1.7919729948043823, 'avg_kl_divergence': 14.107962608337402, 'entropy': 10.82198715209961}, {'step': 44, 'avg_l2_distance': 1.7919729948043823, 'avg_kl_divergence': 14.107962608337402, 'entropy': 10.819674491882324}, {'step': 45, 'avg_l2_distance': 1.7919729948043823, 'avg_kl_divergence': 14.107962608337402, 'entropy': 10.817294120788574}, {'step': 46, 'avg_l2_distance': 1.7919729948043823, 'avg_kl_divergence': 14.107962608337402, 'entropy': 10.812716484069824}, {'step': 47, 'avg_l2_distance': 1.7919729948043823, 'avg_kl_divergence': 14.107962608337402, 'entropy': 10.801896095275879}, {'step': 48, 'avg_l2_distance': 1.7919729948043823, 'avg_kl_divergence': 14.107962608337402, 'entropy': 10.763727188110352}, {'step': 49, 'avg_l2_distance': 2.2037203311920166, 'avg_kl_divergence': 5.5386962890625, 'entropy': 10.269567489624023}]",2.2037203311920166,5.5386962890625,0.0
3,policy,True,"[{'step': 0, 'avg_l2_distance': 3.0309560298919678, 'avg_kl_divergence': 12.356574058532715, 'entropy': 10.824825286865234}, {'step': 1, 'avg_l2_distance': 3.0309560298919678, 'avg_kl_divergence': 12.356574058532715, 'entropy': 10.824809074401855}, {'step': 2, 'avg_l2_distance': 2.7571334838867188, 'avg_kl_divergence': 10.788490295410156, 'entropy': 10.824806213378906}, {'step': 3, 'avg_l2_distance': 2.6781277656555176, 'avg_kl_divergence': 13.618456840515137, 'entropy': 10.8248291015625}, {'step': 4, 'avg_l2_distance': 2.7237470149993896, 'avg_kl_divergence': 14.728816032409668, 'entropy': 10.824828147888184}, {'step': 5, 'avg_l2_distance': 2.7237470149993896, 'avg_kl_divergence': 14.728816032409668, 'entropy': 10.824813842773438}, {'step': 6, 'avg_l2_distance': 2.7237470149993896, 'avg_kl_divergence': 14.728816032409668, 'entropy': 10.824810028076172}, {'step': 7, 'avg_l2_distance': 2.7237470149993896, 'avg_kl_divergence': 14.728816032409668, 'entropy': 10.824807167053223}, {'step': 8, 'avg_l2_distance': 2.613001823425293, 'avg_kl_divergence': 10.301921844482422, 'entropy': 10.824804306030273}, {'step': 9, 'avg_l2_distance': 2.613001823425293, 'avg_kl_divergence': 10.301921844482422, 'entropy': 10.824808120727539}, {'step': 10, 'avg_l2_distance': 2.7121341228485107, 'avg_kl_divergence': 6.639143943786621, 'entropy': 10.824806213378906}, {'step': 11, 'avg_l2_distance': 2.7121341228485107, 'avg_kl_divergence': 6.639143943786621, 'entropy': 10.82478141784668}, {'step': 12, 'avg_l2_distance': 2.7121341228485107, 'avg_kl_divergence': 6.639143943786621, 'entropy': 10.824776649475098}, {'step': 13, 'avg_l2_distance': 2.7121341228485107, 'avg_kl_divergence': 6.639143943786621, 'entropy': 10.824771881103516}, {'step': 14, 'avg_l2_distance': 2.7121341228485107, 'avg_kl_divergence': 6.639143943786621, 'entropy': 10.824766159057617}, {'step': 15, 'avg_l2_distance': 2.7121341228485107, 'avg_kl_divergence': 6.639143943786621, 'entropy': 10.824760437011719}, {'step': 16, 'avg_l2_distance': 2.7121341228485107, 'avg_kl_divergence': 6.639143943786621, 'entropy': 10.824753761291504}, {'step': 17, 'avg_l2_distance': 2.7121341228485107, 'avg_kl_divergence': 6.639143943786621, 'entropy': 10.824745178222656}, {'step': 18, 'avg_l2_distance': 2.7121341228485107, 'avg_kl_divergence': 6.639143943786621, 'entropy': 10.824739456176758}, {'step': 19, 'avg_l2_distance': 2.7121341228485107, 'avg_kl_divergence': 6.639143943786621, 'entropy': 10.824729919433594}, {'step': 20, 'avg_l2_distance': 2.9298603534698486, 'avg_kl_divergence': 6.658847808837891, 'entropy': 10.82472038269043}, {'step': 21, 'avg_l2_distance': 2.9298603534698486, 'avg_kl_divergence': 6.658847808837891, 'entropy': 10.824716567993164}, {'step': 22, 'avg_l2_distance': 2.9298603534698486, 'avg_kl_divergence': 6.658847808837891, 'entropy': 10.82470703125}, {'step': 23, 'avg_l2_distance': 2.9298603534698486, 'avg_kl_divergence': 6.658847808837891, 'entropy': 10.824695587158203}, {'step': 24, 'avg_l2_distance': 2.9298603534698486, 'avg_kl_divergence': 6.658847808837891, 'entropy': 10.824684143066406}, {'step': 25, 'avg_l2_distance': 2.9298603534698486, 'avg_kl_divergence': 6.658847808837891, 'entropy': 10.824670791625977}, {'step': 26, 'avg_l2_distance': 2.9298603534698486, 'avg_kl_divergence': 6.658847808837891, 'entropy': 10.824655532836914}, {'step': 27, 'avg_l2_distance': 2.9298603534698486, 'avg_kl_divergence': 6.658847808837891, 'entropy': 10.824640274047852}, {'step': 28, 'avg_l2_distance': 2.9298603534698486, 'avg_kl_divergence': 6.658847808837891, 'entropy': 10.824620246887207}, {'step': 29, 'avg_l2_distance': 2.9298603534698486, 'avg_kl_divergence': 6.658847808837891, 'entropy': 10.82459831237793}, {'step': 30, 'avg_l2_distance': 2.9298603534698486, 'avg_kl_divergence': 6.658847808837891, 'entropy': 10.82457447052002}, {'step': 31, 'avg_l2_distance': 2.9298603534698486, 'avg_kl_divergence': 6.658847808837891, 'entropy': 10.824546813964844}, {'step': 32, 'avg_l2_distance': 2.9298603534698486, 'avg_kl_divergence': 6.658847808837891, 'entropy': 10.824512481689453}, {'step': 33, 'avg_l2_distance': 2.9298603534698486, 'avg_kl_divergence': 6.658847808837891, 'entropy': 10.824472427368164}, {'step': 34, 'avg_l2_distance': 2.9298603534698486, 'avg_kl_divergence': 6.658847808837891, 'entropy': 10.824426651000977}, {'step': 35, 'avg_l2_distance': 2.9298603534698486, 'avg_kl_divergence': 6.658847808837891, 'entropy': 10.824369430541992}, {'step': 36, 'avg_l2_distance': 2.9298603534698486, 'avg_kl_divergence': 6.658847808837891, 'entropy': 10.824301719665527}, {'step': 37, 'avg_l2_distance': 2.9298603534698486, 'avg_kl_divergence': 6.658847808837891, 'entropy': 10.824216842651367}, {'step': 38, 'avg_l2_distance': 2.9298603534698486, 'avg_kl_divergence': 6.658847808837891, 'entropy': 10.824110984802246}, {'step': 39, 'avg_l2_distance': 2.9298603534698486, 'avg_kl_divergence': 6.658847808837891, 'entropy': 10.823976516723633}, {'step': 40, 'avg_l2_distance': 2.9298603534698486, 'avg_kl_divergence': 6.658847808837891, 'entropy': 10.823799133300781}, {'step': 41, 'avg_l2_distance': 2.9298603534698486, 'avg_kl_divergence': 6.658847808837891, 'entropy': 10.82356071472168}, {'step': 42, 'avg_l2_distance': 2.9298603534698486, 'avg_kl_divergence': 6.658847808837891, 'entropy': 10.823225975036621}, {'step': 43, 'avg_l2_distance': 2.9298603534698486, 'avg_kl_divergence': 6.658847808837891, 'entropy': 10.822735786437988}, {'step': 44, 'avg_l2_distance': 2.9298603534698486, 'avg_kl_divergence': 6.658847808837891, 'entropy': 10.821978569030762}, {'step': 45, 'avg_l2_distance': 2.9298603534698486, 'avg_kl_divergence': 6.658847808837891, 'entropy': 10.820697784423828}, {'step': 46, 'avg_l2_distance': 2.9298603534698486, 'avg_kl_divergence': 6.658847808837891, 'entropy': 10.818256378173828}, {'step': 47, 'avg_l2_distance': 2.9298603534698486, 'avg_kl_divergence': 6.658847808837891, 'entropy': 10.812541007995605}, {'step': 48, 'avg_l2_distance': 2.9298603534698486, 'avg_kl_divergence': 6.658847808837891, 'entropy': 10.792344093322754}, {'step': 49, 'avg_l2_distance': 2.9298603534698486, 'avg_kl_divergence': 6.658847808837891, 'entropy': 9.95770263671875}]",2.9298603534698486,6.658847808837891,0.0
4,policy,True,"[{'step': 0, 'avg_l2_distance': 2.7552363872528076, 'avg_kl_divergence': 16.71847915649414, 'entropy': 10.82484245300293}, {'step': 1, 'avg_l2_distance': 2.7552363872528076, 'avg_kl_divergence': 16.71847915649414, 'entropy': 10.824840545654297}, {'step': 2, 'avg_l2_distance': 2.7552363872528076, 'avg_kl_divergence': 16.71847915649414, 'entropy': 10.824838638305664}, {'step': 3, 'avg_l2_distance': 2.7552363872528076, 'avg_kl_divergence': 16.71847915649414, 'entropy': 10.824836730957031}, {'step': 4, 'avg_l2_distance': 2.7552363872528076, 'avg_kl_divergence': 16.71847915649414, 'entropy': 10.824834823608398}, {'step': 5, 'avg_l2_distance': 2.7552363872528076, 'avg_kl_divergence': 16.71847915649414, 'entropy': 10.824832916259766}, {'step': 6, 'avg_l2_distance': 2.7552363872528076, 'avg_kl_divergence': 16.71847915649414, 'entropy': 10.824831008911133}, {'step': 7, 'avg_l2_distance': 2.7552363872528076, 'avg_kl_divergence': 16.71847915649414, 'entropy': 10.8248291015625}, {'step': 8, 'avg_l2_distance': 2.7552363872528076, 'avg_kl_divergence': 16.71847915649414, 'entropy': 10.824825286865234}, {'step': 9, 'avg_l2_distance': 2.7552363872528076, 'avg_kl_divergence': 16.71847915649414, 'entropy': 10.824822425842285}, {'step': 10, 'avg_l2_distance': 2.7552363872528076, 'avg_kl_divergence': 16.71847915649414, 'entropy': 10.824821472167969}, {'step': 11, 'avg_l2_distance': 2.6962921619415283, 'avg_kl_divergence': 19.27921485900879, 'entropy': 10.824817657470703}, {'step': 12, 'avg_l2_distance': 2.6962921619415283, 'avg_kl_divergence': 19.27921485900879, 'entropy': 10.824806213378906}, {'step': 13, 'avg_l2_distance': 2.6962921619415283, 'avg_kl_divergence': 19.27921485900879, 'entropy': 10.82480239868164}, {'step': 14, 'avg_l2_distance': 2.6962921619415283, 'avg_kl_divergence': 19.27921485900879, 'entropy': 10.824798583984375}, {'step': 15, 'avg_l2_distance': 2.6962921619415283, 'avg_kl_divergence': 19.27921485900879, 'entropy': 10.824793815612793}, {'step': 16, 'avg_l2_distance': 2.6962921619415283, 'avg_kl_divergence': 19.27921485900879, 'entropy': 10.824789047241211}, {'step': 17, 'avg_l2_distance': 2.6101088523864746, 'avg_kl_divergence': 21.9803409576416, 'entropy': 10.824785232543945}, {'step': 18, 'avg_l2_distance': 2.6101088523864746, 'avg_kl_divergence': 21.9803409576416, 'entropy': 10.824728012084961}, {'step': 19, 'avg_l2_distance': 2.6101088523864746, 'avg_kl_divergence': 21.9803409576416, 'entropy': 10.824719429016113}, {'step': 20, 'avg_l2_distance': 2.6101088523864746, 'avg_kl_divergence': 21.9803409576416, 'entropy': 10.824710845947266}, {'step': 21, 'avg_l2_distance': 2.6101088523864746, 'avg_kl_divergence': 21.9803409576416, 'entropy': 10.824700355529785}, {'step': 22, 'avg_l2_distance': 2.6101088523864746, 'avg_kl_divergence': 21.9803409576416, 'entropy': 10.824687957763672}, {'step': 23, 'avg_l2_distance': 2.6101088523864746, 'avg_kl_divergence': 21.9803409576416, 'entropy': 10.824676513671875}, {'step': 24, 'avg_l2_distance': 2.6101088523864746, 'avg_kl_divergence': 21.9803409576416, 'entropy': 10.824663162231445}, {'step': 25, 'avg_l2_distance': 2.6101088523864746, 'avg_kl_divergence': 21.9803409576416, 'entropy': 10.82464599609375}, {'step': 26, 'avg_l2_distance': 2.6101088523864746, 'avg_kl_divergence': 21.9803409576416, 'entropy': 10.824628829956055}, {'step': 27, 'avg_l2_distance': 2.6101088523864746, 'avg_kl_divergence': 21.9803409576416, 'entropy': 10.824609756469727}, {'step': 28, 'avg_l2_distance': 2.6101088523864746, 'avg_kl_divergence': 21.9803409576416, 'entropy': 10.82458782196045}, {'step': 29, 'avg_l2_distance': 2.6101088523864746, 'avg_kl_divergence': 21.9803409576416, 'entropy': 10.824562072753906}, {'step': 30, 'avg_l2_distance': 2.6101088523864746, 'avg_kl_divergence': 21.9803409576416, 'entropy': 10.824533462524414}, {'step': 31, 'avg_l2_distance': 2.6101088523864746, 'avg_kl_divergence': 21.9803409576416, 'entropy': 10.824499130249023}, {'step': 32, 'avg_l2_distance': 2.6101088523864746, 'avg_kl_divergence': 21.9803409576416, 'entropy': 10.824459075927734}, {'step': 33, 'avg_l2_distance': 2.6101088523864746, 'avg_kl_divergence': 21.9803409576416, 'entropy': 10.824411392211914}, {'step': 34, 'avg_l2_distance': 2.6101088523864746, 'avg_kl_divergence': 21.9803409576416, 'entropy': 10.824356079101562}, {'step': 35, 'avg_l2_distance': 2.695214033126831, 'avg_kl_divergence': 12.703014373779297, 'entropy': 10.824288368225098}, {'step': 36, 'avg_l2_distance': 2.695214033126831, 'avg_kl_divergence': 12.703014373779297, 'entropy': 10.824312210083008}, {'step': 37, 'avg_l2_distance': 2.895772695541382, 'avg_kl_divergence': 22.710968017578125, 'entropy': 10.824226379394531}, {'step': 38, 'avg_l2_distance': 2.895772695541382, 'avg_kl_divergence': 22.710968017578125, 'entropy': 10.824222564697266}, {'step': 39, 'avg_l2_distance': 2.895772695541382, 'avg_kl_divergence': 22.710968017578125, 'entropy': 10.824094772338867}, {'step': 40, 'avg_l2_distance': 2.895772695541382, 'avg_kl_divergence': 22.710968017578125, 'entropy': 10.823923110961914}, {'step': 41, 'avg_l2_distance': 2.895772695541382, 'avg_kl_divergence': 22.710968017578125, 'entropy': 10.823692321777344}, {'step': 42, 'avg_l2_distance': 2.895772695541382, 'avg_kl_divergence': 22.710968017578125, 'entropy': 10.823366165161133}, {'step': 43, 'avg_l2_distance': 2.895772695541382, 'avg_kl_divergence': 22.710968017578125, 'entropy': 10.822885513305664}, {'step': 44, 'avg_l2_distance': 2.895772695541382, 'avg_kl_divergence': 22.710968017578125, 'entropy': 10.822131156921387}, {'step': 45, 'avg_l2_distance': 2.895772695541382, 'avg_kl_divergence': 22.710968017578125, 'entropy': 10.820850372314453}, {'step': 46, 'avg_l2_distance': 2.895772695541382, 'avg_kl_divergence': 22.710968017578125, 'entropy': 10.818389892578125}, {'step': 47, 'avg_l2_distance': 2.895772695541382, 'avg_kl_divergence': 22.710968017578125, 'entropy': 10.812604904174805}, {'step': 48, 'avg_l2_distance': 2.895772695541382, 'avg_kl_divergence': 22.710968017578125, 'entropy': 10.792182922363281}, {'step': 49, 'avg_l2_distance': 2.895772695541382, 'avg_kl_divergence': 22.710968017578125, 'entropy': 9.799169540405273}]",2.895772695541382,22.710968017578125,0.0
5,policy,True,"[{'step': 0, 'avg_l2_distance': 2.6479947566986084, 'avg_kl_divergence': 19.155811309814453, 'entropy': 10.82479190826416}, {'step': 1, 'avg_l2_distance': 2.7172787189483643, 'avg_kl_divergence': 14.314510345458984, 'entropy': 10.824789047241211}, {'step': 2, 'avg_l2_distance': 2.7172787189483643, 'avg_kl_divergence': 14.314510345458984, 'entropy': 10.82483959197998}, {'step': 3, 'avg_l2_distance': 2.7172787189483643, 'avg_kl_divergence': 14.314510345458984, 'entropy': 10.824837684631348}, {'step': 4, 'avg_l2_distance': 2.7172787189483643, 'avg_kl_divergence': 14.314510345458984, 'entropy': 10.824834823608398}, {'step': 5, 'avg_l2_distance': 2.7172787189483643, 'avg_kl_divergence': 14.314510345458984, 'entropy': 10.824834823608398}, {'step': 6, 'avg_l2_distance': 2.7172787189483643, 'avg_kl_divergence': 14.314510345458984, 'entropy': 10.82483196258545}, {'step': 7, 'avg_l2_distance': 2.7172787189483643, 'avg_kl_divergence': 14.314510345458984, 'entropy': 10.8248291015625}, {'step': 8, 'avg_l2_distance': 2.7172787189483643, 'avg_kl_divergence': 14.314510345458984, 'entropy': 10.824827194213867}, {'step': 9, 'avg_l2_distance': 2.7172787189483643, 'avg_kl_divergence': 14.314510345458984, 'entropy': 10.824824333190918}, {'step': 10, 'avg_l2_distance': 2.7172787189483643, 'avg_kl_divergence': 14.314510345458984, 'entropy': 10.824821472167969}, {'step': 11, 'avg_l2_distance': 2.7172787189483643, 'avg_kl_divergence': 14.314510345458984, 'entropy': 10.82481861114502}, {'step': 12, 'avg_l2_distance': 2.7172787189483643, 'avg_kl_divergence': 14.314510345458984, 'entropy': 10.824814796447754}, {'step': 13, 'avg_l2_distance': 2.7172787189483643, 'avg_kl_divergence': 14.314510345458984, 'entropy': 10.824810028076172}, {'step': 14, 'avg_l2_distance': 2.7172787189483643, 'avg_kl_divergence': 14.314510345458984, 'entropy': 10.824807167053223}, {'step': 15, 'avg_l2_distance': 2.7172787189483643, 'avg_kl_divergence': 14.314510345458984, 'entropy': 10.82480239868164}, {'step': 16, 'avg_l2_distance': 2.2908122539520264, 'avg_kl_divergence': 15.957059860229492, 'entropy': 10.824798583984375}, {'step': 17, 'avg_l2_distance': 3.09134578704834, 'avg_kl_divergence': 12.932977676391602, 'entropy': 10.82476806640625}, {'step': 18, 'avg_l2_distance': 3.09134578704834, 'avg_kl_divergence': 12.932977676391602, 'entropy': 10.824797630310059}, {'step': 19, 'avg_l2_distance': 2.9621975421905518, 'avg_kl_divergence': 14.912227630615234, 'entropy': 10.824792861938477}, {'step': 20, 'avg_l2_distance': 2.9621975421905518, 'avg_kl_divergence': 14.912227630615234, 'entropy': 10.824758529663086}, {'step': 21, 'avg_l2_distance': 2.9621975421905518, 'avg_kl_divergence': 14.912227630615234, 'entropy': 10.824752807617188}, {'step': 22, 'avg_l2_distance': 2.9621975421905518, 'avg_kl_divergence': 14.912227630615234, 'entropy': 10.824745178222656}, {'step': 23, 'avg_l2_distance': 2.9621975421905518, 'avg_kl_divergence': 14.912227630615234, 'entropy': 10.824737548828125}, {'step': 24, 'avg_l2_distance': 2.9621975421905518, 'avg_kl_divergence': 14.912227630615234, 'entropy': 10.824728012084961}, {'step': 25, 'avg_l2_distance': 2.9621975421905518, 'avg_kl_divergence': 14.912227630615234, 'entropy': 10.82471752166748}, {'step': 26, 'avg_l2_distance': 2.9621975421905518, 'avg_kl_divergence': 14.912227630615234, 'entropy': 10.82470703125}, {'step': 27, 'avg_l2_distance': 2.9621975421905518, 'avg_kl_divergence': 14.912227630615234, 'entropy': 10.82469367980957}, {'step': 28, 'avg_l2_distance': 2.9621975421905518, 'avg_kl_divergence': 14.912227630615234, 'entropy': 10.824679374694824}, {'step': 29, 'avg_l2_distance': 2.9621975421905518, 'avg_kl_divergence': 14.912227630615234, 'entropy': 10.824662208557129}, {'step': 30, 'avg_l2_distance': 2.9621975421905518, 'avg_kl_divergence': 14.912227630615234, 'entropy': 10.824642181396484}, {'step': 31, 'avg_l2_distance': 2.9621975421905518, 'avg_kl_divergence': 14.912227630615234, 'entropy': 10.824620246887207}, {'step': 32, 'avg_l2_distance': 2.9621975421905518, 'avg_kl_divergence': 14.912227630615234, 'entropy': 10.824594497680664}, {'step': 33, 'avg_l2_distance': 2.9621975421905518, 'avg_kl_divergence': 14.912227630615234, 'entropy': 10.824563980102539}, {'step': 34, 'avg_l2_distance': 2.9621975421905518, 'avg_kl_divergence': 14.912227630615234, 'entropy': 10.824525833129883}, {'step': 35, 'avg_l2_distance': 2.9621975421905518, 'avg_kl_divergence': 14.912227630615234, 'entropy': 10.824480056762695}, {'step': 36, 'avg_l2_distance': 2.9621975421905518, 'avg_kl_divergence': 14.912227630615234, 'entropy': 10.824426651000977}, {'step': 37, 'avg_l2_distance': 2.9621975421905518, 'avg_kl_divergence': 14.912227630615234, 'entropy': 10.824357986450195}, {'step': 38, 'avg_l2_distance': 2.9621975421905518, 'avg_kl_divergence': 14.912227630615234, 'entropy': 10.824273109436035}, {'step': 39, 'avg_l2_distance': 2.9621975421905518, 'avg_kl_divergence': 14.912227630615234, 'entropy': 10.824162483215332}, {'step': 40, 'avg_l2_distance': 2.9621975421905518, 'avg_kl_divergence': 14.912227630615234, 'entropy': 10.824016571044922}, {'step': 41, 'avg_l2_distance': 2.9621975421905518, 'avg_kl_divergence': 14.912227630615234, 'entropy': 10.823819160461426}, {'step': 42, 'avg_l2_distance': 2.9621975421905518, 'avg_kl_divergence': 14.912227630615234, 'entropy': 10.823541641235352}, {'step': 43, 'avg_l2_distance': 2.9621975421905518, 'avg_kl_divergence': 14.912227630615234, 'entropy': 10.823131561279297}, {'step': 44, 'avg_l2_distance': 2.9621975421905518, 'avg_kl_divergence': 14.912227630615234, 'entropy': 10.822488784790039}, {'step': 45, 'avg_l2_distance': 2.9621975421905518, 'avg_kl_divergence': 14.912227630615234, 'entropy': 10.821393966674805}, {'step': 46, 'avg_l2_distance': 2.9621975421905518, 'avg_kl_divergence': 14.912227630615234, 'entropy': 10.819281578063965}, {'step': 47, 'avg_l2_distance': 2.9621975421905518, 'avg_kl_divergence': 14.912227630615234, 'entropy': 10.814271926879883}, {'step': 48, 'avg_l2_distance': 2.9621975421905518, 'avg_kl_divergence': 14.912227630615234, 'entropy': 10.796217918395996}, {'step': 49, 'avg_l2_distance': 2.9621975421905518, 'avg_kl_divergence': 14.912227630615234, 'entropy': 9.772759437561035}]",2.9621975421905518,14.912227630615234,0.0
6,policy,True,"[{'step': 0, 'avg_l2_distance': 2.399108409881592, 'avg_kl_divergence': 7.783294677734375, 'entropy': 10.824848175048828}, {'step': 1, 'avg_l2_distance': 2.399108409881592, 'avg_kl_divergence': 7.783294677734375, 'entropy': 10.824832916259766}, {'step': 2, 'avg_l2_distance': 2.399108409881592, 'avg_kl_divergence': 7.783294677734375, 'entropy': 10.824831008911133}, {'step': 3, 'avg_l2_distance': 2.399108409881592, 'avg_kl_divergence': 7.783294677734375, 'entropy': 10.824831008911133}, {'step': 4, 'avg_l2_distance': 2.399108409881592, 'avg_kl_divergence': 7.783294677734375, 'entropy': 10.8248291015625}, {'step': 5, 'avg_l2_distance': 2.399108409881592, 'avg_kl_divergence': 7.783294677734375, 'entropy': 10.824825286865234}, {'step': 6, 'avg_l2_distance': 2.5884480476379395, 'avg_kl_divergence': 2.705726385116577, 'entropy': 10.824823379516602}, {'step': 7, 'avg_l2_distance': 2.331817865371704, 'avg_kl_divergence': 3.4953525066375732, 'entropy': 10.824820518493652}, {'step': 8, 'avg_l2_distance': 2.331817865371704, 'avg_kl_divergence': 3.4953525066375732, 'entropy': 10.824798583984375}, {'step': 9, 'avg_l2_distance': 2.331817865371704, 'avg_kl_divergence': 3.4953525066375732, 'entropy': 10.82479476928711}, {'step': 10, 'avg_l2_distance': 2.331817865371704, 'avg_kl_divergence': 3.4953525066375732, 'entropy': 10.824790954589844}, {'step': 11, 'avg_l2_distance': 2.331817865371704, 'avg_kl_divergence': 3.4953525066375732, 'entropy': 10.824787139892578}, {'step': 12, 'avg_l2_distance': 2.331817865371704, 'avg_kl_divergence': 3.4953525066375732, 'entropy': 10.824782371520996}, {'step': 13, 'avg_l2_distance': 2.358671188354492, 'avg_kl_divergence': 3.774012804031372, 'entropy': 10.824777603149414}, {'step': 14, 'avg_l2_distance': 2.358671188354492, 'avg_kl_divergence': 3.774012804031372, 'entropy': 10.824777603149414}, {'step': 15, 'avg_l2_distance': 2.358671188354492, 'avg_kl_divergence': 3.774012804031372, 'entropy': 10.824771881103516}, {'step': 16, 'avg_l2_distance': 2.358671188354492, 'avg_kl_divergence': 3.774012804031372, 'entropy': 10.824766159057617}, {'step': 17, 'avg_l2_distance': 2.358671188354492, 'avg_kl_divergence': 3.774012804031372, 'entropy': 10.82475757598877}, {'step': 18, 'avg_l2_distance': 2.358671188354492, 'avg_kl_divergence': 3.774012804031372, 'entropy': 10.824749946594238}, {'step': 19, 'avg_l2_distance': 2.3944742679595947, 'avg_kl_divergence': 2.6531336307525635, 'entropy': 10.824740409851074}, {'step': 20, 'avg_l2_distance': 2.3944742679595947, 'avg_kl_divergence': 2.6531336307525635, 'entropy': 10.824726104736328}, {'step': 21, 'avg_l2_distance': 2.3944742679595947, 'avg_kl_divergence': 2.6531336307525635, 'entropy': 10.824716567993164}, {'step': 22, 'avg_l2_distance': 2.3944742679595947, 'avg_kl_divergence': 2.6531336307525635, 'entropy': 10.824705123901367}, {'step': 23, 'avg_l2_distance': 2.3944742679595947, 'avg_kl_divergence': 2.6531336307525635, 'entropy': 10.824692726135254}, {'step': 24, 'avg_l2_distance': 2.3944742679595947, 'avg_kl_divergence': 2.6531336307525635, 'entropy': 10.82468032836914}, {'step': 25, 'avg_l2_distance': 2.3944742679595947, 'avg_kl_divergence': 2.6531336307525635, 'entropy': 10.824664115905762}, {'step': 26, 'avg_l2_distance': 2.3944742679595947, 'avg_kl_divergence': 2.6531336307525635, 'entropy': 10.824646949768066}, {'step': 27, 'avg_l2_distance': 2.3944742679595947, 'avg_kl_divergence': 2.6531336307525635, 'entropy': 10.824626922607422}, {'step': 28, 'avg_l2_distance': 2.3944742679595947, 'avg_kl_divergence': 2.6531336307525635, 'entropy': 10.824604988098145}, {'step': 29, 'avg_l2_distance': 2.3944742679595947, 'avg_kl_divergence': 2.6531336307525635, 'entropy': 10.824579238891602}, {'step': 30, 'avg_l2_distance': 2.3944742679595947, 'avg_kl_divergence': 2.6531336307525635, 'entropy': 10.824551582336426}, {'step': 31, 'avg_l2_distance': 2.3944742679595947, 'avg_kl_divergence': 2.6531336307525635, 'entropy': 10.824516296386719}, {'step': 32, 'avg_l2_distance': 2.3944742679595947, 'avg_kl_divergence': 2.6531336307525635, 'entropy': 10.82447624206543}, {'step': 33, 'avg_l2_distance': 2.3944742679595947, 'avg_kl_divergence': 2.6531336307525635, 'entropy': 10.824430465698242}, {'step': 34, 'avg_l2_distance': 2.3944742679595947, 'avg_kl_divergence': 2.6531336307525635, 'entropy': 10.82437515258789}, {'step': 35, 'avg_l2_distance': 2.3944742679595947, 'avg_kl_divergence': 2.6531336307525635, 'entropy': 10.824305534362793}, {'step': 36, 'avg_l2_distance': 2.3944742679595947, 'avg_kl_divergence': 2.6531336307525635, 'entropy': 10.824222564697266}, {'step': 37, 'avg_l2_distance': 2.3944742679595947, 'avg_kl_divergence': 2.6531336307525635, 'entropy': 10.82412052154541}, {'step': 38, 'avg_l2_distance': 2.3944742679595947, 'avg_kl_divergence': 2.6531336307525635, 'entropy': 10.823990821838379}, {'step': 39, 'avg_l2_distance': 2.3944742679595947, 'avg_kl_divergence': 2.6531336307525635, 'entropy': 10.823823928833008}, {'step': 40, 'avg_l2_distance': 2.3944742679595947, 'avg_kl_divergence': 2.6531336307525635, 'entropy': 10.823604583740234}, {'step': 41, 'avg_l2_distance': 2.3944742679595947, 'avg_kl_divergence': 2.6531336307525635, 'entropy': 10.8233060836792}, {'step': 42, 'avg_l2_distance': 2.3944742679595947, 'avg_kl_divergence': 2.6531336307525635, 'entropy': 10.822887420654297}, {'step': 43, 'avg_l2_distance': 2.3944742679595947, 'avg_kl_divergence': 2.6531336307525635, 'entropy': 10.822270393371582}, {'step': 44, 'avg_l2_distance': 2.3944742679595947, 'avg_kl_divergence': 2.6531336307525635, 'entropy': 10.821304321289062}, {'step': 45, 'avg_l2_distance': 2.3944742679595947, 'avg_kl_divergence': 2.6531336307525635, 'entropy': 10.819660186767578}, {'step': 46, 'avg_l2_distance': 2.3944742679595947, 'avg_kl_divergence': 2.6531336307525635, 'entropy': 10.816495895385742}, {'step': 47, 'avg_l2_distance': 2.3944742679595947, 'avg_kl_divergence': 2.6531336307525635, 'entropy': 10.809026718139648}, {'step': 48, 'avg_l2_distance': 2.3944742679595947, 'avg_kl_divergence': 2.6531336307525635, 'entropy': 10.782686233520508}, {'step': 49, 'avg_l2_distance': 2.3944742679595947, 'avg_kl_divergence': 2.6531336307525635, 'entropy': 10.352011680603027}]",2.3944742679595947,2.6531336307525635,0.0
7,policy,True,"[{'step': 0, 'avg_l2_distance': 3.0442702770233154, 'avg_kl_divergence': 1.1189472675323486, 'entropy': 10.824848175048828}, {'step': 1, 'avg_l2_distance': 3.0442702770233154, 'avg_kl_divergence': 1.1189472675323486, 'entropy': 10.824848175048828}, {'step': 2, 'avg_l2_distance': 3.0442702770233154, 'avg_kl_divergence': 1.1189472675323486, 'entropy': 10.824846267700195}, {'step': 3, 'avg_l2_distance': 3.0442702770233154, 'avg_kl_divergence': 1.1189472675323486, 'entropy': 10.824846267700195}, {'step': 4, 'avg_l2_distance': 2.5991668701171875, 'avg_kl_divergence': 7.634859561920166, 'entropy': 10.824845314025879}, {'step': 5, 'avg_l2_distance': 2.5991668701171875, 'avg_kl_divergence': 7.634859561920166, 'entropy': 10.824779510498047}, {'step': 6, 'avg_l2_distance': 2.5991668701171875, 'avg_kl_divergence': 7.634859561920166, 'entropy': 10.824775695800781}, {'step': 7, 'avg_l2_distance': 2.5991668701171875, 'avg_kl_divergence': 7.634859561920166, 'entropy': 10.824772834777832}, {'step': 8, 'avg_l2_distance': 2.5991668701171875, 'avg_kl_divergence': 7.634859561920166, 'entropy': 10.82476806640625}, {'step': 9, 'avg_l2_distance': 2.5991668701171875, 'avg_kl_divergence': 7.634859561920166, 'entropy': 10.824764251708984}, {'step': 10, 'avg_l2_distance': 2.5991668701171875, 'avg_kl_divergence': 7.634859561920166, 'entropy': 10.824759483337402}, {'step': 11, 'avg_l2_distance': 2.5991668701171875, 'avg_kl_divergence': 7.634859561920166, 'entropy': 10.82475471496582}, {'step': 12, 'avg_l2_distance': 2.5991668701171875, 'avg_kl_divergence': 7.634859561920166, 'entropy': 10.824748992919922}, {'step': 13, 'avg_l2_distance': 2.5991668701171875, 'avg_kl_divergence': 7.634859561920166, 'entropy': 10.824743270874023}, {'step': 14, 'avg_l2_distance': 2.5991668701171875, 'avg_kl_divergence': 7.634859561920166, 'entropy': 10.824737548828125}, {'step': 15, 'avg_l2_distance': 2.5991668701171875, 'avg_kl_divergence': 7.634859561920166, 'entropy': 10.824729919433594}, {'step': 16, 'avg_l2_distance': 2.5991668701171875, 'avg_kl_divergence': 7.634859561920166, 'entropy': 10.82472038269043}, {'step': 17, 'avg_l2_distance': 2.5991668701171875, 'avg_kl_divergence': 7.634859561920166, 'entropy': 10.824713706970215}, {'step': 18, 'avg_l2_distance': 2.5991668701171875, 'avg_kl_divergence': 7.634859561920166, 'entropy': 10.824705123901367}, {'step': 19, 'avg_l2_distance': 2.5991668701171875, 'avg_kl_divergence': 7.634859561920166, 'entropy': 10.824695587158203}, {'step': 20, 'avg_l2_distance': 2.5991668701171875, 'avg_kl_divergence': 7.634859561920166, 'entropy': 10.82468318939209}, {'step': 21, 'avg_l2_distance': 2.5991668701171875, 'avg_kl_divergence': 7.634859561920166, 'entropy': 10.824670791625977}, {'step': 22, 'avg_l2_distance': 2.5991668701171875, 'avg_kl_divergence': 7.634859561920166, 'entropy': 10.82465934753418}, {'step': 23, 'avg_l2_distance': 2.5991668701171875, 'avg_kl_divergence': 7.634859561920166, 'entropy': 10.824644088745117}, {'step': 24, 'avg_l2_distance': 2.5991668701171875, 'avg_kl_divergence': 7.634859561920166, 'entropy': 10.824628829956055}, {'step': 25, 'avg_l2_distance': 2.5991668701171875, 'avg_kl_divergence': 7.634859561920166, 'entropy': 10.824609756469727}, {'step': 26, 'avg_l2_distance': 2.697880506515503, 'avg_kl_divergence': 2.543560266494751, 'entropy': 10.824588775634766}, {'step': 27, 'avg_l2_distance': 2.697880506515503, 'avg_kl_divergence': 2.543560266494751, 'entropy': 10.824684143066406}, {'step': 28, 'avg_l2_distance': 2.697880506515503, 'avg_kl_divergence': 2.543560266494751, 'entropy': 10.824665069580078}, {'step': 29, 'avg_l2_distance': 2.697880506515503, 'avg_kl_divergence': 2.543560266494751, 'entropy': 10.824642181396484}, {'step': 30, 'avg_l2_distance': 2.697880506515503, 'avg_kl_divergence': 2.543560266494751, 'entropy': 10.824616432189941}, {'step': 31, 'avg_l2_distance': 2.697880506515503, 'avg_kl_divergence': 2.543560266494751, 'entropy': 10.824586868286133}, {'step': 32, 'avg_l2_distance': 2.697880506515503, 'avg_kl_divergence': 2.543560266494751, 'entropy': 10.824552536010742}, {'step': 33, 'avg_l2_distance': 2.697880506515503, 'avg_kl_divergence': 2.543560266494751, 'entropy': 10.824508666992188}, {'step': 34, 'avg_l2_distance': 2.697880506515503, 'avg_kl_divergence': 2.543560266494751, 'entropy': 10.82446002960205}, {'step': 35, 'avg_l2_distance': 2.697880506515503, 'avg_kl_divergence': 2.543560266494751, 'entropy': 10.824399948120117}, {'step': 36, 'avg_l2_distance': 2.697880506515503, 'avg_kl_divergence': 2.543560266494751, 'entropy': 10.824325561523438}, {'step': 37, 'avg_l2_distance': 2.697880506515503, 'avg_kl_divergence': 2.543560266494751, 'entropy': 10.82423210144043}, {'step': 38, 'avg_l2_distance': 2.697880506515503, 'avg_kl_divergence': 2.543560266494751, 'entropy': 10.824115753173828}, {'step': 39, 'avg_l2_distance': 2.697880506515503, 'avg_kl_divergence': 2.543560266494751, 'entropy': 10.823963165283203}, {'step': 40, 'avg_l2_distance': 2.697880506515503, 'avg_kl_divergence': 2.543560266494751, 'entropy': 10.823762893676758}, {'step': 41, 'avg_l2_distance': 2.697880506515503, 'avg_kl_divergence': 2.543560266494751, 'entropy': 10.823492050170898}, {'step': 42, 'avg_l2_distance': 2.697880506515503, 'avg_kl_divergence': 2.543560266494751, 'entropy': 10.823108673095703}, {'step': 43, 'avg_l2_distance': 2.697880506515503, 'avg_kl_divergence': 2.543560266494751, 'entropy': 10.822543144226074}, {'step': 44, 'avg_l2_distance': 2.697880506515503, 'avg_kl_divergence': 2.543560266494751, 'entropy': 10.821660995483398}, {'step': 45, 'avg_l2_distance': 2.697880506515503, 'avg_kl_divergence': 2.543560266494751, 'entropy': 10.820159912109375}, {'step': 46, 'avg_l2_distance': 2.697880506515503, 'avg_kl_divergence': 2.543560266494751, 'entropy': 10.817277908325195}, {'step': 47, 'avg_l2_distance': 2.697880506515503, 'avg_kl_divergence': 2.543560266494751, 'entropy': 10.810503005981445}, {'step': 48, 'avg_l2_distance': 2.697880506515503, 'avg_kl_divergence': 2.543560266494751, 'entropy': 10.786697387695312}, {'step': 49, 'avg_l2_distance': 2.697880506515503, 'avg_kl_divergence': 2.543560266494751, 'entropy': 10.239028930664062}]",2.697880506515503,2.543560266494751,0.0
8,policy,True,"[{'step': 0, 'avg_l2_distance': 2.214015483856201, 'avg_kl_divergence': 8.154263496398926, 'entropy': 10.824832916259766}, {'step': 1, 'avg_l2_distance': 2.214015483856201, 'avg_kl_divergence': 8.154263496398926, 'entropy': 10.824810028076172}, {'step': 2, 'avg_l2_distance': 2.214015483856201, 'avg_kl_divergence': 8.154263496398926, 'entropy': 10.824806213378906}, {'step': 3, 'avg_l2_distance': 2.214015483856201, 'avg_kl_divergence': 8.154263496398926, 'entropy': 10.82480239868164}, {'step': 4, 'avg_l2_distance': 2.214015483856201, 'avg_kl_divergence': 8.154263496398926, 'entropy': 10.824798583984375}, {'step': 5, 'avg_l2_distance': 2.214015483856201, 'avg_kl_divergence': 8.154263496398926, 'entropy': 10.824796676635742}, {'step': 6, 'avg_l2_distance': 2.214015483856201, 'avg_kl_divergence': 8.154263496398926, 'entropy': 10.824792861938477}, {'step': 7, 'avg_l2_distance': 2.214015483856201, 'avg_kl_divergence': 8.154263496398926, 'entropy': 10.824788093566895}, {'step': 8, 'avg_l2_distance': 2.214015483856201, 'avg_kl_divergence': 8.154263496398926, 'entropy': 10.824784278869629}, {'step': 9, 'avg_l2_distance': 2.214015483856201, 'avg_kl_divergence': 8.154263496398926, 'entropy': 10.824779510498047}, {'step': 10, 'avg_l2_distance': 2.214015483856201, 'avg_kl_divergence': 8.154263496398926, 'entropy': 10.824773788452148}, {'step': 11, 'avg_l2_distance': 2.214015483856201, 'avg_kl_divergence': 8.154263496398926, 'entropy': 10.824769973754883}, {'step': 12, 'avg_l2_distance': 2.214015483856201, 'avg_kl_divergence': 8.154263496398926, 'entropy': 10.824763298034668}, {'step': 13, 'avg_l2_distance': 2.214015483856201, 'avg_kl_divergence': 8.154263496398926, 'entropy': 10.82475757598877}, {'step': 14, 'avg_l2_distance': 2.214015483856201, 'avg_kl_divergence': 8.154263496398926, 'entropy': 10.824750900268555}, {'step': 15, 'avg_l2_distance': 2.214015483856201, 'avg_kl_divergence': 8.154263496398926, 'entropy': 10.824742317199707}, {'step': 16, 'avg_l2_distance': 2.214015483856201, 'avg_kl_divergence': 8.154263496398926, 'entropy': 10.824735641479492}, {'step': 17, 'avg_l2_distance': 2.214015483856201, 'avg_kl_divergence': 8.154263496398926, 'entropy': 10.824726104736328}, {'step': 18, 'avg_l2_distance': 2.214015483856201, 'avg_kl_divergence': 8.154263496398926, 'entropy': 10.824716567993164}, {'step': 19, 'avg_l2_distance': 2.575664758682251, 'avg_kl_divergence': 3.380643844604492, 'entropy': 10.824705123901367}, {'step': 20, 'avg_l2_distance': 2.575664758682251, 'avg_kl_divergence': 3.380643844604492, 'entropy': 10.824748992919922}, {'step': 21, 'avg_l2_distance': 2.575664758682251, 'avg_kl_divergence': 3.380643844604492, 'entropy': 10.82474136352539}, {'step': 22, 'avg_l2_distance': 2.575664758682251, 'avg_kl_divergence': 3.380643844604492, 'entropy': 10.824731826782227}, {'step': 23, 'avg_l2_distance': 2.8487555980682373, 'avg_kl_divergence': 1.9947378635406494, 'entropy': 10.824718475341797}, {'step': 24, 'avg_l2_distance': 2.8487555980682373, 'avg_kl_divergence': 1.9947378635406494, 'entropy': 10.824713706970215}, {'step': 25, 'avg_l2_distance': 2.8487555980682373, 'avg_kl_divergence': 1.9947378635406494, 'entropy': 10.824701309204102}, {'step': 26, 'avg_l2_distance': 2.8487555980682373, 'avg_kl_divergence': 1.9947378635406494, 'entropy': 10.824688911437988}, {'step': 27, 'avg_l2_distance': 2.6918485164642334, 'avg_kl_divergence': 3.12255859375, 'entropy': 10.82467269897461}, {'step': 28, 'avg_l2_distance': 2.6918485164642334, 'avg_kl_divergence': 3.12255859375, 'entropy': 10.824645042419434}, {'step': 29, 'avg_l2_distance': 2.6918485164642334, 'avg_kl_divergence': 3.12255859375, 'entropy': 10.82461929321289}, {'step': 30, 'avg_l2_distance': 2.6918485164642334, 'avg_kl_divergence': 3.12255859375, 'entropy': 10.824590682983398}, {'step': 31, 'avg_l2_distance': 2.6918485164642334, 'avg_kl_divergence': 3.12255859375, 'entropy': 10.824554443359375}, {'step': 32, 'avg_l2_distance': 2.6918485164642334, 'avg_kl_divergence': 3.12255859375, 'entropy': 10.824514389038086}, {'step': 33, 'avg_l2_distance': 2.6918485164642334, 'avg_kl_divergence': 3.12255859375, 'entropy': 10.824464797973633}, {'step': 34, 'avg_l2_distance': 2.6918485164642334, 'avg_kl_divergence': 3.12255859375, 'entropy': 10.824405670166016}, {'step': 35, 'avg_l2_distance': 2.6918485164642334, 'avg_kl_divergence': 3.12255859375, 'entropy': 10.824336051940918}, {'step': 36, 'avg_l2_distance': 2.6918485164642334, 'avg_kl_divergence': 3.12255859375, 'entropy': 10.824247360229492}, {'step': 37, 'avg_l2_distance': 2.6918485164642334, 'avg_kl_divergence': 3.12255859375, 'entropy': 10.824137687683105}, {'step': 38, 'avg_l2_distance': 2.652158737182617, 'avg_kl_divergence': 2.042189121246338, 'entropy': 10.82399845123291}, {'step': 39, 'avg_l2_distance': 2.652158737182617, 'avg_kl_divergence': 2.042189121246338, 'entropy': 10.824004173278809}, {'step': 40, 'avg_l2_distance': 2.652158737182617, 'avg_kl_divergence': 2.042189121246338, 'entropy': 10.823814392089844}, {'step': 41, 'avg_l2_distance': 2.652158737182617, 'avg_kl_divergence': 2.042189121246338, 'entropy': 10.823556900024414}, {'step': 42, 'avg_l2_distance': 2.652158737182617, 'avg_kl_divergence': 2.042189121246338, 'entropy': 10.823192596435547}, {'step': 43, 'avg_l2_distance': 2.652158737182617, 'avg_kl_divergence': 2.042189121246338, 'entropy': 10.822656631469727}, {'step': 44, 'avg_l2_distance': 2.652158737182617, 'avg_kl_divergence': 2.042189121246338, 'entropy': 10.821812629699707}, {'step': 45, 'avg_l2_distance': 2.652158737182617, 'avg_kl_divergence': 2.042189121246338, 'entropy': 10.820380210876465}, {'step': 46, 'avg_l2_distance': 2.652158737182617, 'avg_kl_divergence': 2.042189121246338, 'entropy': 10.817623138427734}, {'step': 47, 'avg_l2_distance': 2.4810285568237305, 'avg_kl_divergence': 4.577645301818848, 'entropy': 10.81113052368164}, {'step': 48, 'avg_l2_distance': 2.4810285568237305, 'avg_kl_divergence': 4.577645301818848, 'entropy': 10.773630142211914}, {'step': 49, 'avg_l2_distance': 2.4810285568237305, 'avg_kl_divergence': 4.577645301818848, 'entropy': 10.317739486694336}]",2.4810285568237305,4.577645301818848,0.0
9,policy,True,"[{'step': 0, 'avg_l2_distance': 2.88311505317688, 'avg_kl_divergence': 10.868053436279297, 'entropy': 10.824800491333008}, {'step': 1, 'avg_l2_distance': 2.455787181854248, 'avg_kl_divergence': 11.327857971191406, 'entropy': 10.824798583984375}, {'step': 2, 'avg_l2_distance': 2.455787181854248, 'avg_kl_divergence': 11.327857971191406, 'entropy': 10.824812889099121}, {'step': 3, 'avg_l2_distance': 2.455787181854248, 'avg_kl_divergence': 11.327857971191406, 'entropy': 10.824810028076172}, {'step': 4, 'avg_l2_distance': 2.455787181854248, 'avg_kl_divergence': 11.327857971191406, 'entropy': 10.824808120727539}, {'step': 5, 'avg_l2_distance': 2.455787181854248, 'avg_kl_divergence': 11.327857971191406, 'entropy': 10.824806213378906}, {'step': 6, 'avg_l2_distance': 2.455787181854248, 'avg_kl_divergence': 11.327857971191406, 'entropy': 10.824801445007324}, {'step': 7, 'avg_l2_distance': 2.8702492713928223, 'avg_kl_divergence': 3.9876708984375, 'entropy': 10.824798583984375}, {'step': 8, 'avg_l2_distance': 2.784905195236206, 'avg_kl_divergence': 12.226889610290527, 'entropy': 10.824789047241211}, {'step': 9, 'avg_l2_distance': 2.784905195236206, 'avg_kl_divergence': 12.226889610290527, 'entropy': 10.824810028076172}, {'step': 10, 'avg_l2_distance': 2.784905195236206, 'avg_kl_divergence': 12.226889610290527, 'entropy': 10.824808120727539}, {'step': 11, 'avg_l2_distance': 2.784905195236206, 'avg_kl_divergence': 12.226889610290527, 'entropy': 10.824803352355957}, {'step': 12, 'avg_l2_distance': 2.784905195236206, 'avg_kl_divergence': 12.226889610290527, 'entropy': 10.824799537658691}, {'step': 13, 'avg_l2_distance': 2.784905195236206, 'avg_kl_divergence': 12.226889610290527, 'entropy': 10.82479476928711}, {'step': 14, 'avg_l2_distance': 2.784905195236206, 'avg_kl_divergence': 12.226889610290527, 'entropy': 10.824790954589844}, {'step': 15, 'avg_l2_distance': 2.784905195236206, 'avg_kl_divergence': 12.226889610290527, 'entropy': 10.824787139892578}, {'step': 16, 'avg_l2_distance': 2.784905195236206, 'avg_kl_divergence': 12.226889610290527, 'entropy': 10.82478141784668}, {'step': 17, 'avg_l2_distance': 2.784905195236206, 'avg_kl_divergence': 12.226889610290527, 'entropy': 10.824776649475098}, {'step': 18, 'avg_l2_distance': 2.784905195236206, 'avg_kl_divergence': 12.226889610290527, 'entropy': 10.8247709274292}, {'step': 19, 'avg_l2_distance': 2.784905195236206, 'avg_kl_divergence': 12.226889610290527, 'entropy': 10.824763298034668}, {'step': 20, 'avg_l2_distance': 2.784905195236206, 'avg_kl_divergence': 12.226889610290527, 'entropy': 10.824756622314453}, {'step': 21, 'avg_l2_distance': 2.784905195236206, 'avg_kl_divergence': 12.226889610290527, 'entropy': 10.824748039245605}, {'step': 22, 'avg_l2_distance': 2.784905195236206, 'avg_kl_divergence': 12.226889610290527, 'entropy': 10.824739456176758}, {'step': 23, 'avg_l2_distance': 2.784905195236206, 'avg_kl_divergence': 12.226889610290527, 'entropy': 10.824727058410645}, {'step': 24, 'avg_l2_distance': 2.784905195236206, 'avg_kl_divergence': 12.226889610290527, 'entropy': 10.824715614318848}, {'step': 25, 'avg_l2_distance': 2.784905195236206, 'avg_kl_divergence': 12.226889610290527, 'entropy': 10.824703216552734}, {'step': 26, 'avg_l2_distance': 2.784905195236206, 'avg_kl_divergence': 12.226889610290527, 'entropy': 10.824688911437988}, {'step': 27, 'avg_l2_distance': 2.784905195236206, 'avg_kl_divergence': 12.226889610290527, 'entropy': 10.824670791625977}, {'step': 28, 'avg_l2_distance': 2.784905195236206, 'avg_kl_divergence': 12.226889610290527, 'entropy': 10.824652671813965}, {'step': 29, 'avg_l2_distance': 2.784905195236206, 'avg_kl_divergence': 12.226889610290527, 'entropy': 10.824630737304688}, {'step': 30, 'avg_l2_distance': 2.784905195236206, 'avg_kl_divergence': 12.226889610290527, 'entropy': 10.824605941772461}, {'step': 31, 'avg_l2_distance': 2.784905195236206, 'avg_kl_divergence': 12.226889610290527, 'entropy': 10.824575424194336}, {'step': 32, 'avg_l2_distance': 2.784905195236206, 'avg_kl_divergence': 12.226889610290527, 'entropy': 10.824541091918945}, {'step': 33, 'avg_l2_distance': 2.784905195236206, 'avg_kl_divergence': 12.226889610290527, 'entropy': 10.824499130249023}, {'step': 34, 'avg_l2_distance': 2.784905195236206, 'avg_kl_divergence': 12.226889610290527, 'entropy': 10.82444953918457}, {'step': 35, 'avg_l2_distance': 2.784905195236206, 'avg_kl_divergence': 12.226889610290527, 'entropy': 10.824389457702637}, {'step': 36, 'avg_l2_distance': 2.6660475730895996, 'avg_kl_divergence': 6.5140910148620605, 'entropy': 10.824316024780273}, {'step': 37, 'avg_l2_distance': 2.663506031036377, 'avg_kl_divergence': 13.049546241760254, 'entropy': 10.824203491210938}, {'step': 38, 'avg_l2_distance': 2.663506031036377, 'avg_kl_divergence': 13.049546241760254, 'entropy': 10.824034690856934}, {'step': 39, 'avg_l2_distance': 2.663506031036377, 'avg_kl_divergence': 13.049546241760254, 'entropy': 10.823869705200195}, {'step': 40, 'avg_l2_distance': 2.663506031036377, 'avg_kl_divergence': 13.049546241760254, 'entropy': 10.823653221130371}, {'step': 41, 'avg_l2_distance': 2.663506031036377, 'avg_kl_divergence': 13.049546241760254, 'entropy': 10.823356628417969}, {'step': 42, 'avg_l2_distance': 2.663506031036377, 'avg_kl_divergence': 13.049546241760254, 'entropy': 10.8229398727417}, {'step': 43, 'avg_l2_distance': 2.663506031036377, 'avg_kl_divergence': 13.049546241760254, 'entropy': 10.822324752807617}, {'step': 44, 'avg_l2_distance': 2.663506031036377, 'avg_kl_divergence': 13.049546241760254, 'entropy': 10.821364402770996}, {'step': 45, 'avg_l2_distance': 2.663506031036377, 'avg_kl_divergence': 13.049546241760254, 'entropy': 10.819731712341309}, {'step': 46, 'avg_l2_distance': 2.663506031036377, 'avg_kl_divergence': 13.049546241760254, 'entropy': 10.816595077514648}, {'step': 47, 'avg_l2_distance': 2.663506031036377, 'avg_kl_divergence': 13.049546241760254, 'entropy': 10.809220314025879}, {'step': 48, 'avg_l2_distance': 2.663506031036377, 'avg_kl_divergence': 13.049546241760254, 'entropy': 10.783417701721191}, {'step': 49, 'avg_l2_distance': 2.663506031036377, 'avg_kl_divergence': 13.049546241760254, 'entropy': 10.343527793884277}]",2.663506031036377,13.049546241760254,0.0
10,policy,True,"[{'step': 0, 'avg_l2_distance': 2.8547215461730957, 'avg_kl_divergence': 8.648370742797852, 'entropy': 10.824838638305664}, {'step': 1, 'avg_l2_distance': 2.6939988136291504, 'avg_kl_divergence': 7.895137310028076, 'entropy': 10.824811935424805}, {'step': 2, 'avg_l2_distance': 2.6939988136291504, 'avg_kl_divergence': 7.895137310028076, 'entropy': 10.824844360351562}, {'step': 3, 'avg_l2_distance': 2.6939988136291504, 'avg_kl_divergence': 7.895137310028076, 'entropy': 10.82484245300293}, {'step': 4, 'avg_l2_distance': 2.8184103965759277, 'avg_kl_divergence': 9.340007781982422, 'entropy': 10.824840545654297}, {'step': 5, 'avg_l2_distance': 2.8184103965759277, 'avg_kl_divergence': 9.340007781982422, 'entropy': 10.824817657470703}, {'step': 6, 'avg_l2_distance': 2.8184103965759277, 'avg_kl_divergence': 9.340007781982422, 'entropy': 10.824814796447754}, {'step': 7, 'avg_l2_distance': 2.8184103965759277, 'avg_kl_divergence': 9.340007781982422, 'entropy': 10.824812889099121}, {'step': 8, 'avg_l2_distance': 2.8184103965759277, 'avg_kl_divergence': 9.340007781982422, 'entropy': 10.824810028076172}, {'step': 9, 'avg_l2_distance': 2.8184103965759277, 'avg_kl_divergence': 9.340007781982422, 'entropy': 10.824806213378906}, {'step': 10, 'avg_l2_distance': 2.8184103965759277, 'avg_kl_divergence': 9.340007781982422, 'entropy': 10.82480239868164}, {'step': 11, 'avg_l2_distance': 2.8184103965759277, 'avg_kl_divergence': 9.340007781982422, 'entropy': 10.824800491333008}, {'step': 12, 'avg_l2_distance': 2.8184103965759277, 'avg_kl_divergence': 9.340007781982422, 'entropy': 10.824796676635742}, {'step': 13, 'avg_l2_distance': 2.8184103965759277, 'avg_kl_divergence': 9.340007781982422, 'entropy': 10.824792861938477}, {'step': 14, 'avg_l2_distance': 2.8184103965759277, 'avg_kl_divergence': 9.340007781982422, 'entropy': 10.824787139892578}, {'step': 15, 'avg_l2_distance': 2.8184103965759277, 'avg_kl_divergence': 9.340007781982422, 'entropy': 10.824783325195312}, {'step': 16, 'avg_l2_distance': 2.8184103965759277, 'avg_kl_divergence': 9.340007781982422, 'entropy': 10.82477855682373}, {'step': 17, 'avg_l2_distance': 2.8184103965759277, 'avg_kl_divergence': 9.340007781982422, 'entropy': 10.824772834777832}, {'step': 18, 'avg_l2_distance': 2.8184103965759277, 'avg_kl_divergence': 9.340007781982422, 'entropy': 10.824766159057617}, {'step': 19, 'avg_l2_distance': 2.8184103965759277, 'avg_kl_divergence': 9.340007781982422, 'entropy': 10.824760437011719}, {'step': 20, 'avg_l2_distance': 2.8184103965759277, 'avg_kl_divergence': 9.340007781982422, 'entropy': 10.824753761291504}, {'step': 21, 'avg_l2_distance': 2.8184103965759277, 'avg_kl_divergence': 9.340007781982422, 'entropy': 10.824745178222656}, {'step': 22, 'avg_l2_distance': 2.8184103965759277, 'avg_kl_divergence': 9.340007781982422, 'entropy': 10.824737548828125}, {'step': 23, 'avg_l2_distance': 2.8184103965759277, 'avg_kl_divergence': 9.340007781982422, 'entropy': 10.824727058410645}, {'step': 24, 'avg_l2_distance': 2.8184103965759277, 'avg_kl_divergence': 9.340007781982422, 'entropy': 10.824715614318848}, {'step': 25, 'avg_l2_distance': 2.8184103965759277, 'avg_kl_divergence': 9.340007781982422, 'entropy': 10.824703216552734}, {'step': 26, 'avg_l2_distance': 2.8184103965759277, 'avg_kl_divergence': 9.340007781982422, 'entropy': 10.824689865112305}, {'step': 27, 'avg_l2_distance': 2.8184103965759277, 'avg_kl_divergence': 9.340007781982422, 'entropy': 10.824674606323242}, {'step': 28, 'avg_l2_distance': 2.8184103965759277, 'avg_kl_divergence': 9.340007781982422, 'entropy': 10.824655532836914}, {'step': 29, 'avg_l2_distance': 2.8184103965759277, 'avg_kl_divergence': 9.340007781982422, 'entropy': 10.824636459350586}, {'step': 30, 'avg_l2_distance': 2.8184103965759277, 'avg_kl_divergence': 9.340007781982422, 'entropy': 10.824613571166992}, {'step': 31, 'avg_l2_distance': 2.8184103965759277, 'avg_kl_divergence': 9.340007781982422, 'entropy': 10.8245849609375}, {'step': 32, 'avg_l2_distance': 2.8184103965759277, 'avg_kl_divergence': 9.340007781982422, 'entropy': 10.824553489685059}, {'step': 33, 'avg_l2_distance': 2.8184103965759277, 'avg_kl_divergence': 9.340007781982422, 'entropy': 10.824514389038086}, {'step': 34, 'avg_l2_distance': 2.8184103965759277, 'avg_kl_divergence': 9.340007781982422, 'entropy': 10.824469566345215}, {'step': 35, 'avg_l2_distance': 2.8184103965759277, 'avg_kl_divergence': 9.340007781982422, 'entropy': 10.82441520690918}, {'step': 36, 'avg_l2_distance': 2.8184103965759277, 'avg_kl_divergence': 9.340007781982422, 'entropy': 10.824349403381348}, {'step': 37, 'avg_l2_distance': 2.8184103965759277, 'avg_kl_divergence': 9.340007781982422, 'entropy': 10.824268341064453}, {'step': 38, 'avg_l2_distance': 2.8184103965759277, 'avg_kl_divergence': 9.340007781982422, 'entropy': 10.824165344238281}, {'step': 39, 'avg_l2_distance': 2.8184103965759277, 'avg_kl_divergence': 9.340007781982422, 'entropy': 10.824031829833984}, {'step': 40, 'avg_l2_distance': 2.8184103965759277, 'avg_kl_divergence': 9.340007781982422, 'entropy': 10.823856353759766}, {'step': 41, 'avg_l2_distance': 2.8184103965759277, 'avg_kl_divergence': 9.340007781982422, 'entropy': 10.823619842529297}, {'step': 42, 'avg_l2_distance': 2.8184103965759277, 'avg_kl_divergence': 9.340007781982422, 'entropy': 10.823286056518555}, {'step': 43, 'avg_l2_distance': 2.8184103965759277, 'avg_kl_divergence': 9.340007781982422, 'entropy': 10.822795867919922}, {'step': 44, 'avg_l2_distance': 2.8184103965759277, 'avg_kl_divergence': 9.340007781982422, 'entropy': 10.82203197479248}, {'step': 45, 'avg_l2_distance': 2.8184103965759277, 'avg_kl_divergence': 9.340007781982422, 'entropy': 10.8207368850708}, {'step': 46, 'avg_l2_distance': 2.8184103965759277, 'avg_kl_divergence': 9.340007781982422, 'entropy': 10.818252563476562}, {'step': 47, 'avg_l2_distance': 2.8184103965759277, 'avg_kl_divergence': 9.340007781982422, 'entropy': 10.81240463256836}, {'step': 48, 'avg_l2_distance': 2.8184103965759277, 'avg_kl_divergence': 9.340007781982422, 'entropy': 10.791685104370117}, {'step': 49, 'avg_l2_distance': 2.8184103965759277, 'avg_kl_divergence': 9.340007781982422, 'entropy': 10.124996185302734}]",2.8184103965759277,9.340007781982422,0.0
11,policy,True,"[{'step': 0, 'avg_l2_distance': 2.6660187244415283, 'avg_kl_divergence': 2.9698264598846436, 'entropy': 10.824828147888184}, {'step': 1, 'avg_l2_distance': 2.6660187244415283, 'avg_kl_divergence': 2.9698264598846436, 'entropy': 10.824827194213867}, {'step': 2, 'avg_l2_distance': 2.6660187244415283, 'avg_kl_divergence': 2.9698264598846436, 'entropy': 10.824825286865234}, {'step': 3, 'avg_l2_distance': 2.6660187244415283, 'avg_kl_divergence': 2.9698264598846436, 'entropy': 10.824822425842285}, {'step': 4, 'avg_l2_distance': 2.6660187244415283, 'avg_kl_divergence': 2.9698264598846436, 'entropy': 10.824819564819336}, {'step': 5, 'avg_l2_distance': 2.6660187244415283, 'avg_kl_divergence': 2.9698264598846436, 'entropy': 10.824817657470703}, {'step': 6, 'avg_l2_distance': 2.6660187244415283, 'avg_kl_divergence': 2.9698264598846436, 'entropy': 10.82481575012207}, {'step': 7, 'avg_l2_distance': 2.3439929485321045, 'avg_kl_divergence': 6.72439432144165, 'entropy': 10.824811935424805}, {'step': 8, 'avg_l2_distance': 2.3439929485321045, 'avg_kl_divergence': 6.72439432144165, 'entropy': 10.82479476928711}, {'step': 9, 'avg_l2_distance': 2.3439929485321045, 'avg_kl_divergence': 6.72439432144165, 'entropy': 10.824790954589844}, {'step': 10, 'avg_l2_distance': 2.3439929485321045, 'avg_kl_divergence': 6.72439432144165, 'entropy': 10.824787139892578}, {'step': 11, 'avg_l2_distance': 2.3439929485321045, 'avg_kl_divergence': 6.72439432144165, 'entropy': 10.824782371520996}, {'step': 12, 'avg_l2_distance': 2.3439929485321045, 'avg_kl_divergence': 6.72439432144165, 'entropy': 10.824776649475098}, {'step': 13, 'avg_l2_distance': 2.3439929485321045, 'avg_kl_divergence': 6.72439432144165, 'entropy': 10.824771881103516}, {'step': 14, 'avg_l2_distance': 2.3439929485321045, 'avg_kl_divergence': 6.72439432144165, 'entropy': 10.8247652053833}, {'step': 15, 'avg_l2_distance': 2.3439929485321045, 'avg_kl_divergence': 6.72439432144165, 'entropy': 10.824758529663086}, {'step': 16, 'avg_l2_distance': 2.3439929485321045, 'avg_kl_divergence': 6.72439432144165, 'entropy': 10.824751853942871}, {'step': 17, 'avg_l2_distance': 2.3439929485321045, 'avg_kl_divergence': 6.72439432144165, 'entropy': 10.824743270874023}, {'step': 18, 'avg_l2_distance': 2.3439929485321045, 'avg_kl_divergence': 6.72439432144165, 'entropy': 10.824735641479492}, {'step': 19, 'avg_l2_distance': 2.3439929485321045, 'avg_kl_divergence': 6.72439432144165, 'entropy': 10.824726104736328}, {'step': 20, 'avg_l2_distance': 2.3439929485321045, 'avg_kl_divergence': 6.72439432144165, 'entropy': 10.824716567993164}, {'step': 21, 'avg_l2_distance': 2.3439929485321045, 'avg_kl_divergence': 6.72439432144165, 'entropy': 10.824703216552734}, {'step': 22, 'avg_l2_distance': 2.3439929485321045, 'avg_kl_divergence': 6.72439432144165, 'entropy': 10.824689865112305}, {'step': 23, 'avg_l2_distance': 2.3439929485321045, 'avg_kl_divergence': 6.72439432144165, 'entropy': 10.824676513671875}, {'step': 24, 'avg_l2_distance': 2.3439929485321045, 'avg_kl_divergence': 6.72439432144165, 'entropy': 10.824661254882812}, {'step': 25, 'avg_l2_distance': 2.3439929485321045, 'avg_kl_divergence': 6.72439432144165, 'entropy': 10.824642181396484}, {'step': 26, 'avg_l2_distance': 2.3439929485321045, 'avg_kl_divergence': 6.72439432144165, 'entropy': 10.82462215423584}, {'step': 27, 'avg_l2_distance': 2.3439929485321045, 'avg_kl_divergence': 6.72439432144165, 'entropy': 10.824600219726562}, {'step': 28, 'avg_l2_distance': 2.3439929485321045, 'avg_kl_divergence': 6.72439432144165, 'entropy': 10.824572563171387}, {'step': 29, 'avg_l2_distance': 2.3439929485321045, 'avg_kl_divergence': 6.72439432144165, 'entropy': 10.824542045593262}, {'step': 30, 'avg_l2_distance': 2.3439929485321045, 'avg_kl_divergence': 6.72439432144165, 'entropy': 10.824508666992188}, {'step': 31, 'avg_l2_distance': 2.3439929485321045, 'avg_kl_divergence': 6.72439432144165, 'entropy': 10.824467658996582}, {'step': 32, 'avg_l2_distance': 2.3439929485321045, 'avg_kl_divergence': 6.72439432144165, 'entropy': 10.824418067932129}, {'step': 33, 'avg_l2_distance': 2.5258870124816895, 'avg_kl_divergence': 3.0817394256591797, 'entropy': 10.824363708496094}, {'step': 34, 'avg_l2_distance': 2.5258870124816895, 'avg_kl_divergence': 3.0817394256591797, 'entropy': 10.82444953918457}, {'step': 35, 'avg_l2_distance': 2.5258870124816895, 'avg_kl_divergence': 3.0817394256591797, 'entropy': 10.82438850402832}, {'step': 36, 'avg_l2_distance': 2.5258870124816895, 'avg_kl_divergence': 3.0817394256591797, 'entropy': 10.824312210083008}, {'step': 37, 'avg_l2_distance': 2.5258870124816895, 'avg_kl_divergence': 3.0817394256591797, 'entropy': 10.824214935302734}, {'step': 38, 'avg_l2_distance': 2.5258870124816895, 'avg_kl_divergence': 3.0817394256591797, 'entropy': 10.824094772338867}, {'step': 39, 'avg_l2_distance': 2.5258870124816895, 'avg_kl_divergence': 3.0817394256591797, 'entropy': 10.823938369750977}, {'step': 40, 'avg_l2_distance': 2.5258870124816895, 'avg_kl_divergence': 3.0817394256591797, 'entropy': 10.823732376098633}, {'step': 41, 'avg_l2_distance': 2.5258870124816895, 'avg_kl_divergence': 3.0817394256591797, 'entropy': 10.82345199584961}, {'step': 42, 'avg_l2_distance': 2.5258870124816895, 'avg_kl_divergence': 3.0817394256591797, 'entropy': 10.823058128356934}, {'step': 43, 'avg_l2_distance': 2.666018486022949, 'avg_kl_divergence': 8.098722457885742, 'entropy': 10.822477340698242}, {'step': 44, 'avg_l2_distance': 2.666018486022949, 'avg_kl_divergence': 8.098722457885742, 'entropy': 10.82040023803711}, {'step': 45, 'avg_l2_distance': 2.666018486022949, 'avg_kl_divergence': 8.098722457885742, 'entropy': 10.818367958068848}, {'step': 46, 'avg_l2_distance': 2.666018486022949, 'avg_kl_divergence': 8.098722457885742, 'entropy': 10.814464569091797}, {'step': 47, 'avg_l2_distance': 2.666018486022949, 'avg_kl_divergence': 8.098722457885742, 'entropy': 10.805274963378906}, {'step': 48, 'avg_l2_distance': 2.666018486022949, 'avg_kl_divergence': 8.098722457885742, 'entropy': 10.772993087768555}, {'step': 49, 'avg_l2_distance': 2.666018486022949, 'avg_kl_divergence': 8.098722457885742, 'entropy': 10.26931095123291}]",2.666018486022949,8.098722457885742,0.0
12,policy,True,"[{'step': 0, 'avg_l2_distance': 2.1446924209594727, 'avg_kl_divergence': 9.814410209655762, 'entropy': 10.824834823608398}, {'step': 1, 'avg_l2_distance': 2.292569875717163, 'avg_kl_divergence': 7.61886739730835, 'entropy': 10.824819564819336}, {'step': 2, 'avg_l2_distance': 2.292569875717163, 'avg_kl_divergence': 7.61886739730835, 'entropy': 10.824806213378906}, {'step': 3, 'avg_l2_distance': 2.292569875717163, 'avg_kl_divergence': 7.61886739730835, 'entropy': 10.82480239868164}, {'step': 4, 'avg_l2_distance': 2.292569875717163, 'avg_kl_divergence': 7.61886739730835, 'entropy': 10.824800491333008}, {'step': 5, 'avg_l2_distance': 2.292569875717163, 'avg_kl_divergence': 7.61886739730835, 'entropy': 10.824796676635742}, {'step': 6, 'avg_l2_distance': 2.292569875717163, 'avg_kl_divergence': 7.61886739730835, 'entropy': 10.824792861938477}, {'step': 7, 'avg_l2_distance': 2.292569875717163, 'avg_kl_divergence': 7.61886739730835, 'entropy': 10.824790954589844}, {'step': 8, 'avg_l2_distance': 2.292569875717163, 'avg_kl_divergence': 7.61886739730835, 'entropy': 10.824786186218262}, {'step': 9, 'avg_l2_distance': 2.292569875717163, 'avg_kl_divergence': 7.61886739730835, 'entropy': 10.824783325195312}, {'step': 10, 'avg_l2_distance': 2.292569875717163, 'avg_kl_divergence': 7.61886739730835, 'entropy': 10.824777603149414}, {'step': 11, 'avg_l2_distance': 2.292569875717163, 'avg_kl_divergence': 7.61886739730835, 'entropy': 10.824772834777832}, {'step': 12, 'avg_l2_distance': 2.292569875717163, 'avg_kl_divergence': 7.61886739730835, 'entropy': 10.82476806640625}, {'step': 13, 'avg_l2_distance': 2.292569875717163, 'avg_kl_divergence': 7.61886739730835, 'entropy': 10.824762344360352}, {'step': 14, 'avg_l2_distance': 2.292569875717163, 'avg_kl_divergence': 7.61886739730835, 'entropy': 10.824756622314453}, {'step': 15, 'avg_l2_distance': 2.292569875717163, 'avg_kl_divergence': 7.61886739730835, 'entropy': 10.824749946594238}, {'step': 16, 'avg_l2_distance': 2.292569875717163, 'avg_kl_divergence': 7.61886739730835, 'entropy': 10.824743270874023}, {'step': 17, 'avg_l2_distance': 2.292569875717163, 'avg_kl_divergence': 7.61886739730835, 'entropy': 10.824736595153809}, {'step': 18, 'avg_l2_distance': 2.292569875717163, 'avg_kl_divergence': 7.61886739730835, 'entropy': 10.824727058410645}, {'step': 19, 'avg_l2_distance': 2.292569875717163, 'avg_kl_divergence': 7.61886739730835, 'entropy': 10.82471752166748}, {'step': 20, 'avg_l2_distance': 2.292569875717163, 'avg_kl_divergence': 7.61886739730835, 'entropy': 10.824707984924316}, {'step': 21, 'avg_l2_distance': 2.292569875717163, 'avg_kl_divergence': 7.61886739730835, 'entropy': 10.82469654083252}, {'step': 22, 'avg_l2_distance': 2.292569875717163, 'avg_kl_divergence': 7.61886739730835, 'entropy': 10.824685096740723}, {'step': 23, 'avg_l2_distance': 2.292569875717163, 'avg_kl_divergence': 7.61886739730835, 'entropy': 10.82466983795166}, {'step': 24, 'avg_l2_distance': 2.292569875717163, 'avg_kl_divergence': 7.61886739730835, 'entropy': 10.824655532836914}, {'step': 25, 'avg_l2_distance': 2.292569875717163, 'avg_kl_divergence': 7.61886739730835, 'entropy': 10.824638366699219}, {'step': 26, 'avg_l2_distance': 2.292569875717163, 'avg_kl_divergence': 7.61886739730835, 'entropy': 10.824618339538574}, {'step': 27, 'avg_l2_distance': 2.292569875717163, 'avg_kl_divergence': 7.61886739730835, 'entropy': 10.82459545135498}, {'step': 28, 'avg_l2_distance': 2.292569875717163, 'avg_kl_divergence': 7.61886739730835, 'entropy': 10.824569702148438}, {'step': 29, 'avg_l2_distance': 2.292569875717163, 'avg_kl_divergence': 7.61886739730835, 'entropy': 10.824540138244629}, {'step': 30, 'avg_l2_distance': 2.292569875717163, 'avg_kl_divergence': 7.61886739730835, 'entropy': 10.824508666992188}, {'step': 31, 'avg_l2_distance': 2.292569875717163, 'avg_kl_divergence': 7.61886739730835, 'entropy': 10.824469566345215}, {'step': 32, 'avg_l2_distance': 2.292569875717163, 'avg_kl_divergence': 7.61886739730835, 'entropy': 10.824422836303711}, {'step': 33, 'avg_l2_distance': 2.292569875717163, 'avg_kl_divergence': 7.61886739730835, 'entropy': 10.824369430541992}, {'step': 34, 'avg_l2_distance': 2.292569875717163, 'avg_kl_divergence': 7.61886739730835, 'entropy': 10.82430362701416}, {'step': 35, 'avg_l2_distance': 2.292569875717163, 'avg_kl_divergence': 7.61886739730835, 'entropy': 10.824226379394531}, {'step': 36, 'avg_l2_distance': 2.292569875717163, 'avg_kl_divergence': 7.61886739730835, 'entropy': 10.82413101196289}, {'step': 37, 'avg_l2_distance': 2.292569875717163, 'avg_kl_divergence': 7.61886739730835, 'entropy': 10.82401180267334}, {'step': 38, 'avg_l2_distance': 2.292569875717163, 'avg_kl_divergence': 7.61886739730835, 'entropy': 10.823862075805664}, {'step': 39, 'avg_l2_distance': 2.292569875717163, 'avg_kl_divergence': 7.61886739730835, 'entropy': 10.823670387268066}, {'step': 40, 'avg_l2_distance': 2.292569875717163, 'avg_kl_divergence': 7.61886739730835, 'entropy': 10.823418617248535}, {'step': 41, 'avg_l2_distance': 2.292569875717163, 'avg_kl_divergence': 7.61886739730835, 'entropy': 10.823074340820312}, {'step': 42, 'avg_l2_distance': 2.292569875717163, 'avg_kl_divergence': 7.61886739730835, 'entropy': 10.822591781616211}, {'step': 43, 'avg_l2_distance': 2.292569875717163, 'avg_kl_divergence': 7.61886739730835, 'entropy': 10.821881294250488}, {'step': 44, 'avg_l2_distance': 2.292569875717163, 'avg_kl_divergence': 7.61886739730835, 'entropy': 10.820771217346191}, {'step': 45, 'avg_l2_distance': 2.292569875717163, 'avg_kl_divergence': 7.61886739730835, 'entropy': 10.818885803222656}, {'step': 46, 'avg_l2_distance': 2.292569875717163, 'avg_kl_divergence': 7.61886739730835, 'entropy': 10.815258979797363}, {'step': 47, 'avg_l2_distance': 2.292569875717163, 'avg_kl_divergence': 7.61886739730835, 'entropy': 10.806702613830566}, {'step': 48, 'avg_l2_distance': 2.292569875717163, 'avg_kl_divergence': 7.61886739730835, 'entropy': 10.77656364440918}, {'step': 49, 'avg_l2_distance': 2.292569875717163, 'avg_kl_divergence': 7.61886739730835, 'entropy': 10.34834098815918}]",2.292569875717163,7.61886739730835,0.0
13,policy,True,"[{'step': 0, 'avg_l2_distance': 2.6717357635498047, 'avg_kl_divergence': 3.985097885131836, 'entropy': 10.824813842773438}, {'step': 1, 'avg_l2_distance': 2.6717357635498047, 'avg_kl_divergence': 3.985097885131836, 'entropy': 10.824811935424805}, {'step': 2, 'avg_l2_distance': 2.6717357635498047, 'avg_kl_divergence': 3.985097885131836, 'entropy': 10.824810028076172}, {'step': 3, 'avg_l2_distance': 2.6717357635498047, 'avg_kl_divergence': 3.985097885131836, 'entropy': 10.824807167053223}, {'step': 4, 'avg_l2_distance': 2.6717357635498047, 'avg_kl_divergence': 3.985097885131836, 'entropy': 10.824806213378906}, {'step': 5, 'avg_l2_distance': 2.6717357635498047, 'avg_kl_divergence': 3.985097885131836, 'entropy': 10.82480239868164}, {'step': 6, 'avg_l2_distance': 2.307558298110962, 'avg_kl_divergence': 2.255507707595825, 'entropy': 10.824799537658691}, {'step': 7, 'avg_l2_distance': 2.307558298110962, 'avg_kl_divergence': 2.255507707595825, 'entropy': 10.824810028076172}, {'step': 8, 'avg_l2_distance': 2.307558298110962, 'avg_kl_divergence': 2.255507707595825, 'entropy': 10.824807167053223}, {'step': 9, 'avg_l2_distance': 2.307558298110962, 'avg_kl_divergence': 2.255507707595825, 'entropy': 10.824803352355957}, {'step': 10, 'avg_l2_distance': 2.307558298110962, 'avg_kl_divergence': 2.255507707595825, 'entropy': 10.824799537658691}, {'step': 11, 'avg_l2_distance': 2.307558298110962, 'avg_kl_divergence': 2.255507707595825, 'entropy': 10.824795722961426}, {'step': 12, 'avg_l2_distance': 2.307558298110962, 'avg_kl_divergence': 2.255507707595825, 'entropy': 10.824792861938477}, {'step': 13, 'avg_l2_distance': 2.307558298110962, 'avg_kl_divergence': 2.255507707595825, 'entropy': 10.824787139892578}, {'step': 14, 'avg_l2_distance': 2.307558298110962, 'avg_kl_divergence': 2.255507707595825, 'entropy': 10.824780464172363}, {'step': 15, 'avg_l2_distance': 2.307558298110962, 'avg_kl_divergence': 2.255507707595825, 'entropy': 10.824776649475098}, {'step': 16, 'avg_l2_distance': 2.307558298110962, 'avg_kl_divergence': 2.255507707595825, 'entropy': 10.824769973754883}, {'step': 17, 'avg_l2_distance': 2.307558298110962, 'avg_kl_divergence': 2.255507707595825, 'entropy': 10.824762344360352}, {'step': 18, 'avg_l2_distance': 2.307558298110962, 'avg_kl_divergence': 2.255507707595825, 'entropy': 10.82475471496582}, {'step': 19, 'avg_l2_distance': 2.307558298110962, 'avg_kl_divergence': 2.255507707595825, 'entropy': 10.824746131896973}, {'step': 20, 'avg_l2_distance': 2.307558298110962, 'avg_kl_divergence': 2.255507707595825, 'entropy': 10.824737548828125}, {'step': 21, 'avg_l2_distance': 2.307558298110962, 'avg_kl_divergence': 2.255507707595825, 'entropy': 10.824728012084961}, {'step': 22, 'avg_l2_distance': 2.307558298110962, 'avg_kl_divergence': 2.255507707595825, 'entropy': 10.824716567993164}, {'step': 23, 'avg_l2_distance': 2.307558298110962, 'avg_kl_divergence': 2.255507707595825, 'entropy': 10.824703216552734}, {'step': 24, 'avg_l2_distance': 2.307558298110962, 'avg_kl_divergence': 2.255507707595825, 'entropy': 10.824689865112305}, {'step': 25, 'avg_l2_distance': 2.307558298110962, 'avg_kl_divergence': 2.255507707595825, 'entropy': 10.82467269897461}, {'step': 26, 'avg_l2_distance': 2.307558298110962, 'avg_kl_divergence': 2.255507707595825, 'entropy': 10.824654579162598}, {'step': 27, 'avg_l2_distance': 2.307558298110962, 'avg_kl_divergence': 2.255507707595825, 'entropy': 10.824633598327637}, {'step': 28, 'avg_l2_distance': 2.307558298110962, 'avg_kl_divergence': 2.255507707595825, 'entropy': 10.824610710144043}, {'step': 29, 'avg_l2_distance': 2.307558298110962, 'avg_kl_divergence': 2.255507707595825, 'entropy': 10.824584007263184}, {'step': 30, 'avg_l2_distance': 2.307558298110962, 'avg_kl_divergence': 2.255507707595825, 'entropy': 10.824552536010742}, {'step': 31, 'avg_l2_distance': 2.307558298110962, 'avg_kl_divergence': 2.255507707595825, 'entropy': 10.824514389038086}, {'step': 32, 'avg_l2_distance': 2.307558298110962, 'avg_kl_divergence': 2.255507707595825, 'entropy': 10.82447338104248}, {'step': 33, 'avg_l2_distance': 2.307558298110962, 'avg_kl_divergence': 2.255507707595825, 'entropy': 10.824421882629395}, {'step': 34, 'avg_l2_distance': 2.307558298110962, 'avg_kl_divergence': 2.255507707595825, 'entropy': 10.824361801147461}, {'step': 35, 'avg_l2_distance': 2.307558298110962, 'avg_kl_divergence': 2.255507707595825, 'entropy': 10.824287414550781}, {'step': 36, 'avg_l2_distance': 2.307558298110962, 'avg_kl_divergence': 2.255507707595825, 'entropy': 10.824195861816406}, {'step': 37, 'avg_l2_distance': 2.307558298110962, 'avg_kl_divergence': 2.255507707595825, 'entropy': 10.824084281921387}, {'step': 38, 'avg_l2_distance': 2.307558298110962, 'avg_kl_divergence': 2.255507707595825, 'entropy': 10.82394027709961}, {'step': 39, 'avg_l2_distance': 2.307558298110962, 'avg_kl_divergence': 2.255507707595825, 'entropy': 10.823758125305176}, {'step': 40, 'avg_l2_distance': 2.307558298110962, 'avg_kl_divergence': 2.255507707595825, 'entropy': 10.823514938354492}, {'step': 41, 'avg_l2_distance': 2.307558298110962, 'avg_kl_divergence': 2.255507707595825, 'entropy': 10.823184967041016}, {'step': 42, 'avg_l2_distance': 2.307558298110962, 'avg_kl_divergence': 2.255507707595825, 'entropy': 10.822721481323242}, {'step': 43, 'avg_l2_distance': 2.307558298110962, 'avg_kl_divergence': 2.255507707595825, 'entropy': 10.822036743164062}, {'step': 44, 'avg_l2_distance': 2.307558298110962, 'avg_kl_divergence': 2.255507707595825, 'entropy': 10.820966720581055}, {'step': 45, 'avg_l2_distance': 2.307558298110962, 'avg_kl_divergence': 2.255507707595825, 'entropy': 10.819145202636719}, {'step': 46, 'avg_l2_distance': 2.307558298110962, 'avg_kl_divergence': 2.255507707595825, 'entropy': 10.81564712524414}, {'step': 47, 'avg_l2_distance': 2.307558298110962, 'avg_kl_divergence': 2.255507707595825, 'entropy': 10.807403564453125}, {'step': 48, 'avg_l2_distance': 2.307558298110962, 'avg_kl_divergence': 2.255507707595825, 'entropy': 10.778491973876953}, {'step': 49, 'avg_l2_distance': 2.307558298110962, 'avg_kl_divergence': 2.255507707595825, 'entropy': 10.330739974975586}]",2.307558298110962,2.255507707595825,0.0
14,policy,True,"[{'step': 0, 'avg_l2_distance': 2.678391218185425, 'avg_kl_divergence': 6.942639350891113, 'entropy': 10.824837684631348}, {'step': 1, 'avg_l2_distance': 2.678391218185425, 'avg_kl_divergence': 6.942639350891113, 'entropy': 10.82484245300293}, {'step': 2, 'avg_l2_distance': 2.678391218185425, 'avg_kl_divergence': 6.942639350891113, 'entropy': 10.824841499328613}, {'step': 3, 'avg_l2_distance': 2.6486454010009766, 'avg_kl_divergence': 3.266385078430176, 'entropy': 10.82483959197998}, {'step': 4, 'avg_l2_distance': 2.6486454010009766, 'avg_kl_divergence': 3.266385078430176, 'entropy': 10.824817657470703}, {'step': 5, 'avg_l2_distance': 2.6486454010009766, 'avg_kl_divergence': 3.266385078430176, 'entropy': 10.82481575012207}, {'step': 6, 'avg_l2_distance': 2.6486454010009766, 'avg_kl_divergence': 3.266385078430176, 'entropy': 10.824813842773438}, {'step': 7, 'avg_l2_distance': 2.6486454010009766, 'avg_kl_divergence': 3.266385078430176, 'entropy': 10.824810028076172}, {'step': 8, 'avg_l2_distance': 2.6486454010009766, 'avg_kl_divergence': 3.266385078430176, 'entropy': 10.824808120727539}, {'step': 9, 'avg_l2_distance': 2.6486454010009766, 'avg_kl_divergence': 3.266385078430176, 'entropy': 10.824806213378906}, {'step': 10, 'avg_l2_distance': 2.6486454010009766, 'avg_kl_divergence': 3.266385078430176, 'entropy': 10.824803352355957}, {'step': 11, 'avg_l2_distance': 2.6486454010009766, 'avg_kl_divergence': 3.266385078430176, 'entropy': 10.824799537658691}, {'step': 12, 'avg_l2_distance': 2.240295886993408, 'avg_kl_divergence': 5.863771438598633, 'entropy': 10.824796676635742}, {'step': 13, 'avg_l2_distance': 2.240295886993408, 'avg_kl_divergence': 5.863771438598633, 'entropy': 10.824817657470703}, {'step': 14, 'avg_l2_distance': 2.240295886993408, 'avg_kl_divergence': 5.863771438598633, 'entropy': 10.824813842773438}, {'step': 15, 'avg_l2_distance': 2.240295886993408, 'avg_kl_divergence': 5.863771438598633, 'entropy': 10.824810028076172}, {'step': 16, 'avg_l2_distance': 2.240295886993408, 'avg_kl_divergence': 5.863771438598633, 'entropy': 10.824806213378906}, {'step': 17, 'avg_l2_distance': 2.240295886993408, 'avg_kl_divergence': 5.863771438598633, 'entropy': 10.824800491333008}, {'step': 18, 'avg_l2_distance': 2.240295886993408, 'avg_kl_divergence': 5.863771438598633, 'entropy': 10.824795722961426}, {'step': 19, 'avg_l2_distance': 2.240295886993408, 'avg_kl_divergence': 5.863771438598633, 'entropy': 10.824789047241211}, {'step': 20, 'avg_l2_distance': 2.240295886993408, 'avg_kl_divergence': 5.863771438598633, 'entropy': 10.824782371520996}, {'step': 21, 'avg_l2_distance': 2.240295886993408, 'avg_kl_divergence': 5.863771438598633, 'entropy': 10.824773788452148}, {'step': 22, 'avg_l2_distance': 2.240295886993408, 'avg_kl_divergence': 5.863771438598633, 'entropy': 10.824766159057617}, {'step': 23, 'avg_l2_distance': 2.240295886993408, 'avg_kl_divergence': 5.863771438598633, 'entropy': 10.824756622314453}, {'step': 24, 'avg_l2_distance': 2.240295886993408, 'avg_kl_divergence': 5.863771438598633, 'entropy': 10.824745178222656}, {'step': 25, 'avg_l2_distance': 2.240295886993408, 'avg_kl_divergence': 5.863771438598633, 'entropy': 10.824732780456543}, {'step': 26, 'avg_l2_distance': 2.240295886993408, 'avg_kl_divergence': 5.863771438598633, 'entropy': 10.824718475341797}, {'step': 27, 'avg_l2_distance': 2.240295886993408, 'avg_kl_divergence': 5.863771438598633, 'entropy': 10.824702262878418}, {'step': 28, 'avg_l2_distance': 2.240295886993408, 'avg_kl_divergence': 5.863771438598633, 'entropy': 10.824684143066406}, {'step': 29, 'avg_l2_distance': 2.240295886993408, 'avg_kl_divergence': 5.863771438598633, 'entropy': 10.824662208557129}, {'step': 30, 'avg_l2_distance': 2.240295886993408, 'avg_kl_divergence': 5.863771438598633, 'entropy': 10.824637413024902}, {'step': 31, 'avg_l2_distance': 2.240295886993408, 'avg_kl_divergence': 5.863771438598633, 'entropy': 10.824607849121094}, {'step': 32, 'avg_l2_distance': 2.240295886993408, 'avg_kl_divergence': 5.863771438598633, 'entropy': 10.824572563171387}, {'step': 33, 'avg_l2_distance': 2.240295886993408, 'avg_kl_divergence': 5.863771438598633, 'entropy': 10.824530601501465}, {'step': 34, 'avg_l2_distance': 2.240295886993408, 'avg_kl_divergence': 5.863771438598633, 'entropy': 10.824480056762695}, {'step': 35, 'avg_l2_distance': 2.240295886993408, 'avg_kl_divergence': 5.863771438598633, 'entropy': 10.824419021606445}, {'step': 36, 'avg_l2_distance': 2.240295886993408, 'avg_kl_divergence': 5.863771438598633, 'entropy': 10.824341773986816}, {'step': 37, 'avg_l2_distance': 2.240295886993408, 'avg_kl_divergence': 5.863771438598633, 'entropy': 10.82424545288086}, {'step': 38, 'avg_l2_distance': 2.4945929050445557, 'avg_kl_divergence': 9.295108795166016, 'entropy': 10.824124336242676}, {'step': 39, 'avg_l2_distance': 2.4945929050445557, 'avg_kl_divergence': 9.295108795166016, 'entropy': 10.823873519897461}, {'step': 40, 'avg_l2_distance': 2.4945929050445557, 'avg_kl_divergence': 9.295108795166016, 'entropy': 10.823652267456055}, {'step': 41, 'avg_l2_distance': 2.4945929050445557, 'avg_kl_divergence': 9.295108795166016, 'entropy': 10.823347091674805}, {'step': 42, 'avg_l2_distance': 2.4945929050445557, 'avg_kl_divergence': 9.295108795166016, 'entropy': 10.822918891906738}, {'step': 43, 'avg_l2_distance': 2.4945929050445557, 'avg_kl_divergence': 9.295108795166016, 'entropy': 10.822282791137695}, {'step': 44, 'avg_l2_distance': 2.4945929050445557, 'avg_kl_divergence': 9.295108795166016, 'entropy': 10.821285247802734}, {'step': 45, 'avg_l2_distance': 2.4945929050445557, 'avg_kl_divergence': 9.295108795166016, 'entropy': 10.819581031799316}, {'step': 46, 'avg_l2_distance': 2.4945929050445557, 'avg_kl_divergence': 9.295108795166016, 'entropy': 10.816286087036133}, {'step': 47, 'avg_l2_distance': 2.4945929050445557, 'avg_kl_divergence': 9.295108795166016, 'entropy': 10.808464050292969}, {'step': 48, 'avg_l2_distance': 2.4945929050445557, 'avg_kl_divergence': 9.295108795166016, 'entropy': 10.780572891235352}, {'step': 49, 'avg_l2_distance': 2.4945929050445557, 'avg_kl_divergence': 9.295108795166016, 'entropy': 10.126880645751953}]",2.4945929050445557,9.295108795166016,0.0
15,policy,True,"[{'step': 0, 'avg_l2_distance': 2.392531156539917, 'avg_kl_divergence': 2.2830262184143066, 'entropy': 10.824790954589844}, {'step': 1, 'avg_l2_distance': 2.392531156539917, 'avg_kl_divergence': 2.2830262184143066, 'entropy': 10.824803352355957}, {'step': 2, 'avg_l2_distance': 2.392531156539917, 'avg_kl_divergence': 2.2830262184143066, 'entropy': 10.82480239868164}, {'step': 3, 'avg_l2_distance': 2.4842946529388428, 'avg_kl_divergence': 1.7931090593338013, 'entropy': 10.824798583984375}, {'step': 4, 'avg_l2_distance': 2.3514742851257324, 'avg_kl_divergence': 0.8302198648452759, 'entropy': 10.824787139892578}, {'step': 5, 'avg_l2_distance': 2.3514742851257324, 'avg_kl_divergence': 0.8302198648452759, 'entropy': 10.824792861938477}, {'step': 6, 'avg_l2_distance': 2.3514742851257324, 'avg_kl_divergence': 0.8302198648452759, 'entropy': 10.824790954589844}, {'step': 7, 'avg_l2_distance': 2.3514742851257324, 'avg_kl_divergence': 0.8302198648452759, 'entropy': 10.824787139892578}, {'step': 8, 'avg_l2_distance': 2.3514742851257324, 'avg_kl_divergence': 0.8302198648452759, 'entropy': 10.824784278869629}, {'step': 9, 'avg_l2_distance': 2.3514742851257324, 'avg_kl_divergence': 0.8302198648452759, 'entropy': 10.824779510498047}, {'step': 10, 'avg_l2_distance': 2.3514742851257324, 'avg_kl_divergence': 0.8302198648452759, 'entropy': 10.824775695800781}, {'step': 11, 'avg_l2_distance': 2.436785936355591, 'avg_kl_divergence': 1.7823073863983154, 'entropy': 10.824771881103516}, {'step': 12, 'avg_l2_distance': 2.436785936355591, 'avg_kl_divergence': 1.7823073863983154, 'entropy': 10.824795722961426}, {'step': 13, 'avg_l2_distance': 2.436785936355591, 'avg_kl_divergence': 1.7823073863983154, 'entropy': 10.824792861938477}, {'step': 14, 'avg_l2_distance': 2.436785936355591, 'avg_kl_divergence': 1.7823073863983154, 'entropy': 10.824786186218262}, {'step': 15, 'avg_l2_distance': 2.5558111667633057, 'avg_kl_divergence': 0.8962527513504028, 'entropy': 10.824780464172363}, {'step': 16, 'avg_l2_distance': 2.61503005027771, 'avg_kl_divergence': 0.9182921051979065, 'entropy': 10.824753761291504}, {'step': 17, 'avg_l2_distance': 2.569010019302368, 'avg_kl_divergence': 1.1658982038497925, 'entropy': 10.82474136352539}, {'step': 18, 'avg_l2_distance': 2.569010019302368, 'avg_kl_divergence': 1.1658982038497925, 'entropy': 10.824716567993164}, {'step': 19, 'avg_l2_distance': 2.569010019302368, 'avg_kl_divergence': 1.1658982038497925, 'entropy': 10.82470703125}, {'step': 20, 'avg_l2_distance': 2.569010019302368, 'avg_kl_divergence': 1.1658982038497925, 'entropy': 10.824698448181152}, {'step': 21, 'avg_l2_distance': 2.569010019302368, 'avg_kl_divergence': 1.1658982038497925, 'entropy': 10.824688911437988}, {'step': 22, 'avg_l2_distance': 2.569010019302368, 'avg_kl_divergence': 1.1658982038497925, 'entropy': 10.824678421020508}, {'step': 23, 'avg_l2_distance': 2.569010019302368, 'avg_kl_divergence': 1.1658982038497925, 'entropy': 10.824666023254395}, {'step': 24, 'avg_l2_distance': 2.569010019302368, 'avg_kl_divergence': 1.1658982038497925, 'entropy': 10.824652671813965}, {'step': 25, 'avg_l2_distance': 2.569010019302368, 'avg_kl_divergence': 1.1658982038497925, 'entropy': 10.824637413024902}, {'step': 26, 'avg_l2_distance': 2.569010019302368, 'avg_kl_divergence': 1.1658982038497925, 'entropy': 10.824621200561523}, {'step': 27, 'avg_l2_distance': 2.569010019302368, 'avg_kl_divergence': 1.1658982038497925, 'entropy': 10.824602127075195}, {'step': 28, 'avg_l2_distance': 2.569010019302368, 'avg_kl_divergence': 1.1658982038497925, 'entropy': 10.824581146240234}, {'step': 29, 'avg_l2_distance': 2.2748775482177734, 'avg_kl_divergence': 0.6880910396575928, 'entropy': 10.824557304382324}, {'step': 30, 'avg_l2_distance': 2.2748775482177734, 'avg_kl_divergence': 0.6880910396575928, 'entropy': 10.824590682983398}, {'step': 31, 'avg_l2_distance': 2.2748775482177734, 'avg_kl_divergence': 0.6880910396575928, 'entropy': 10.824559211730957}, {'step': 32, 'avg_l2_distance': 2.2748775482177734, 'avg_kl_divergence': 0.6880910396575928, 'entropy': 10.824522972106934}, {'step': 33, 'avg_l2_distance': 2.2748775482177734, 'avg_kl_divergence': 0.6880910396575928, 'entropy': 10.824477195739746}, {'step': 34, 'avg_l2_distance': 2.2748775482177734, 'avg_kl_divergence': 0.6880910396575928, 'entropy': 10.82442569732666}, {'step': 35, 'avg_l2_distance': 2.4529848098754883, 'avg_kl_divergence': 1.3957984447479248, 'entropy': 10.824359893798828}, {'step': 36, 'avg_l2_distance': 2.4529848098754883, 'avg_kl_divergence': 1.3957984447479248, 'entropy': 10.824162483215332}, {'step': 37, 'avg_l2_distance': 2.4529848098754883, 'avg_kl_divergence': 1.3957984447479248, 'entropy': 10.824054718017578}, {'step': 38, 'avg_l2_distance': 2.4529848098754883, 'avg_kl_divergence': 1.3957984447479248, 'entropy': 10.823919296264648}, {'step': 39, 'avg_l2_distance': 2.4529848098754883, 'avg_kl_divergence': 1.3957984447479248, 'entropy': 10.823746681213379}, {'step': 40, 'avg_l2_distance': 2.4529848098754883, 'avg_kl_divergence': 1.3957984447479248, 'entropy': 10.823517799377441}, {'step': 41, 'avg_l2_distance': 2.4529848098754883, 'avg_kl_divergence': 1.3957984447479248, 'entropy': 10.823209762573242}, {'step': 42, 'avg_l2_distance': 2.4529848098754883, 'avg_kl_divergence': 1.3957984447479248, 'entropy': 10.822776794433594}, {'step': 43, 'avg_l2_distance': 2.4529848098754883, 'avg_kl_divergence': 1.3957984447479248, 'entropy': 10.822141647338867}, {'step': 44, 'avg_l2_distance': 2.4529848098754883, 'avg_kl_divergence': 1.3957984447479248, 'entropy': 10.821157455444336}, {'step': 45, 'avg_l2_distance': 2.4529848098754883, 'avg_kl_divergence': 1.3957984447479248, 'entropy': 10.819488525390625}, {'step': 46, 'avg_l2_distance': 2.4529848098754883, 'avg_kl_divergence': 1.3957984447479248, 'entropy': 10.816299438476562}, {'step': 47, 'avg_l2_distance': 2.4529848098754883, 'avg_kl_divergence': 1.3957984447479248, 'entropy': 10.808835983276367}, {'step': 48, 'avg_l2_distance': 2.4529848098754883, 'avg_kl_divergence': 1.3957984447479248, 'entropy': 10.782817840576172}, {'step': 49, 'avg_l2_distance': 2.4529848098754883, 'avg_kl_divergence': 1.3957984447479248, 'entropy': 10.222429275512695}]",2.4529848098754883,1.3957984447479248,0.0
16,policy,True,"[{'step': 0, 'avg_l2_distance': 2.3852005004882812, 'avg_kl_divergence': 10.203877449035645, 'entropy': 10.824785232543945}, {'step': 1, 'avg_l2_distance': 2.3852005004882812, 'avg_kl_divergence': 10.203877449035645, 'entropy': 10.824782371520996}, {'step': 2, 'avg_l2_distance': 2.7761430740356445, 'avg_kl_divergence': 9.805810928344727, 'entropy': 10.824779510498047}, {'step': 3, 'avg_l2_distance': 2.7761430740356445, 'avg_kl_divergence': 9.805810928344727, 'entropy': 10.82479476928711}, {'step': 4, 'avg_l2_distance': 2.7761430740356445, 'avg_kl_divergence': 9.805810928344727, 'entropy': 10.824792861938477}, {'step': 5, 'avg_l2_distance': 2.7761430740356445, 'avg_kl_divergence': 9.805810928344727, 'entropy': 10.824790000915527}, {'step': 6, 'avg_l2_distance': 2.7761430740356445, 'avg_kl_divergence': 9.805810928344727, 'entropy': 10.824786186218262}, {'step': 7, 'avg_l2_distance': 2.7761430740356445, 'avg_kl_divergence': 9.805810928344727, 'entropy': 10.824783325195312}, {'step': 8, 'avg_l2_distance': 2.7761430740356445, 'avg_kl_divergence': 9.805810928344727, 'entropy': 10.824779510498047}, {'step': 9, 'avg_l2_distance': 2.3717687129974365, 'avg_kl_divergence': 3.4214730262756348, 'entropy': 10.824775695800781}, {'step': 10, 'avg_l2_distance': 2.3717687129974365, 'avg_kl_divergence': 3.4214730262756348, 'entropy': 10.824785232543945}, {'step': 11, 'avg_l2_distance': 2.3717687129974365, 'avg_kl_divergence': 3.4214730262756348, 'entropy': 10.824779510498047}, {'step': 12, 'avg_l2_distance': 2.3717687129974365, 'avg_kl_divergence': 3.4214730262756348, 'entropy': 10.824775695800781}, {'step': 13, 'avg_l2_distance': 2.3717687129974365, 'avg_kl_divergence': 3.4214730262756348, 'entropy': 10.824769973754883}, {'step': 14, 'avg_l2_distance': 2.3717687129974365, 'avg_kl_divergence': 3.4214730262756348, 'entropy': 10.8247652053833}, {'step': 15, 'avg_l2_distance': 2.3717687129974365, 'avg_kl_divergence': 3.4214730262756348, 'entropy': 10.824759483337402}, {'step': 16, 'avg_l2_distance': 2.3717687129974365, 'avg_kl_divergence': 3.4214730262756348, 'entropy': 10.824750900268555}, {'step': 17, 'avg_l2_distance': 2.3717687129974365, 'avg_kl_divergence': 3.4214730262756348, 'entropy': 10.824745178222656}, {'step': 18, 'avg_l2_distance': 2.3717687129974365, 'avg_kl_divergence': 3.4214730262756348, 'entropy': 10.824737548828125}, {'step': 19, 'avg_l2_distance': 2.3717687129974365, 'avg_kl_divergence': 3.4214730262756348, 'entropy': 10.824728012084961}, {'step': 20, 'avg_l2_distance': 2.3717687129974365, 'avg_kl_divergence': 3.4214730262756348, 'entropy': 10.824718475341797}, {'step': 21, 'avg_l2_distance': 2.3717687129974365, 'avg_kl_divergence': 3.4214730262756348, 'entropy': 10.82470703125}, {'step': 22, 'avg_l2_distance': 2.3717687129974365, 'avg_kl_divergence': 3.4214730262756348, 'entropy': 10.82469654083252}, {'step': 23, 'avg_l2_distance': 2.3717687129974365, 'avg_kl_divergence': 3.4214730262756348, 'entropy': 10.824682235717773}, {'step': 24, 'avg_l2_distance': 2.3717687129974365, 'avg_kl_divergence': 3.4214730262756348, 'entropy': 10.824668884277344}, {'step': 25, 'avg_l2_distance': 2.3717687129974365, 'avg_kl_divergence': 3.4214730262756348, 'entropy': 10.824652671813965}, {'step': 26, 'avg_l2_distance': 2.3717687129974365, 'avg_kl_divergence': 3.4214730262756348, 'entropy': 10.82463264465332}, {'step': 27, 'avg_l2_distance': 2.3717687129974365, 'avg_kl_divergence': 3.4214730262756348, 'entropy': 10.82461166381836}, {'step': 28, 'avg_l2_distance': 2.3717687129974365, 'avg_kl_divergence': 3.4214730262756348, 'entropy': 10.82458782196045}, {'step': 29, 'avg_l2_distance': 2.3717687129974365, 'avg_kl_divergence': 3.4214730262756348, 'entropy': 10.824560165405273}, {'step': 30, 'avg_l2_distance': 2.3717687129974365, 'avg_kl_divergence': 3.4214730262756348, 'entropy': 10.824527740478516}, {'step': 31, 'avg_l2_distance': 2.3717687129974365, 'avg_kl_divergence': 3.4214730262756348, 'entropy': 10.824490547180176}, {'step': 32, 'avg_l2_distance': 2.3717687129974365, 'avg_kl_divergence': 3.4214730262756348, 'entropy': 10.824445724487305}, {'step': 33, 'avg_l2_distance': 2.3717687129974365, 'avg_kl_divergence': 3.4214730262756348, 'entropy': 10.824394226074219}, {'step': 34, 'avg_l2_distance': 2.3717687129974365, 'avg_kl_divergence': 3.4214730262756348, 'entropy': 10.824333190917969}, {'step': 35, 'avg_l2_distance': 2.3717687129974365, 'avg_kl_divergence': 3.4214730262756348, 'entropy': 10.824257850646973}, {'step': 36, 'avg_l2_distance': 2.3717687129974365, 'avg_kl_divergence': 3.4214730262756348, 'entropy': 10.824167251586914}, {'step': 37, 'avg_l2_distance': 2.3717687129974365, 'avg_kl_divergence': 3.4214730262756348, 'entropy': 10.824052810668945}, {'step': 38, 'avg_l2_distance': 2.3717687129974365, 'avg_kl_divergence': 3.4214730262756348, 'entropy': 10.8239107131958}, {'step': 39, 'avg_l2_distance': 2.3717687129974365, 'avg_kl_divergence': 3.4214730262756348, 'entropy': 10.823726654052734}, {'step': 40, 'avg_l2_distance': 2.3717687129974365, 'avg_kl_divergence': 3.4214730262756348, 'entropy': 10.823482513427734}, {'step': 41, 'avg_l2_distance': 2.3717687129974365, 'avg_kl_divergence': 3.4214730262756348, 'entropy': 10.823150634765625}, {'step': 42, 'avg_l2_distance': 2.3717687129974365, 'avg_kl_divergence': 3.4214730262756348, 'entropy': 10.822685241699219}, {'step': 43, 'avg_l2_distance': 2.3717687129974365, 'avg_kl_divergence': 3.4214730262756348, 'entropy': 10.82199764251709}, {'step': 44, 'avg_l2_distance': 2.3717687129974365, 'avg_kl_divergence': 3.4214730262756348, 'entropy': 10.8209228515625}, {'step': 45, 'avg_l2_distance': 2.3717687129974365, 'avg_kl_divergence': 3.4214730262756348, 'entropy': 10.81909465789795}, {'step': 46, 'avg_l2_distance': 2.3717687129974365, 'avg_kl_divergence': 3.4214730262756348, 'entropy': 10.815572738647461}, {'step': 47, 'avg_l2_distance': 2.3717687129974365, 'avg_kl_divergence': 3.4214730262756348, 'entropy': 10.807258605957031}, {'step': 48, 'avg_l2_distance': 2.3717687129974365, 'avg_kl_divergence': 3.4214730262756348, 'entropy': 10.77797794342041}, {'step': 49, 'avg_l2_distance': 2.3717687129974365, 'avg_kl_divergence': 3.4214730262756348, 'entropy': 10.373566627502441}]",2.3717687129974365,3.4214730262756348,0.0
17,policy,True,"[{'step': 0, 'avg_l2_distance': 3.099510908126831, 'avg_kl_divergence': 4.918539047241211, 'entropy': 10.82474136352539}, {'step': 1, 'avg_l2_distance': 3.099510908126831, 'avg_kl_divergence': 4.918539047241211, 'entropy': 10.824738502502441}, {'step': 2, 'avg_l2_distance': 2.8474512100219727, 'avg_kl_divergence': 1.0189770460128784, 'entropy': 10.82473373413086}, {'step': 3, 'avg_l2_distance': 3.0086348056793213, 'avg_kl_divergence': 9.084895133972168, 'entropy': 10.824803352355957}, {'step': 4, 'avg_l2_distance': 3.0086348056793213, 'avg_kl_divergence': 9.084895133972168, 'entropy': 10.824783325195312}, {'step': 5, 'avg_l2_distance': 3.0086348056793213, 'avg_kl_divergence': 9.084895133972168, 'entropy': 10.824780464172363}, {'step': 6, 'avg_l2_distance': 3.0086348056793213, 'avg_kl_divergence': 9.084895133972168, 'entropy': 10.824777603149414}, {'step': 7, 'avg_l2_distance': 2.974508047103882, 'avg_kl_divergence': 5.136693954467773, 'entropy': 10.824773788452148}, {'step': 8, 'avg_l2_distance': 2.974508047103882, 'avg_kl_divergence': 5.136693954467773, 'entropy': 10.824800491333008}, {'step': 9, 'avg_l2_distance': 2.974508047103882, 'avg_kl_divergence': 5.136693954467773, 'entropy': 10.824796676635742}, {'step': 10, 'avg_l2_distance': 2.974508047103882, 'avg_kl_divergence': 5.136693954467773, 'entropy': 10.824792861938477}, {'step': 11, 'avg_l2_distance': 2.90142822265625, 'avg_kl_divergence': 2.425884962081909, 'entropy': 10.824789047241211}, {'step': 12, 'avg_l2_distance': 2.90142822265625, 'avg_kl_divergence': 2.425884962081909, 'entropy': 10.824822425842285}, {'step': 13, 'avg_l2_distance': 2.90142822265625, 'avg_kl_divergence': 2.425884962081909, 'entropy': 10.824820518493652}, {'step': 14, 'avg_l2_distance': 2.90142822265625, 'avg_kl_divergence': 2.425884962081909, 'entropy': 10.824816703796387}, {'step': 15, 'avg_l2_distance': 2.90142822265625, 'avg_kl_divergence': 2.425884962081909, 'entropy': 10.824811935424805}, {'step': 16, 'avg_l2_distance': 2.90142822265625, 'avg_kl_divergence': 2.425884962081909, 'entropy': 10.824809074401855}, {'step': 17, 'avg_l2_distance': 3.06200909614563, 'avg_kl_divergence': 8.244058609008789, 'entropy': 10.824804306030273}, {'step': 18, 'avg_l2_distance': 3.06200909614563, 'avg_kl_divergence': 8.244058609008789, 'entropy': 10.824731826782227}, {'step': 19, 'avg_l2_distance': 3.06200909614563, 'avg_kl_divergence': 8.244058609008789, 'entropy': 10.824723243713379}, {'step': 20, 'avg_l2_distance': 3.06200909614563, 'avg_kl_divergence': 8.244058609008789, 'entropy': 10.824715614318848}, {'step': 21, 'avg_l2_distance': 3.06200909614563, 'avg_kl_divergence': 8.244058609008789, 'entropy': 10.824705123901367}, {'step': 22, 'avg_l2_distance': 3.06200909614563, 'avg_kl_divergence': 8.244058609008789, 'entropy': 10.82469367980957}, {'step': 23, 'avg_l2_distance': 3.06200909614563, 'avg_kl_divergence': 8.244058609008789, 'entropy': 10.824682235717773}, {'step': 24, 'avg_l2_distance': 3.06200909614563, 'avg_kl_divergence': 8.244058609008789, 'entropy': 10.824667930603027}, {'step': 25, 'avg_l2_distance': 3.06200909614563, 'avg_kl_divergence': 8.244058609008789, 'entropy': 10.824653625488281}, {'step': 26, 'avg_l2_distance': 3.06200909614563, 'avg_kl_divergence': 8.244058609008789, 'entropy': 10.824634552001953}, {'step': 27, 'avg_l2_distance': 3.06200909614563, 'avg_kl_divergence': 8.244058609008789, 'entropy': 10.824615478515625}, {'step': 28, 'avg_l2_distance': 3.06200909614563, 'avg_kl_divergence': 8.244058609008789, 'entropy': 10.824593544006348}, {'step': 29, 'avg_l2_distance': 3.06200909614563, 'avg_kl_divergence': 8.244058609008789, 'entropy': 10.824567794799805}, {'step': 30, 'avg_l2_distance': 3.06200909614563, 'avg_kl_divergence': 8.244058609008789, 'entropy': 10.824539184570312}, {'step': 31, 'avg_l2_distance': 3.06200909614563, 'avg_kl_divergence': 8.244058609008789, 'entropy': 10.824503898620605}, {'step': 32, 'avg_l2_distance': 3.06200909614563, 'avg_kl_divergence': 8.244058609008789, 'entropy': 10.824464797973633}, {'step': 33, 'avg_l2_distance': 3.06200909614563, 'avg_kl_divergence': 8.244058609008789, 'entropy': 10.824419021606445}, {'step': 34, 'avg_l2_distance': 3.06200909614563, 'avg_kl_divergence': 8.244058609008789, 'entropy': 10.824361801147461}, {'step': 35, 'avg_l2_distance': 3.06200909614563, 'avg_kl_divergence': 8.244058609008789, 'entropy': 10.824295997619629}, {'step': 36, 'avg_l2_distance': 3.06200909614563, 'avg_kl_divergence': 8.244058609008789, 'entropy': 10.824213981628418}, {'step': 37, 'avg_l2_distance': 3.06200909614563, 'avg_kl_divergence': 8.244058609008789, 'entropy': 10.824113845825195}, {'step': 38, 'avg_l2_distance': 3.06200909614563, 'avg_kl_divergence': 8.244058609008789, 'entropy': 10.823986053466797}, {'step': 39, 'avg_l2_distance': 3.06200909614563, 'avg_kl_divergence': 8.244058609008789, 'entropy': 10.823822975158691}, {'step': 40, 'avg_l2_distance': 3.06200909614563, 'avg_kl_divergence': 8.244058609008789, 'entropy': 10.8236083984375}, {'step': 41, 'avg_l2_distance': 3.06200909614563, 'avg_kl_divergence': 8.244058609008789, 'entropy': 10.823317527770996}, {'step': 42, 'avg_l2_distance': 3.06200909614563, 'avg_kl_divergence': 8.244058609008789, 'entropy': 10.82291030883789}, {'step': 43, 'avg_l2_distance': 3.06200909614563, 'avg_kl_divergence': 8.244058609008789, 'entropy': 10.822315216064453}, {'step': 44, 'avg_l2_distance': 3.06200909614563, 'avg_kl_divergence': 8.244058609008789, 'entropy': 10.82138729095459}, {'step': 45, 'avg_l2_distance': 3.06200909614563, 'avg_kl_divergence': 8.244058609008789, 'entropy': 10.819820404052734}, {'step': 46, 'avg_l2_distance': 3.06200909614563, 'avg_kl_divergence': 8.244058609008789, 'entropy': 10.816829681396484}, {'step': 47, 'avg_l2_distance': 3.06200909614563, 'avg_kl_divergence': 8.244058609008789, 'entropy': 10.809842109680176}, {'step': 48, 'avg_l2_distance': 3.06200909614563, 'avg_kl_divergence': 8.244058609008789, 'entropy': 10.785568237304688}, {'step': 49, 'avg_l2_distance': 3.06200909614563, 'avg_kl_divergence': 8.244058609008789, 'entropy': 10.135504722595215}]",3.06200909614563,8.244058609008789,0.0
18,policy,True,"[{'step': 0, 'avg_l2_distance': 2.396442174911499, 'avg_kl_divergence': 9.470787048339844, 'entropy': 10.82479190826416}, {'step': 1, 'avg_l2_distance': 2.719223976135254, 'avg_kl_divergence': 2.879258155822754, 'entropy': 10.824790000915527}, {'step': 2, 'avg_l2_distance': 2.719223976135254, 'avg_kl_divergence': 2.879258155822754, 'entropy': 10.824811935424805}, {'step': 3, 'avg_l2_distance': 2.719223976135254, 'avg_kl_divergence': 2.879258155822754, 'entropy': 10.824810028076172}, {'step': 4, 'avg_l2_distance': 2.719223976135254, 'avg_kl_divergence': 2.879258155822754, 'entropy': 10.824808120727539}, {'step': 5, 'avg_l2_distance': 2.719223976135254, 'avg_kl_divergence': 2.879258155822754, 'entropy': 10.824806213378906}, {'step': 6, 'avg_l2_distance': 2.614420175552368, 'avg_kl_divergence': 5.275694370269775, 'entropy': 10.824804306030273}, {'step': 7, 'avg_l2_distance': 2.614420175552368, 'avg_kl_divergence': 5.275694370269775, 'entropy': 10.824737548828125}, {'step': 8, 'avg_l2_distance': 2.614420175552368, 'avg_kl_divergence': 5.275694370269775, 'entropy': 10.82473373413086}, {'step': 9, 'avg_l2_distance': 2.614420175552368, 'avg_kl_divergence': 5.275694370269775, 'entropy': 10.824728012084961}, {'step': 10, 'avg_l2_distance': 2.614420175552368, 'avg_kl_divergence': 5.275694370269775, 'entropy': 10.824722290039062}, {'step': 11, 'avg_l2_distance': 2.614420175552368, 'avg_kl_divergence': 5.275694370269775, 'entropy': 10.824716567993164}, {'step': 12, 'avg_l2_distance': 2.614420175552368, 'avg_kl_divergence': 5.275694370269775, 'entropy': 10.824710845947266}, {'step': 13, 'avg_l2_distance': 2.750638723373413, 'avg_kl_divergence': 6.0550994873046875, 'entropy': 10.824705123901367}, {'step': 14, 'avg_l2_distance': 2.750638723373413, 'avg_kl_divergence': 6.0550994873046875, 'entropy': 10.824775695800781}, {'step': 15, 'avg_l2_distance': 2.750638723373413, 'avg_kl_divergence': 6.0550994873046875, 'entropy': 10.8247709274292}, {'step': 16, 'avg_l2_distance': 2.750638723373413, 'avg_kl_divergence': 6.0550994873046875, 'entropy': 10.8247652053833}, {'step': 17, 'avg_l2_distance': 2.5240347385406494, 'avg_kl_divergence': 5.621044158935547, 'entropy': 10.824758529663086}, {'step': 18, 'avg_l2_distance': 2.5240347385406494, 'avg_kl_divergence': 5.621044158935547, 'entropy': 10.824684143066406}, {'step': 19, 'avg_l2_distance': 2.5240347385406494, 'avg_kl_divergence': 5.621044158935547, 'entropy': 10.824674606323242}, {'step': 20, 'avg_l2_distance': 2.5240347385406494, 'avg_kl_divergence': 5.621044158935547, 'entropy': 10.824664115905762}, {'step': 21, 'avg_l2_distance': 2.5240347385406494, 'avg_kl_divergence': 5.621044158935547, 'entropy': 10.824652671813965}, {'step': 22, 'avg_l2_distance': 2.5240347385406494, 'avg_kl_divergence': 5.621044158935547, 'entropy': 10.824640274047852}, {'step': 23, 'avg_l2_distance': 2.5240347385406494, 'avg_kl_divergence': 5.621044158935547, 'entropy': 10.824625968933105}, {'step': 24, 'avg_l2_distance': 2.7217235565185547, 'avg_kl_divergence': 4.199963569641113, 'entropy': 10.824609756469727}, {'step': 25, 'avg_l2_distance': 2.7217235565185547, 'avg_kl_divergence': 4.199963569641113, 'entropy': 10.824674606323242}, {'step': 26, 'avg_l2_distance': 2.7217235565185547, 'avg_kl_divergence': 4.199963569641113, 'entropy': 10.824657440185547}, {'step': 27, 'avg_l2_distance': 2.7217235565185547, 'avg_kl_divergence': 4.199963569641113, 'entropy': 10.824638366699219}, {'step': 28, 'avg_l2_distance': 2.7518441677093506, 'avg_kl_divergence': 3.9946517944335938, 'entropy': 10.824618339538574}, {'step': 29, 'avg_l2_distance': 2.7518441677093506, 'avg_kl_divergence': 3.9946517944335938, 'entropy': 10.824637413024902}, {'step': 30, 'avg_l2_distance': 2.7518441677093506, 'avg_kl_divergence': 3.9946517944335938, 'entropy': 10.824613571166992}, {'step': 31, 'avg_l2_distance': 2.7518441677093506, 'avg_kl_divergence': 3.9946517944335938, 'entropy': 10.8245849609375}, {'step': 32, 'avg_l2_distance': 2.7518441677093506, 'avg_kl_divergence': 3.9946517944335938, 'entropy': 10.824552536010742}, {'step': 33, 'avg_l2_distance': 2.7518441677093506, 'avg_kl_divergence': 3.9946517944335938, 'entropy': 10.824514389038086}, {'step': 34, 'avg_l2_distance': 2.7518441677093506, 'avg_kl_divergence': 3.9946517944335938, 'entropy': 10.824466705322266}, {'step': 35, 'avg_l2_distance': 2.7518441677093506, 'avg_kl_divergence': 3.9946517944335938, 'entropy': 10.824409484863281}, {'step': 36, 'avg_l2_distance': 2.7518441677093506, 'avg_kl_divergence': 3.9946517944335938, 'entropy': 10.824341773986816}, {'step': 37, 'avg_l2_distance': 2.7518441677093506, 'avg_kl_divergence': 3.9946517944335938, 'entropy': 10.82425594329834}, {'step': 38, 'avg_l2_distance': 2.7518441677093506, 'avg_kl_divergence': 3.9946517944335938, 'entropy': 10.82414722442627}, {'step': 39, 'avg_l2_distance': 2.7518441677093506, 'avg_kl_divergence': 3.9946517944335938, 'entropy': 10.824007034301758}, {'step': 40, 'avg_l2_distance': 2.7518441677093506, 'avg_kl_divergence': 3.9946517944335938, 'entropy': 10.823822021484375}, {'step': 41, 'avg_l2_distance': 2.7518441677093506, 'avg_kl_divergence': 3.9946517944335938, 'entropy': 10.823572158813477}, {'step': 42, 'avg_l2_distance': 2.7518441677093506, 'avg_kl_divergence': 3.9946517944335938, 'entropy': 10.823217391967773}, {'step': 43, 'avg_l2_distance': 2.7518441677093506, 'avg_kl_divergence': 3.9946517944335938, 'entropy': 10.822696685791016}, {'step': 44, 'avg_l2_distance': 2.7518441677093506, 'avg_kl_divergence': 3.9946517944335938, 'entropy': 10.821880340576172}, {'step': 45, 'avg_l2_distance': 2.7518441677093506, 'avg_kl_divergence': 3.9946517944335938, 'entropy': 10.820491790771484}, {'step': 46, 'avg_l2_distance': 2.7518441677093506, 'avg_kl_divergence': 3.9946517944335938, 'entropy': 10.81782341003418}, {'step': 47, 'avg_l2_distance': 2.7518441677093506, 'avg_kl_divergence': 3.9946517944335938, 'entropy': 10.811545372009277}, {'step': 48, 'avg_l2_distance': 2.7518441677093506, 'avg_kl_divergence': 3.9946517944335938, 'entropy': 10.789501190185547}, {'step': 49, 'avg_l2_distance': 2.7518441677093506, 'avg_kl_divergence': 3.9946517944335938, 'entropy': 10.062919616699219}]",2.7518441677093506,3.9946517944335938,0.0
19,policy,True,"[{'step': 0, 'avg_l2_distance': 2.5547239780426025, 'avg_kl_divergence': 15.496999740600586, 'entropy': 10.824800491333008}, {'step': 1, 'avg_l2_distance': 2.5547239780426025, 'avg_kl_divergence': 15.496999740600586, 'entropy': 10.824774742126465}, {'step': 2, 'avg_l2_distance': 2.5547239780426025, 'avg_kl_divergence': 15.496999740600586, 'entropy': 10.8247709274292}, {'step': 3, 'avg_l2_distance': 2.5547239780426025, 'avg_kl_divergence': 15.496999740600586, 'entropy': 10.824767112731934}, {'step': 4, 'avg_l2_distance': 2.336493730545044, 'avg_kl_divergence': 9.954412460327148, 'entropy': 10.824764251708984}, {'step': 5, 'avg_l2_distance': 2.336493730545044, 'avg_kl_divergence': 9.954412460327148, 'entropy': 10.824810981750488}, {'step': 6, 'avg_l2_distance': 2.336493730545044, 'avg_kl_divergence': 9.954412460327148, 'entropy': 10.824808120727539}, {'step': 7, 'avg_l2_distance': 2.336493730545044, 'avg_kl_divergence': 9.954412460327148, 'entropy': 10.824806213378906}, {'step': 8, 'avg_l2_distance': 2.5093393325805664, 'avg_kl_divergence': 7.447724342346191, 'entropy': 10.82480239868164}, {'step': 9, 'avg_l2_distance': 2.5093393325805664, 'avg_kl_divergence': 7.447724342346191, 'entropy': 10.824797630310059}, {'step': 10, 'avg_l2_distance': 2.5093393325805664, 'avg_kl_divergence': 7.447724342346191, 'entropy': 10.82479476928711}, {'step': 11, 'avg_l2_distance': 2.5093393325805664, 'avg_kl_divergence': 7.447724342346191, 'entropy': 10.824790954589844}, {'step': 12, 'avg_l2_distance': 2.5093393325805664, 'avg_kl_divergence': 7.447724342346191, 'entropy': 10.824786186218262}, {'step': 13, 'avg_l2_distance': 2.5093393325805664, 'avg_kl_divergence': 7.447724342346191, 'entropy': 10.82478141784668}, {'step': 14, 'avg_l2_distance': 2.5093393325805664, 'avg_kl_divergence': 7.447724342346191, 'entropy': 10.824777603149414}, {'step': 15, 'avg_l2_distance': 2.5093393325805664, 'avg_kl_divergence': 7.447724342346191, 'entropy': 10.824771881103516}, {'step': 16, 'avg_l2_distance': 2.5093393325805664, 'avg_kl_divergence': 7.447724342346191, 'entropy': 10.8247652053833}, {'step': 17, 'avg_l2_distance': 2.5093393325805664, 'avg_kl_divergence': 7.447724342346191, 'entropy': 10.824758529663086}, {'step': 18, 'avg_l2_distance': 2.5093393325805664, 'avg_kl_divergence': 7.447724342346191, 'entropy': 10.824752807617188}, {'step': 19, 'avg_l2_distance': 2.5093393325805664, 'avg_kl_divergence': 7.447724342346191, 'entropy': 10.824745178222656}, {'step': 20, 'avg_l2_distance': 2.5093393325805664, 'avg_kl_divergence': 7.447724342346191, 'entropy': 10.824737548828125}, {'step': 21, 'avg_l2_distance': 2.5093393325805664, 'avg_kl_divergence': 7.447724342346191, 'entropy': 10.824728012084961}, {'step': 22, 'avg_l2_distance': 2.5093393325805664, 'avg_kl_divergence': 7.447724342346191, 'entropy': 10.824718475341797}, {'step': 23, 'avg_l2_distance': 2.291940927505493, 'avg_kl_divergence': 1.3484718799591064, 'entropy': 10.824706077575684}, {'step': 24, 'avg_l2_distance': 2.291940927505493, 'avg_kl_divergence': 1.3484718799591064, 'entropy': 10.824713706970215}, {'step': 25, 'avg_l2_distance': 2.291940927505493, 'avg_kl_divergence': 1.3484718799591064, 'entropy': 10.824699401855469}, {'step': 26, 'avg_l2_distance': 2.291940927505493, 'avg_kl_divergence': 1.3484718799591064, 'entropy': 10.824684143066406}, {'step': 27, 'avg_l2_distance': 2.291940927505493, 'avg_kl_divergence': 1.3484718799591064, 'entropy': 10.824664115905762}, {'step': 28, 'avg_l2_distance': 2.291940927505493, 'avg_kl_divergence': 1.3484718799591064, 'entropy': 10.824644088745117}, {'step': 29, 'avg_l2_distance': 2.291940927505493, 'avg_kl_divergence': 1.3484718799591064, 'entropy': 10.82461929321289}, {'step': 30, 'avg_l2_distance': 2.291940927505493, 'avg_kl_divergence': 1.3484718799591064, 'entropy': 10.824588775634766}, {'step': 31, 'avg_l2_distance': 2.291940927505493, 'avg_kl_divergence': 1.3484718799591064, 'entropy': 10.824556350708008}, {'step': 32, 'avg_l2_distance': 2.291940927505493, 'avg_kl_divergence': 1.3484718799591064, 'entropy': 10.824516296386719}, {'step': 33, 'avg_l2_distance': 2.291940927505493, 'avg_kl_divergence': 1.3484718799591064, 'entropy': 10.824470520019531}, {'step': 34, 'avg_l2_distance': 2.291940927505493, 'avg_kl_divergence': 1.3484718799591064, 'entropy': 10.82441234588623}, {'step': 35, 'avg_l2_distance': 2.291940927505493, 'avg_kl_divergence': 1.3484718799591064, 'entropy': 10.824342727661133}, {'step': 36, 'avg_l2_distance': 2.291940927505493, 'avg_kl_divergence': 1.3484718799591064, 'entropy': 10.824258804321289}, {'step': 37, 'avg_l2_distance': 2.291940927505493, 'avg_kl_divergence': 1.3484718799591064, 'entropy': 10.824152946472168}, {'step': 38, 'avg_l2_distance': 2.291940927505493, 'avg_kl_divergence': 1.3484718799591064, 'entropy': 10.824018478393555}, {'step': 39, 'avg_l2_distance': 2.291940927505493, 'avg_kl_divergence': 1.3484718799591064, 'entropy': 10.823843002319336}, {'step': 40, 'avg_l2_distance': 2.291940927505493, 'avg_kl_divergence': 1.3484718799591064, 'entropy': 10.823614120483398}, {'step': 41, 'avg_l2_distance': 2.291940927505493, 'avg_kl_divergence': 1.3484718799591064, 'entropy': 10.823299407958984}, {'step': 42, 'avg_l2_distance': 2.291940927505493, 'avg_kl_divergence': 1.3484718799591064, 'entropy': 10.822854995727539}, {'step': 43, 'avg_l2_distance': 2.291940927505493, 'avg_kl_divergence': 1.3484718799591064, 'entropy': 10.822195053100586}, {'step': 44, 'avg_l2_distance': 2.291940927505493, 'avg_kl_divergence': 1.3484718799591064, 'entropy': 10.821159362792969}, {'step': 45, 'avg_l2_distance': 2.291940927505493, 'avg_kl_divergence': 1.3484718799591064, 'entropy': 10.819391250610352}, {'step': 46, 'avg_l2_distance': 2.291940927505493, 'avg_kl_divergence': 1.3484718799591064, 'entropy': 10.815967559814453}, {'step': 47, 'avg_l2_distance': 2.291940927505493, 'avg_kl_divergence': 1.3484718799591064, 'entropy': 10.807851791381836}, {'step': 48, 'avg_l2_distance': 2.291940927505493, 'avg_kl_divergence': 1.3484718799591064, 'entropy': 10.779078483581543}, {'step': 49, 'avg_l2_distance': 2.291940927505493, 'avg_kl_divergence': 1.3484718799591064, 'entropy': 10.345721244812012}]",2.291940927505493,1.3484718799591064,0.0
20,policy,True,"[{'step': 0, 'avg_l2_distance': 2.1886470317840576, 'avg_kl_divergence': 14.092024803161621, 'entropy': 10.824813842773438}, {'step': 1, 'avg_l2_distance': 2.1886470317840576, 'avg_kl_divergence': 14.092024803161621, 'entropy': 10.82481861114502}, {'step': 2, 'avg_l2_distance': 2.0224902629852295, 'avg_kl_divergence': 9.2669677734375, 'entropy': 10.82481575012207}, {'step': 3, 'avg_l2_distance': 2.0224902629852295, 'avg_kl_divergence': 9.2669677734375, 'entropy': 10.824801445007324}, {'step': 4, 'avg_l2_distance': 2.0224902629852295, 'avg_kl_divergence': 9.2669677734375, 'entropy': 10.824798583984375}, {'step': 5, 'avg_l2_distance': 2.4881386756896973, 'avg_kl_divergence': 7.326659679412842, 'entropy': 10.824796676635742}, {'step': 6, 'avg_l2_distance': 2.4881386756896973, 'avg_kl_divergence': 7.326659679412842, 'entropy': 10.824806213378906}, {'step': 7, 'avg_l2_distance': 2.4881386756896973, 'avg_kl_divergence': 7.326659679412842, 'entropy': 10.82480239868164}, {'step': 8, 'avg_l2_distance': 2.4881386756896973, 'avg_kl_divergence': 7.326659679412842, 'entropy': 10.824799537658691}, {'step': 9, 'avg_l2_distance': 2.4881386756896973, 'avg_kl_divergence': 7.326659679412842, 'entropy': 10.824796676635742}, {'step': 10, 'avg_l2_distance': 2.4881386756896973, 'avg_kl_divergence': 7.326659679412842, 'entropy': 10.824792861938477}, {'step': 11, 'avg_l2_distance': 2.4881386756896973, 'avg_kl_divergence': 7.326659679412842, 'entropy': 10.824790000915527}, {'step': 12, 'avg_l2_distance': 2.289586305618286, 'avg_kl_divergence': 4.452699184417725, 'entropy': 10.824785232543945}, {'step': 13, 'avg_l2_distance': 2.289586305618286, 'avg_kl_divergence': 4.452699184417725, 'entropy': 10.824792861938477}, {'step': 14, 'avg_l2_distance': 2.289586305618286, 'avg_kl_divergence': 4.452699184417725, 'entropy': 10.824787139892578}, {'step': 15, 'avg_l2_distance': 2.289586305618286, 'avg_kl_divergence': 4.452699184417725, 'entropy': 10.824783325195312}, {'step': 16, 'avg_l2_distance': 2.289586305618286, 'avg_kl_divergence': 4.452699184417725, 'entropy': 10.824776649475098}, {'step': 17, 'avg_l2_distance': 2.289586305618286, 'avg_kl_divergence': 4.452699184417725, 'entropy': 10.824771881103516}, {'step': 18, 'avg_l2_distance': 2.289586305618286, 'avg_kl_divergence': 4.452699184417725, 'entropy': 10.8247652053833}, {'step': 19, 'avg_l2_distance': 2.289586305618286, 'avg_kl_divergence': 4.452699184417725, 'entropy': 10.824758529663086}, {'step': 20, 'avg_l2_distance': 2.0912137031555176, 'avg_kl_divergence': 8.793882369995117, 'entropy': 10.824750900268555}, {'step': 21, 'avg_l2_distance': 2.0912137031555176, 'avg_kl_divergence': 8.793882369995117, 'entropy': 10.82461166381836}, {'step': 22, 'avg_l2_distance': 2.0912137031555176, 'avg_kl_divergence': 8.793882369995117, 'entropy': 10.824594497680664}, {'step': 23, 'avg_l2_distance': 2.0912137031555176, 'avg_kl_divergence': 8.793882369995117, 'entropy': 10.824577331542969}, {'step': 24, 'avg_l2_distance': 2.0912137031555176, 'avg_kl_divergence': 8.793882369995117, 'entropy': 10.82455825805664}, {'step': 25, 'avg_l2_distance': 2.0912137031555176, 'avg_kl_divergence': 8.793882369995117, 'entropy': 10.82453727722168}, {'step': 26, 'avg_l2_distance': 2.0912137031555176, 'avg_kl_divergence': 8.793882369995117, 'entropy': 10.82451343536377}, {'step': 27, 'avg_l2_distance': 2.0912137031555176, 'avg_kl_divergence': 8.793882369995117, 'entropy': 10.824484825134277}, {'step': 28, 'avg_l2_distance': 2.0912137031555176, 'avg_kl_divergence': 8.793882369995117, 'entropy': 10.824454307556152}, {'step': 29, 'avg_l2_distance': 2.0912137031555176, 'avg_kl_divergence': 8.793882369995117, 'entropy': 10.824419021606445}, {'step': 30, 'avg_l2_distance': 2.0912137031555176, 'avg_kl_divergence': 8.793882369995117, 'entropy': 10.82437801361084}, {'step': 31, 'avg_l2_distance': 2.0912137031555176, 'avg_kl_divergence': 8.793882369995117, 'entropy': 10.82433032989502}, {'step': 32, 'avg_l2_distance': 2.0912137031555176, 'avg_kl_divergence': 8.793882369995117, 'entropy': 10.824275970458984}, {'step': 33, 'avg_l2_distance': 2.0912137031555176, 'avg_kl_divergence': 8.793882369995117, 'entropy': 10.824212074279785}, {'step': 34, 'avg_l2_distance': 2.0912137031555176, 'avg_kl_divergence': 8.793882369995117, 'entropy': 10.824135780334473}, {'step': 35, 'avg_l2_distance': 2.0912137031555176, 'avg_kl_divergence': 8.793882369995117, 'entropy': 10.824043273925781}, {'step': 36, 'avg_l2_distance': 2.0912137031555176, 'avg_kl_divergence': 8.793882369995117, 'entropy': 10.823932647705078}, {'step': 37, 'avg_l2_distance': 2.0912137031555176, 'avg_kl_divergence': 8.793882369995117, 'entropy': 10.8237943649292}, {'step': 38, 'avg_l2_distance': 2.0912137031555176, 'avg_kl_divergence': 8.793882369995117, 'entropy': 10.82362174987793}, {'step': 39, 'avg_l2_distance': 2.0912137031555176, 'avg_kl_divergence': 8.793882369995117, 'entropy': 10.823400497436523}, {'step': 40, 'avg_l2_distance': 2.0912137031555176, 'avg_kl_divergence': 8.793882369995117, 'entropy': 10.82310962677002}, {'step': 41, 'avg_l2_distance': 2.0912137031555176, 'avg_kl_divergence': 8.793882369995117, 'entropy': 10.82271957397461}, {'step': 42, 'avg_l2_distance': 2.0912137031555176, 'avg_kl_divergence': 8.793882369995117, 'entropy': 10.82217025756836}, {'step': 43, 'avg_l2_distance': 2.0912137031555176, 'avg_kl_divergence': 8.793882369995117, 'entropy': 10.821367263793945}, {'step': 44, 'avg_l2_distance': 2.0912137031555176, 'avg_kl_divergence': 8.793882369995117, 'entropy': 10.820119857788086}, {'step': 45, 'avg_l2_distance': 2.1720285415649414, 'avg_kl_divergence': 3.3652868270874023, 'entropy': 10.818004608154297}, {'step': 46, 'avg_l2_distance': 1.930221438407898, 'avg_kl_divergence': 4.07925271987915, 'entropy': 10.81633186340332}, {'step': 47, 'avg_l2_distance': 1.930221438407898, 'avg_kl_divergence': 4.07925271987915, 'entropy': 10.805794715881348}, {'step': 48, 'avg_l2_distance': 2.3601629734039307, 'avg_kl_divergence': 2.592827081680298, 'entropy': 10.774604797363281}, {'step': 49, 'avg_l2_distance': 2.3601629734039307, 'avg_kl_divergence': 2.592827081680298, 'entropy': 10.288763046264648}]",2.3601629734039307,2.592827081680298,0.0
21,policy,True,"[{'step': 0, 'avg_l2_distance': 2.1780319213867188, 'avg_kl_divergence': 2.8751275539398193, 'entropy': 10.824804306030273}, {'step': 1, 'avg_l2_distance': 2.1780319213867188, 'avg_kl_divergence': 2.8751275539398193, 'entropy': 10.824799537658691}, {'step': 2, 'avg_l2_distance': 2.093613624572754, 'avg_kl_divergence': 12.226988792419434, 'entropy': 10.824797630310059}, {'step': 3, 'avg_l2_distance': 2.093613624572754, 'avg_kl_divergence': 12.226988792419434, 'entropy': 10.824828147888184}, {'step': 4, 'avg_l2_distance': 2.093613624572754, 'avg_kl_divergence': 12.226988792419434, 'entropy': 10.824825286865234}, {'step': 5, 'avg_l2_distance': 2.093613624572754, 'avg_kl_divergence': 12.226988792419434, 'entropy': 10.824823379516602}, {'step': 6, 'avg_l2_distance': 2.093613624572754, 'avg_kl_divergence': 12.226988792419434, 'entropy': 10.82481861114502}, {'step': 7, 'avg_l2_distance': 2.093613624572754, 'avg_kl_divergence': 12.226988792419434, 'entropy': 10.824814796447754}, {'step': 8, 'avg_l2_distance': 2.093613624572754, 'avg_kl_divergence': 12.226988792419434, 'entropy': 10.824811935424805}, {'step': 9, 'avg_l2_distance': 2.093613624572754, 'avg_kl_divergence': 12.226988792419434, 'entropy': 10.824807167053223}, {'step': 10, 'avg_l2_distance': 2.093613624572754, 'avg_kl_divergence': 12.226988792419434, 'entropy': 10.82480239868164}, {'step': 11, 'avg_l2_distance': 2.093613624572754, 'avg_kl_divergence': 12.226988792419434, 'entropy': 10.824798583984375}, {'step': 12, 'avg_l2_distance': 2.093613624572754, 'avg_kl_divergence': 12.226988792419434, 'entropy': 10.824792861938477}, {'step': 13, 'avg_l2_distance': 2.093613624572754, 'avg_kl_divergence': 12.226988792419434, 'entropy': 10.824788093566895}, {'step': 14, 'avg_l2_distance': 2.093613624572754, 'avg_kl_divergence': 12.226988792419434, 'entropy': 10.82478141784668}, {'step': 15, 'avg_l2_distance': 2.2829480171203613, 'avg_kl_divergence': 7.085824489593506, 'entropy': 10.824773788452148}, {'step': 16, 'avg_l2_distance': 2.2829480171203613, 'avg_kl_divergence': 7.085824489593506, 'entropy': 10.824723243713379}, {'step': 17, 'avg_l2_distance': 2.2829480171203613, 'avg_kl_divergence': 7.085824489593506, 'entropy': 10.824712753295898}, {'step': 18, 'avg_l2_distance': 2.2829480171203613, 'avg_kl_divergence': 7.085824489593506, 'entropy': 10.824705123901367}, {'step': 19, 'avg_l2_distance': 2.2829480171203613, 'avg_kl_divergence': 7.085824489593506, 'entropy': 10.824691772460938}, {'step': 20, 'avg_l2_distance': 2.2829480171203613, 'avg_kl_divergence': 7.085824489593506, 'entropy': 10.824681282043457}, {'step': 21, 'avg_l2_distance': 2.2829480171203613, 'avg_kl_divergence': 7.085824489593506, 'entropy': 10.824666976928711}, {'step': 22, 'avg_l2_distance': 2.2829480171203613, 'avg_kl_divergence': 7.085824489593506, 'entropy': 10.824651718139648}, {'step': 23, 'avg_l2_distance': 2.2829480171203613, 'avg_kl_divergence': 7.085824489593506, 'entropy': 10.824636459350586}, {'step': 24, 'avg_l2_distance': 2.2829480171203613, 'avg_kl_divergence': 7.085824489593506, 'entropy': 10.824615478515625}, {'step': 25, 'avg_l2_distance': 2.2829480171203613, 'avg_kl_divergence': 7.085824489593506, 'entropy': 10.82459545135498}, {'step': 26, 'avg_l2_distance': 2.2829480171203613, 'avg_kl_divergence': 7.085824489593506, 'entropy': 10.82457160949707}, {'step': 27, 'avg_l2_distance': 2.2829480171203613, 'avg_kl_divergence': 7.085824489593506, 'entropy': 10.824544906616211}, {'step': 28, 'avg_l2_distance': 2.2829480171203613, 'avg_kl_divergence': 7.085824489593506, 'entropy': 10.82451343536377}, {'step': 29, 'avg_l2_distance': 2.2829480171203613, 'avg_kl_divergence': 7.085824489593506, 'entropy': 10.824479103088379}, {'step': 30, 'avg_l2_distance': 2.2829480171203613, 'avg_kl_divergence': 7.085824489593506, 'entropy': 10.82443904876709}, {'step': 31, 'avg_l2_distance': 2.2829480171203613, 'avg_kl_divergence': 7.085824489593506, 'entropy': 10.824392318725586}, {'step': 32, 'avg_l2_distance': 2.2829480171203613, 'avg_kl_divergence': 7.085824489593506, 'entropy': 10.824337005615234}, {'step': 33, 'avg_l2_distance': 2.2829480171203613, 'avg_kl_divergence': 7.085824489593506, 'entropy': 10.824272155761719}, {'step': 34, 'avg_l2_distance': 2.2829480171203613, 'avg_kl_divergence': 7.085824489593506, 'entropy': 10.824195861816406}, {'step': 35, 'avg_l2_distance': 2.2829480171203613, 'avg_kl_divergence': 7.085824489593506, 'entropy': 10.824102401733398}, {'step': 36, 'avg_l2_distance': 2.2829480171203613, 'avg_kl_divergence': 7.085824489593506, 'entropy': 10.823988914489746}, {'step': 37, 'avg_l2_distance': 2.2829480171203613, 'avg_kl_divergence': 7.085824489593506, 'entropy': 10.823848724365234}, {'step': 38, 'avg_l2_distance': 2.2829480171203613, 'avg_kl_divergence': 7.085824489593506, 'entropy': 10.823671340942383}, {'step': 39, 'avg_l2_distance': 2.2829480171203613, 'avg_kl_divergence': 7.085824489593506, 'entropy': 10.823445320129395}, {'step': 40, 'avg_l2_distance': 2.2829480171203613, 'avg_kl_divergence': 7.085824489593506, 'entropy': 10.823145866394043}, {'step': 41, 'avg_l2_distance': 2.2829480171203613, 'avg_kl_divergence': 7.085824489593506, 'entropy': 10.82274341583252}, {'step': 42, 'avg_l2_distance': 2.2829480171203613, 'avg_kl_divergence': 7.085824489593506, 'entropy': 10.82217788696289}, {'step': 43, 'avg_l2_distance': 2.2829480171203613, 'avg_kl_divergence': 7.085824489593506, 'entropy': 10.8213472366333}, {'step': 44, 'avg_l2_distance': 2.2829480171203613, 'avg_kl_divergence': 7.085824489593506, 'entropy': 10.820054054260254}, {'step': 45, 'avg_l2_distance': 2.2829480171203613, 'avg_kl_divergence': 7.085824489593506, 'entropy': 10.817859649658203}, {'step': 46, 'avg_l2_distance': 2.2829480171203613, 'avg_kl_divergence': 7.085824489593506, 'entropy': 10.813639640808105}, {'step': 47, 'avg_l2_distance': 2.2829480171203613, 'avg_kl_divergence': 7.085824489593506, 'entropy': 10.803643226623535}, {'step': 48, 'avg_l2_distance': 2.2829480171203613, 'avg_kl_divergence': 7.085824489593506, 'entropy': 10.767969131469727}, {'step': 49, 'avg_l2_distance': 2.2829480171203613, 'avg_kl_divergence': 7.085824489593506, 'entropy': 10.264568328857422}]",2.2829480171203613,7.085824489593506,0.0
22,policy,True,"[{'step': 0, 'avg_l2_distance': 2.476195812225342, 'avg_kl_divergence': 11.807588577270508, 'entropy': 10.82484245300293}, {'step': 1, 'avg_l2_distance': 2.779463291168213, 'avg_kl_divergence': 5.4212470054626465, 'entropy': 10.824834823608398}, {'step': 2, 'avg_l2_distance': 2.779463291168213, 'avg_kl_divergence': 5.4212470054626465, 'entropy': 10.824825286865234}, {'step': 3, 'avg_l2_distance': 2.779463291168213, 'avg_kl_divergence': 5.4212470054626465, 'entropy': 10.824823379516602}, {'step': 4, 'avg_l2_distance': 2.779463291168213, 'avg_kl_divergence': 5.4212470054626465, 'entropy': 10.824823379516602}, {'step': 5, 'avg_l2_distance': 2.779463291168213, 'avg_kl_divergence': 5.4212470054626465, 'entropy': 10.824819564819336}, {'step': 6, 'avg_l2_distance': 2.779463291168213, 'avg_kl_divergence': 5.4212470054626465, 'entropy': 10.824817657470703}, {'step': 7, 'avg_l2_distance': 2.779463291168213, 'avg_kl_divergence': 5.4212470054626465, 'entropy': 10.824814796447754}, {'step': 8, 'avg_l2_distance': 2.779463291168213, 'avg_kl_divergence': 5.4212470054626465, 'entropy': 10.824811935424805}, {'step': 9, 'avg_l2_distance': 2.779463291168213, 'avg_kl_divergence': 5.4212470054626465, 'entropy': 10.824809074401855}, {'step': 10, 'avg_l2_distance': 2.779463291168213, 'avg_kl_divergence': 5.4212470054626465, 'entropy': 10.824807167053223}, {'step': 11, 'avg_l2_distance': 2.779463291168213, 'avg_kl_divergence': 5.4212470054626465, 'entropy': 10.82480525970459}, {'step': 12, 'avg_l2_distance': 2.779463291168213, 'avg_kl_divergence': 5.4212470054626465, 'entropy': 10.824800491333008}, {'step': 13, 'avg_l2_distance': 2.779463291168213, 'avg_kl_divergence': 5.4212470054626465, 'entropy': 10.824796676635742}, {'step': 14, 'avg_l2_distance': 2.779463291168213, 'avg_kl_divergence': 5.4212470054626465, 'entropy': 10.824793815612793}, {'step': 15, 'avg_l2_distance': 2.779463291168213, 'avg_kl_divergence': 5.4212470054626465, 'entropy': 10.824789047241211}, {'step': 16, 'avg_l2_distance': 2.779463291168213, 'avg_kl_divergence': 5.4212470054626465, 'entropy': 10.824784278869629}, {'step': 17, 'avg_l2_distance': 2.779463291168213, 'avg_kl_divergence': 5.4212470054626465, 'entropy': 10.824779510498047}, {'step': 18, 'avg_l2_distance': 2.779463291168213, 'avg_kl_divergence': 5.4212470054626465, 'entropy': 10.824773788452148}, {'step': 19, 'avg_l2_distance': 2.779463291168213, 'avg_kl_divergence': 5.4212470054626465, 'entropy': 10.82476806640625}, {'step': 20, 'avg_l2_distance': 2.779463291168213, 'avg_kl_divergence': 5.4212470054626465, 'entropy': 10.824761390686035}, {'step': 21, 'avg_l2_distance': 2.779463291168213, 'avg_kl_divergence': 5.4212470054626465, 'entropy': 10.82475471496582}, {'step': 22, 'avg_l2_distance': 2.779463291168213, 'avg_kl_divergence': 5.4212470054626465, 'entropy': 10.824745178222656}, {'step': 23, 'avg_l2_distance': 2.779463291168213, 'avg_kl_divergence': 5.4212470054626465, 'entropy': 10.824736595153809}, {'step': 24, 'avg_l2_distance': 2.779463291168213, 'avg_kl_divergence': 5.4212470054626465, 'entropy': 10.824726104736328}, {'step': 25, 'avg_l2_distance': 2.481386423110962, 'avg_kl_divergence': 3.8775997161865234, 'entropy': 10.824714660644531}, {'step': 26, 'avg_l2_distance': 2.481386423110962, 'avg_kl_divergence': 3.8775997161865234, 'entropy': 10.824705123901367}, {'step': 27, 'avg_l2_distance': 2.481386423110962, 'avg_kl_divergence': 3.8775997161865234, 'entropy': 10.824688911437988}, {'step': 28, 'avg_l2_distance': 2.1160759925842285, 'avg_kl_divergence': 4.097888946533203, 'entropy': 10.824670791625977}, {'step': 29, 'avg_l2_distance': 2.1160759925842285, 'avg_kl_divergence': 4.097888946533203, 'entropy': 10.824649810791016}, {'step': 30, 'avg_l2_distance': 2.1160759925842285, 'avg_kl_divergence': 4.097888946533203, 'entropy': 10.824623107910156}, {'step': 31, 'avg_l2_distance': 2.1160759925842285, 'avg_kl_divergence': 4.097888946533203, 'entropy': 10.824592590332031}, {'step': 32, 'avg_l2_distance': 2.1160759925842285, 'avg_kl_divergence': 4.097888946533203, 'entropy': 10.824557304382324}, {'step': 33, 'avg_l2_distance': 2.1160759925842285, 'avg_kl_divergence': 4.097888946533203, 'entropy': 10.824514389038086}, {'step': 34, 'avg_l2_distance': 2.1160759925842285, 'avg_kl_divergence': 4.097888946533203, 'entropy': 10.824462890625}, {'step': 35, 'avg_l2_distance': 2.1160759925842285, 'avg_kl_divergence': 4.097888946533203, 'entropy': 10.824399948120117}, {'step': 36, 'avg_l2_distance': 2.1160759925842285, 'avg_kl_divergence': 4.097888946533203, 'entropy': 10.824322700500488}, {'step': 37, 'avg_l2_distance': 2.1160759925842285, 'avg_kl_divergence': 4.097888946533203, 'entropy': 10.824228286743164}, {'step': 38, 'avg_l2_distance': 2.4199039936065674, 'avg_kl_divergence': 8.318352699279785, 'entropy': 10.824106216430664}, {'step': 39, 'avg_l2_distance': 2.4199039936065674, 'avg_kl_divergence': 8.318352699279785, 'entropy': 10.823801040649414}, {'step': 40, 'avg_l2_distance': 2.4199039936065674, 'avg_kl_divergence': 8.318352699279785, 'entropy': 10.823569297790527}, {'step': 41, 'avg_l2_distance': 2.4199039936065674, 'avg_kl_divergence': 8.318352699279785, 'entropy': 10.823251724243164}, {'step': 42, 'avg_l2_distance': 2.4199039936065674, 'avg_kl_divergence': 8.318352699279785, 'entropy': 10.822806358337402}, {'step': 43, 'avg_l2_distance': 2.4199039936065674, 'avg_kl_divergence': 8.318352699279785, 'entropy': 10.822147369384766}, {'step': 44, 'avg_l2_distance': 2.4199039936065674, 'avg_kl_divergence': 8.318352699279785, 'entropy': 10.821117401123047}, {'step': 45, 'avg_l2_distance': 2.4199039936065674, 'avg_kl_divergence': 8.318352699279785, 'entropy': 10.819358825683594}, {'step': 46, 'avg_l2_distance': 2.4199039936065674, 'avg_kl_divergence': 8.318352699279785, 'entropy': 10.815970420837402}, {'step': 47, 'avg_l2_distance': 2.4199039936065674, 'avg_kl_divergence': 8.318352699279785, 'entropy': 10.807950973510742}, {'step': 48, 'avg_l2_distance': 2.4199039936065674, 'avg_kl_divergence': 8.318352699279785, 'entropy': 10.779559135437012}, {'step': 49, 'avg_l2_distance': 2.4199039936065674, 'avg_kl_divergence': 8.318352699279785, 'entropy': 10.334724426269531}]",2.4199039936065674,8.318352699279785,0.0
23,policy,True,"[{'step': 0, 'avg_l2_distance': 2.4532666206359863, 'avg_kl_divergence': 1.4065707921981812, 'entropy': 10.824825286865234}, {'step': 1, 'avg_l2_distance': 2.4532666206359863, 'avg_kl_divergence': 1.4065707921981812, 'entropy': 10.824817657470703}, {'step': 2, 'avg_l2_distance': 2.584001064300537, 'avg_kl_divergence': 2.251040458679199, 'entropy': 10.824813842773438}, {'step': 3, 'avg_l2_distance': 2.584001064300537, 'avg_kl_divergence': 2.251040458679199, 'entropy': 10.824806213378906}, {'step': 4, 'avg_l2_distance': 2.584001064300537, 'avg_kl_divergence': 2.251040458679199, 'entropy': 10.824803352355957}, {'step': 5, 'avg_l2_distance': 2.584001064300537, 'avg_kl_divergence': 2.251040458679199, 'entropy': 10.824801445007324}, {'step': 6, 'avg_l2_distance': 2.584001064300537, 'avg_kl_divergence': 2.251040458679199, 'entropy': 10.824798583984375}, {'step': 7, 'avg_l2_distance': 2.527799367904663, 'avg_kl_divergence': 2.6290013790130615, 'entropy': 10.82479476928711}, {'step': 8, 'avg_l2_distance': 2.527799367904663, 'avg_kl_divergence': 2.6290013790130615, 'entropy': 10.824782371520996}, {'step': 9, 'avg_l2_distance': 2.527799367904663, 'avg_kl_divergence': 2.6290013790130615, 'entropy': 10.824779510498047}, {'step': 10, 'avg_l2_distance': 2.527799367904663, 'avg_kl_divergence': 2.6290013790130615, 'entropy': 10.824775695800781}, {'step': 11, 'avg_l2_distance': 2.527799367904663, 'avg_kl_divergence': 2.6290013790130615, 'entropy': 10.824771881103516}, {'step': 12, 'avg_l2_distance': 2.527799367904663, 'avg_kl_divergence': 2.6290013790130615, 'entropy': 10.82476806640625}, {'step': 13, 'avg_l2_distance': 2.527799367904663, 'avg_kl_divergence': 2.6290013790130615, 'entropy': 10.824764251708984}, {'step': 14, 'avg_l2_distance': 2.527799367904663, 'avg_kl_divergence': 2.6290013790130615, 'entropy': 10.824758529663086}, {'step': 15, 'avg_l2_distance': 2.527799367904663, 'avg_kl_divergence': 2.6290013790130615, 'entropy': 10.824752807617188}, {'step': 16, 'avg_l2_distance': 2.527799367904663, 'avg_kl_divergence': 2.6290013790130615, 'entropy': 10.824747085571289}, {'step': 17, 'avg_l2_distance': 2.527799367904663, 'avg_kl_divergence': 2.6290013790130615, 'entropy': 10.824740409851074}, {'step': 18, 'avg_l2_distance': 2.527799367904663, 'avg_kl_divergence': 2.6290013790130615, 'entropy': 10.82473373413086}, {'step': 19, 'avg_l2_distance': 2.527799367904663, 'avg_kl_divergence': 2.6290013790130615, 'entropy': 10.824725151062012}, {'step': 20, 'avg_l2_distance': 2.527799367904663, 'avg_kl_divergence': 2.6290013790130615, 'entropy': 10.824718475341797}, {'step': 21, 'avg_l2_distance': 2.527799367904663, 'avg_kl_divergence': 2.6290013790130615, 'entropy': 10.824707984924316}, {'step': 22, 'avg_l2_distance': 2.527799367904663, 'avg_kl_divergence': 2.6290013790130615, 'entropy': 10.824697494506836}, {'step': 23, 'avg_l2_distance': 2.527799367904663, 'avg_kl_divergence': 2.6290013790130615, 'entropy': 10.824686050415039}, {'step': 24, 'avg_l2_distance': 2.527799367904663, 'avg_kl_divergence': 2.6290013790130615, 'entropy': 10.824674606323242}, {'step': 25, 'avg_l2_distance': 2.527799367904663, 'avg_kl_divergence': 2.6290013790130615, 'entropy': 10.824660301208496}, {'step': 26, 'avg_l2_distance': 2.527799367904663, 'avg_kl_divergence': 2.6290013790130615, 'entropy': 10.824644088745117}, {'step': 27, 'avg_l2_distance': 2.527799367904663, 'avg_kl_divergence': 2.6290013790130615, 'entropy': 10.824626922607422}, {'step': 28, 'avg_l2_distance': 2.527799367904663, 'avg_kl_divergence': 2.6290013790130615, 'entropy': 10.824606895446777}, {'step': 29, 'avg_l2_distance': 2.527799367904663, 'avg_kl_divergence': 2.6290013790130615, 'entropy': 10.824584007263184}, {'step': 30, 'avg_l2_distance': 2.527799367904663, 'avg_kl_divergence': 2.6290013790130615, 'entropy': 10.824557304382324}, {'step': 31, 'avg_l2_distance': 2.527799367904663, 'avg_kl_divergence': 2.6290013790130615, 'entropy': 10.824527740478516}, {'step': 32, 'avg_l2_distance': 2.527799367904663, 'avg_kl_divergence': 2.6290013790130615, 'entropy': 10.824491500854492}, {'step': 33, 'avg_l2_distance': 2.527799367904663, 'avg_kl_divergence': 2.6290013790130615, 'entropy': 10.82444953918457}, {'step': 34, 'avg_l2_distance': 2.527799367904663, 'avg_kl_divergence': 2.6290013790130615, 'entropy': 10.824399948120117}, {'step': 35, 'avg_l2_distance': 2.527799367904663, 'avg_kl_divergence': 2.6290013790130615, 'entropy': 10.824338912963867}, {'step': 36, 'avg_l2_distance': 2.527799367904663, 'avg_kl_divergence': 2.6290013790130615, 'entropy': 10.82426643371582}, {'step': 37, 'avg_l2_distance': 2.527799367904663, 'avg_kl_divergence': 2.6290013790130615, 'entropy': 10.824176788330078}, {'step': 38, 'avg_l2_distance': 2.527799367904663, 'avg_kl_divergence': 2.6290013790130615, 'entropy': 10.82406234741211}, {'step': 39, 'avg_l2_distance': 2.527799367904663, 'avg_kl_divergence': 2.6290013790130615, 'entropy': 10.8239164352417}, {'step': 40, 'avg_l2_distance': 2.527799367904663, 'avg_kl_divergence': 2.6290013790130615, 'entropy': 10.823726654052734}, {'step': 41, 'avg_l2_distance': 2.527799367904663, 'avg_kl_divergence': 2.6290013790130615, 'entropy': 10.823467254638672}, {'step': 42, 'avg_l2_distance': 2.527799367904663, 'avg_kl_divergence': 2.6290013790130615, 'entropy': 10.823102951049805}, {'step': 43, 'avg_l2_distance': 2.527799367904663, 'avg_kl_divergence': 2.6290013790130615, 'entropy': 10.822571754455566}, {'step': 44, 'avg_l2_distance': 2.527799367904663, 'avg_kl_divergence': 2.6290013790130615, 'entropy': 10.82174301147461}, {'step': 45, 'avg_l2_distance': 2.527799367904663, 'avg_kl_divergence': 2.6290013790130615, 'entropy': 10.82033920288086}, {'step': 46, 'avg_l2_distance': 2.527799367904663, 'avg_kl_divergence': 2.6290013790130615, 'entropy': 10.817647933959961}, {'step': 47, 'avg_l2_distance': 2.527799367904663, 'avg_kl_divergence': 2.6290013790130615, 'entropy': 10.811319351196289}, {'step': 48, 'avg_l2_distance': 2.527799367904663, 'avg_kl_divergence': 2.6290013790130615, 'entropy': 10.788992881774902}, {'step': 49, 'avg_l2_distance': 2.527799367904663, 'avg_kl_divergence': 2.6290013790130615, 'entropy': 10.372129440307617}]",2.527799367904663,2.6290013790130615,0.0
24,policy,True,"[{'step': 0, 'avg_l2_distance': 2.70648193359375, 'avg_kl_divergence': 5.801911354064941, 'entropy': 10.824834823608398}, {'step': 1, 'avg_l2_distance': 2.70648193359375, 'avg_kl_divergence': 5.801911354064941, 'entropy': 10.824838638305664}, {'step': 2, 'avg_l2_distance': 2.70648193359375, 'avg_kl_divergence': 5.801911354064941, 'entropy': 10.824838638305664}, {'step': 3, 'avg_l2_distance': 2.70648193359375, 'avg_kl_divergence': 5.801911354064941, 'entropy': 10.824837684631348}, {'step': 4, 'avg_l2_distance': 2.885742425918579, 'avg_kl_divergence': 3.7444350719451904, 'entropy': 10.824835777282715}, {'step': 5, 'avg_l2_distance': 2.885742425918579, 'avg_kl_divergence': 3.7444350719451904, 'entropy': 10.824779510498047}, {'step': 6, 'avg_l2_distance': 2.885742425918579, 'avg_kl_divergence': 3.7444350719451904, 'entropy': 10.824775695800781}, {'step': 7, 'avg_l2_distance': 2.885742425918579, 'avg_kl_divergence': 3.7444350719451904, 'entropy': 10.824772834777832}, {'step': 8, 'avg_l2_distance': 2.741213083267212, 'avg_kl_divergence': 6.502594947814941, 'entropy': 10.824769020080566}, {'step': 9, 'avg_l2_distance': 2.715576171875, 'avg_kl_divergence': 5.068580150604248, 'entropy': 10.824803352355957}, {'step': 10, 'avg_l2_distance': 2.715576171875, 'avg_kl_divergence': 5.068580150604248, 'entropy': 10.824703216552734}, {'step': 11, 'avg_l2_distance': 2.840404748916626, 'avg_kl_divergence': 6.380682468414307, 'entropy': 10.82469654083252}, {'step': 12, 'avg_l2_distance': 2.840404748916626, 'avg_kl_divergence': 6.380682468414307, 'entropy': 10.82480525970459}, {'step': 13, 'avg_l2_distance': 2.840404748916626, 'avg_kl_divergence': 6.380682468414307, 'entropy': 10.824801445007324}, {'step': 14, 'avg_l2_distance': 2.840404748916626, 'avg_kl_divergence': 6.380682468414307, 'entropy': 10.824798583984375}, {'step': 15, 'avg_l2_distance': 2.840404748916626, 'avg_kl_divergence': 6.380682468414307, 'entropy': 10.82479476928711}, {'step': 16, 'avg_l2_distance': 2.840404748916626, 'avg_kl_divergence': 6.380682468414307, 'entropy': 10.824790000915527}, {'step': 17, 'avg_l2_distance': 2.840404748916626, 'avg_kl_divergence': 6.380682468414307, 'entropy': 10.824785232543945}, {'step': 18, 'avg_l2_distance': 2.840404748916626, 'avg_kl_divergence': 6.380682468414307, 'entropy': 10.82478141784668}, {'step': 19, 'avg_l2_distance': 2.840404748916626, 'avg_kl_divergence': 6.380682468414307, 'entropy': 10.824775695800781}, {'step': 20, 'avg_l2_distance': 2.840404748916626, 'avg_kl_divergence': 6.380682468414307, 'entropy': 10.824769020080566}, {'step': 21, 'avg_l2_distance': 2.840404748916626, 'avg_kl_divergence': 6.380682468414307, 'entropy': 10.824763298034668}, {'step': 22, 'avg_l2_distance': 2.840404748916626, 'avg_kl_divergence': 6.380682468414307, 'entropy': 10.82475471496582}, {'step': 23, 'avg_l2_distance': 2.840404748916626, 'avg_kl_divergence': 6.380682468414307, 'entropy': 10.824746131896973}, {'step': 24, 'avg_l2_distance': 2.840404748916626, 'avg_kl_divergence': 6.380682468414307, 'entropy': 10.824737548828125}, {'step': 25, 'avg_l2_distance': 2.840404748916626, 'avg_kl_divergence': 6.380682468414307, 'entropy': 10.824726104736328}, {'step': 26, 'avg_l2_distance': 2.840404748916626, 'avg_kl_divergence': 6.380682468414307, 'entropy': 10.824715614318848}, {'step': 27, 'avg_l2_distance': 2.840404748916626, 'avg_kl_divergence': 6.380682468414307, 'entropy': 10.824700355529785}, {'step': 28, 'avg_l2_distance': 2.840404748916626, 'avg_kl_divergence': 6.380682468414307, 'entropy': 10.824687004089355}, {'step': 29, 'avg_l2_distance': 2.840404748916626, 'avg_kl_divergence': 6.380682468414307, 'entropy': 10.824668884277344}, {'step': 30, 'avg_l2_distance': 2.840404748916626, 'avg_kl_divergence': 6.380682468414307, 'entropy': 10.8246488571167}, {'step': 31, 'avg_l2_distance': 2.840404748916626, 'avg_kl_divergence': 6.380682468414307, 'entropy': 10.824625968933105}, {'step': 32, 'avg_l2_distance': 2.840404748916626, 'avg_kl_divergence': 6.380682468414307, 'entropy': 10.82459831237793}, {'step': 33, 'avg_l2_distance': 2.840404748916626, 'avg_kl_divergence': 6.380682468414307, 'entropy': 10.824565887451172}, {'step': 34, 'avg_l2_distance': 2.840404748916626, 'avg_kl_divergence': 6.380682468414307, 'entropy': 10.824528694152832}, {'step': 35, 'avg_l2_distance': 2.840404748916626, 'avg_kl_divergence': 6.380682468414307, 'entropy': 10.824482917785645}, {'step': 36, 'avg_l2_distance': 2.840404748916626, 'avg_kl_divergence': 6.380682468414307, 'entropy': 10.824426651000977}, {'step': 37, 'avg_l2_distance': 2.840404748916626, 'avg_kl_divergence': 6.380682468414307, 'entropy': 10.824356079101562}, {'step': 38, 'avg_l2_distance': 2.840404748916626, 'avg_kl_divergence': 6.380682468414307, 'entropy': 10.824268341064453}, {'step': 39, 'avg_l2_distance': 2.840404748916626, 'avg_kl_divergence': 6.380682468414307, 'entropy': 10.824155807495117}, {'step': 40, 'avg_l2_distance': 2.840404748916626, 'avg_kl_divergence': 6.380682468414307, 'entropy': 10.824007034301758}, {'step': 41, 'avg_l2_distance': 2.840404748916626, 'avg_kl_divergence': 6.380682468414307, 'entropy': 10.82380485534668}, {'step': 42, 'avg_l2_distance': 2.840404748916626, 'avg_kl_divergence': 6.380682468414307, 'entropy': 10.823519706726074}, {'step': 43, 'avg_l2_distance': 2.840404748916626, 'avg_kl_divergence': 6.380682468414307, 'entropy': 10.823099136352539}, {'step': 44, 'avg_l2_distance': 2.847501277923584, 'avg_kl_divergence': 5.986034393310547, 'entropy': 10.822443008422852}, {'step': 45, 'avg_l2_distance': 2.847501277923584, 'avg_kl_divergence': 5.986034393310547, 'entropy': 10.820656776428223}, {'step': 46, 'avg_l2_distance': 2.847501277923584, 'avg_kl_divergence': 5.986034393310547, 'entropy': 10.818166732788086}, {'step': 47, 'avg_l2_distance': 2.847501277923584, 'avg_kl_divergence': 5.986034393310547, 'entropy': 10.812313079833984}, {'step': 48, 'avg_l2_distance': 2.847501277923584, 'avg_kl_divergence': 5.986034393310547, 'entropy': 10.791430473327637}, {'step': 49, 'avg_l2_distance': 2.847501277923584, 'avg_kl_divergence': 5.986034393310547, 'entropy': 9.754129409790039}]",2.847501277923584,5.986034393310547,0.0
25,policy,True,"[{'step': 0, 'avg_l2_distance': 2.621175527572632, 'avg_kl_divergence': 3.493586540222168, 'entropy': 10.824824333190918}, {'step': 1, 'avg_l2_distance': 2.621175527572632, 'avg_kl_divergence': 3.493586540222168, 'entropy': 10.82484245300293}, {'step': 2, 'avg_l2_distance': 2.621175527572632, 'avg_kl_divergence': 3.493586540222168, 'entropy': 10.824840545654297}, {'step': 3, 'avg_l2_distance': 2.621175527572632, 'avg_kl_divergence': 3.493586540222168, 'entropy': 10.824840545654297}, {'step': 4, 'avg_l2_distance': 2.4193239212036133, 'avg_kl_divergence': 8.487203598022461, 'entropy': 10.824838638305664}, {'step': 5, 'avg_l2_distance': 2.4193239212036133, 'avg_kl_divergence': 8.487203598022461, 'entropy': 10.824825286865234}, {'step': 6, 'avg_l2_distance': 2.4193239212036133, 'avg_kl_divergence': 8.487203598022461, 'entropy': 10.824822425842285}, {'step': 7, 'avg_l2_distance': 2.4193239212036133, 'avg_kl_divergence': 8.487203598022461, 'entropy': 10.824820518493652}, {'step': 8, 'avg_l2_distance': 2.4193239212036133, 'avg_kl_divergence': 8.487203598022461, 'entropy': 10.824816703796387}, {'step': 9, 'avg_l2_distance': 2.1285688877105713, 'avg_kl_divergence': 6.408565044403076, 'entropy': 10.824814796447754}, {'step': 10, 'avg_l2_distance': 2.1285688877105713, 'avg_kl_divergence': 6.408565044403076, 'entropy': 10.824708938598633}, {'step': 11, 'avg_l2_distance': 2.1285688877105713, 'avg_kl_divergence': 6.408565044403076, 'entropy': 10.824701309204102}, {'step': 12, 'avg_l2_distance': 2.1285688877105713, 'avg_kl_divergence': 6.408565044403076, 'entropy': 10.824695587158203}, {'step': 13, 'avg_l2_distance': 2.4097447395324707, 'avg_kl_divergence': 3.213139533996582, 'entropy': 10.824687957763672}, {'step': 14, 'avg_l2_distance': 2.4097447395324707, 'avg_kl_divergence': 3.213139533996582, 'entropy': 10.824772834777832}, {'step': 15, 'avg_l2_distance': 2.4097447395324707, 'avg_kl_divergence': 3.213139533996582, 'entropy': 10.824766159057617}, {'step': 16, 'avg_l2_distance': 2.4097447395324707, 'avg_kl_divergence': 3.213139533996582, 'entropy': 10.824759483337402}, {'step': 17, 'avg_l2_distance': 2.3948874473571777, 'avg_kl_divergence': 6.631799697875977, 'entropy': 10.824752807617188}, {'step': 18, 'avg_l2_distance': 2.686002254486084, 'avg_kl_divergence': 5.455590724945068, 'entropy': 10.824753761291504}, {'step': 19, 'avg_l2_distance': 2.315779685974121, 'avg_kl_divergence': 1.6929073333740234, 'entropy': 10.824782371520996}, {'step': 20, 'avg_l2_distance': 2.315779685974121, 'avg_kl_divergence': 1.6929073333740234, 'entropy': 10.824795722961426}, {'step': 21, 'avg_l2_distance': 2.315779685974121, 'avg_kl_divergence': 1.6929073333740234, 'entropy': 10.824789047241211}, {'step': 22, 'avg_l2_distance': 2.315779685974121, 'avg_kl_divergence': 1.6929073333740234, 'entropy': 10.824783325195312}, {'step': 23, 'avg_l2_distance': 2.315779685974121, 'avg_kl_divergence': 1.6929073333740234, 'entropy': 10.824774742126465}, {'step': 24, 'avg_l2_distance': 2.315779685974121, 'avg_kl_divergence': 1.6929073333740234, 'entropy': 10.824766159057617}, {'step': 25, 'avg_l2_distance': 2.315779685974121, 'avg_kl_divergence': 1.6929073333740234, 'entropy': 10.824756622314453}, {'step': 26, 'avg_l2_distance': 2.315779685974121, 'avg_kl_divergence': 1.6929073333740234, 'entropy': 10.824745178222656}, {'step': 27, 'avg_l2_distance': 2.315779685974121, 'avg_kl_divergence': 1.6929073333740234, 'entropy': 10.82473087310791}, {'step': 28, 'avg_l2_distance': 2.315779685974121, 'avg_kl_divergence': 1.6929073333740234, 'entropy': 10.824716567993164}, {'step': 29, 'avg_l2_distance': 2.315779685974121, 'avg_kl_divergence': 1.6929073333740234, 'entropy': 10.824699401855469}, {'step': 30, 'avg_l2_distance': 2.315779685974121, 'avg_kl_divergence': 1.6929073333740234, 'entropy': 10.824678421020508}, {'step': 31, 'avg_l2_distance': 2.315779685974121, 'avg_kl_divergence': 1.6929073333740234, 'entropy': 10.824654579162598}, {'step': 32, 'avg_l2_distance': 2.315779685974121, 'avg_kl_divergence': 1.6929073333740234, 'entropy': 10.824626922607422}, {'step': 33, 'avg_l2_distance': 2.315779685974121, 'avg_kl_divergence': 1.6929073333740234, 'entropy': 10.824592590332031}, {'step': 34, 'avg_l2_distance': 2.315779685974121, 'avg_kl_divergence': 1.6929073333740234, 'entropy': 10.824551582336426}, {'step': 35, 'avg_l2_distance': 2.315779685974121, 'avg_kl_divergence': 1.6929073333740234, 'entropy': 10.824502944946289}, {'step': 36, 'avg_l2_distance': 2.315779685974121, 'avg_kl_divergence': 1.6929073333740234, 'entropy': 10.824440956115723}, {'step': 37, 'avg_l2_distance': 2.315779685974121, 'avg_kl_divergence': 1.6929073333740234, 'entropy': 10.824363708496094}, {'step': 38, 'avg_l2_distance': 2.315779685974121, 'avg_kl_divergence': 1.6929073333740234, 'entropy': 10.82426643371582}, {'step': 39, 'avg_l2_distance': 2.315779685974121, 'avg_kl_divergence': 1.6929073333740234, 'entropy': 10.824139595031738}, {'step': 40, 'avg_l2_distance': 2.315779685974121, 'avg_kl_divergence': 1.6929073333740234, 'entropy': 10.823969841003418}, {'step': 41, 'avg_l2_distance': 2.315779685974121, 'avg_kl_divergence': 1.6929073333740234, 'entropy': 10.823738098144531}, {'step': 42, 'avg_l2_distance': 2.315779685974121, 'avg_kl_divergence': 1.6929073333740234, 'entropy': 10.823409080505371}, {'step': 43, 'avg_l2_distance': 2.315779685974121, 'avg_kl_divergence': 1.6929073333740234, 'entropy': 10.822920799255371}, {'step': 44, 'avg_l2_distance': 2.315779685974121, 'avg_kl_divergence': 1.6929073333740234, 'entropy': 10.822149276733398}, {'step': 45, 'avg_l2_distance': 2.315779685974121, 'avg_kl_divergence': 1.6929073333740234, 'entropy': 10.820826530456543}, {'step': 46, 'avg_l2_distance': 2.315779685974121, 'avg_kl_divergence': 1.6929073333740234, 'entropy': 10.818256378173828}, {'step': 47, 'avg_l2_distance': 2.315779685974121, 'avg_kl_divergence': 1.6929073333740234, 'entropy': 10.812105178833008}, {'step': 48, 'avg_l2_distance': 2.315779685974121, 'avg_kl_divergence': 1.6929073333740234, 'entropy': 10.789751052856445}, {'step': 49, 'avg_l2_distance': 2.315779685974121, 'avg_kl_divergence': 1.6929073333740234, 'entropy': 10.390399932861328}]",2.315779685974121,1.6929073333740234,0.0
26,policy,True,"[{'step': 0, 'avg_l2_distance': 2.4780707359313965, 'avg_kl_divergence': 7.934881687164307, 'entropy': 10.824812889099121}, {'step': 1, 'avg_l2_distance': 2.4780707359313965, 'avg_kl_divergence': 7.934881687164307, 'entropy': 10.824811935424805}, {'step': 2, 'avg_l2_distance': 2.4780707359313965, 'avg_kl_divergence': 7.934881687164307, 'entropy': 10.824809074401855}, {'step': 3, 'avg_l2_distance': 2.4780707359313965, 'avg_kl_divergence': 7.934881687164307, 'entropy': 10.824808120727539}, {'step': 4, 'avg_l2_distance': 2.4780707359313965, 'avg_kl_divergence': 7.934881687164307, 'entropy': 10.824804306030273}, {'step': 5, 'avg_l2_distance': 2.4780707359313965, 'avg_kl_divergence': 7.934881687164307, 'entropy': 10.824801445007324}, {'step': 6, 'avg_l2_distance': 2.4780707359313965, 'avg_kl_divergence': 7.934881687164307, 'entropy': 10.824797630310059}, {'step': 7, 'avg_l2_distance': 2.4780707359313965, 'avg_kl_divergence': 7.934881687164307, 'entropy': 10.82479476928711}, {'step': 8, 'avg_l2_distance': 2.4780707359313965, 'avg_kl_divergence': 7.934881687164307, 'entropy': 10.824792861938477}, {'step': 9, 'avg_l2_distance': 2.4780707359313965, 'avg_kl_divergence': 7.934881687164307, 'entropy': 10.824788093566895}, {'step': 10, 'avg_l2_distance': 2.207191228866577, 'avg_kl_divergence': 5.9934282302856445, 'entropy': 10.824785232543945}, {'step': 11, 'avg_l2_distance': 2.207191228866577, 'avg_kl_divergence': 5.9934282302856445, 'entropy': 10.824735641479492}, {'step': 12, 'avg_l2_distance': 2.207191228866577, 'avg_kl_divergence': 5.9934282302856445, 'entropy': 10.824729919433594}, {'step': 13, 'avg_l2_distance': 2.207191228866577, 'avg_kl_divergence': 5.9934282302856445, 'entropy': 10.824723243713379}, {'step': 14, 'avg_l2_distance': 2.207191228866577, 'avg_kl_divergence': 5.9934282302856445, 'entropy': 10.824715614318848}, {'step': 15, 'avg_l2_distance': 2.207191228866577, 'avg_kl_divergence': 5.9934282302856445, 'entropy': 10.824708938598633}, {'step': 16, 'avg_l2_distance': 2.207191228866577, 'avg_kl_divergence': 5.9934282302856445, 'entropy': 10.824699401855469}, {'step': 17, 'avg_l2_distance': 2.207191228866577, 'avg_kl_divergence': 5.9934282302856445, 'entropy': 10.824691772460938}, {'step': 18, 'avg_l2_distance': 2.207191228866577, 'avg_kl_divergence': 5.9934282302856445, 'entropy': 10.82468032836914}, {'step': 19, 'avg_l2_distance': 2.207191228866577, 'avg_kl_divergence': 5.9934282302856445, 'entropy': 10.824668884277344}, {'step': 20, 'avg_l2_distance': 2.207191228866577, 'avg_kl_divergence': 5.9934282302856445, 'entropy': 10.824657440185547}, {'step': 21, 'avg_l2_distance': 2.207191228866577, 'avg_kl_divergence': 5.9934282302856445, 'entropy': 10.824644088745117}, {'step': 22, 'avg_l2_distance': 2.207191228866577, 'avg_kl_divergence': 5.9934282302856445, 'entropy': 10.824628829956055}, {'step': 23, 'avg_l2_distance': 2.207191228866577, 'avg_kl_divergence': 5.9934282302856445, 'entropy': 10.824613571166992}, {'step': 24, 'avg_l2_distance': 2.207191228866577, 'avg_kl_divergence': 5.9934282302856445, 'entropy': 10.82459545135498}, {'step': 25, 'avg_l2_distance': 2.207191228866577, 'avg_kl_divergence': 5.9934282302856445, 'entropy': 10.824575424194336}, {'step': 26, 'avg_l2_distance': 2.207191228866577, 'avg_kl_divergence': 5.9934282302856445, 'entropy': 10.824554443359375}, {'step': 27, 'avg_l2_distance': 2.207191228866577, 'avg_kl_divergence': 5.9934282302856445, 'entropy': 10.824527740478516}, {'step': 28, 'avg_l2_distance': 2.207191228866577, 'avg_kl_divergence': 5.9934282302856445, 'entropy': 10.824498176574707}, {'step': 29, 'avg_l2_distance': 2.207191228866577, 'avg_kl_divergence': 5.9934282302856445, 'entropy': 10.824466705322266}, {'step': 30, 'avg_l2_distance': 2.207191228866577, 'avg_kl_divergence': 5.9934282302856445, 'entropy': 10.824427604675293}, {'step': 31, 'avg_l2_distance': 2.207191228866577, 'avg_kl_divergence': 5.9934282302856445, 'entropy': 10.824384689331055}, {'step': 32, 'avg_l2_distance': 2.207191228866577, 'avg_kl_divergence': 5.9934282302856445, 'entropy': 10.824335098266602}, {'step': 33, 'avg_l2_distance': 2.207191228866577, 'avg_kl_divergence': 5.9934282302856445, 'entropy': 10.824275016784668}, {'step': 34, 'avg_l2_distance': 2.207191228866577, 'avg_kl_divergence': 5.9934282302856445, 'entropy': 10.82420539855957}, {'step': 35, 'avg_l2_distance': 2.207191228866577, 'avg_kl_divergence': 5.9934282302856445, 'entropy': 10.82412052154541}, {'step': 36, 'avg_l2_distance': 2.207191228866577, 'avg_kl_divergence': 5.9934282302856445, 'entropy': 10.824018478393555}, {'step': 37, 'avg_l2_distance': 2.207191228866577, 'avg_kl_divergence': 5.9934282302856445, 'entropy': 10.823892593383789}, {'step': 38, 'avg_l2_distance': 2.207191228866577, 'avg_kl_divergence': 5.9934282302856445, 'entropy': 10.823734283447266}, {'step': 39, 'avg_l2_distance': 2.207191228866577, 'avg_kl_divergence': 5.9934282302856445, 'entropy': 10.823532104492188}, {'step': 40, 'avg_l2_distance': 2.207191228866577, 'avg_kl_divergence': 5.9934282302856445, 'entropy': 10.823270797729492}, {'step': 41, 'avg_l2_distance': 2.7595107555389404, 'avg_kl_divergence': 10.424298286437988, 'entropy': 10.822914123535156}, {'step': 42, 'avg_l2_distance': 2.7595107555389404, 'avg_kl_divergence': 10.424298286437988, 'entropy': 10.823282241821289}, {'step': 43, 'avg_l2_distance': 2.126701831817627, 'avg_kl_divergence': 8.726482391357422, 'entropy': 10.822774887084961}, {'step': 44, 'avg_l2_distance': 2.126701831817627, 'avg_kl_divergence': 8.726482391357422, 'entropy': 10.82142448425293}, {'step': 45, 'avg_l2_distance': 2.126701831817627, 'avg_kl_divergence': 8.726482391357422, 'entropy': 10.819774627685547}, {'step': 46, 'avg_l2_distance': 2.126701831817627, 'avg_kl_divergence': 8.726482391357422, 'entropy': 10.816584587097168}, {'step': 47, 'avg_l2_distance': 2.126701831817627, 'avg_kl_divergence': 8.726482391357422, 'entropy': 10.809008598327637}, {'step': 48, 'avg_l2_distance': 2.126701831817627, 'avg_kl_divergence': 8.726482391357422, 'entropy': 10.78194808959961}, {'step': 49, 'avg_l2_distance': 2.126701831817627, 'avg_kl_divergence': 8.726482391357422, 'entropy': 10.40894889831543}]",2.126701831817627,8.726482391357422,0.0
27,policy,True,"[{'step': 0, 'avg_l2_distance': 2.2729384899139404, 'avg_kl_divergence': 8.935440063476562, 'entropy': 10.824775695800781}, {'step': 1, 'avg_l2_distance': 2.2729384899139404, 'avg_kl_divergence': 8.935440063476562, 'entropy': 10.824797630310059}, {'step': 2, 'avg_l2_distance': 2.2729384899139404, 'avg_kl_divergence': 8.935440063476562, 'entropy': 10.82479476928711}, {'step': 3, 'avg_l2_distance': 2.2729384899139404, 'avg_kl_divergence': 8.935440063476562, 'entropy': 10.824790954589844}, {'step': 4, 'avg_l2_distance': 2.2729384899139404, 'avg_kl_divergence': 8.935440063476562, 'entropy': 10.824790954589844}, {'step': 5, 'avg_l2_distance': 2.2729384899139404, 'avg_kl_divergence': 8.935440063476562, 'entropy': 10.824786186218262}, {'step': 6, 'avg_l2_distance': 2.2729384899139404, 'avg_kl_divergence': 8.935440063476562, 'entropy': 10.82478141784668}, {'step': 7, 'avg_l2_distance': 2.2729384899139404, 'avg_kl_divergence': 8.935440063476562, 'entropy': 10.824779510498047}, {'step': 8, 'avg_l2_distance': 2.2404773235321045, 'avg_kl_divergence': 6.482484817504883, 'entropy': 10.824775695800781}, {'step': 9, 'avg_l2_distance': 2.2404773235321045, 'avg_kl_divergence': 6.482484817504883, 'entropy': 10.82479476928711}, {'step': 10, 'avg_l2_distance': 2.2404773235321045, 'avg_kl_divergence': 6.482484817504883, 'entropy': 10.824790000915527}, {'step': 11, 'avg_l2_distance': 2.2404773235321045, 'avg_kl_divergence': 6.482484817504883, 'entropy': 10.824787139892578}, {'step': 12, 'avg_l2_distance': 2.2404773235321045, 'avg_kl_divergence': 6.482484817504883, 'entropy': 10.82478141784668}, {'step': 13, 'avg_l2_distance': 2.2404773235321045, 'avg_kl_divergence': 6.482484817504883, 'entropy': 10.824777603149414}, {'step': 14, 'avg_l2_distance': 2.078272819519043, 'avg_kl_divergence': 6.321484565734863, 'entropy': 10.824771881103516}, {'step': 15, 'avg_l2_distance': 2.078272819519043, 'avg_kl_divergence': 6.321484565734863, 'entropy': 10.824666023254395}, {'step': 16, 'avg_l2_distance': 2.078272819519043, 'avg_kl_divergence': 6.321484565734863, 'entropy': 10.824655532836914}, {'step': 17, 'avg_l2_distance': 2.078272819519043, 'avg_kl_divergence': 6.321484565734863, 'entropy': 10.824645042419434}, {'step': 18, 'avg_l2_distance': 2.078272819519043, 'avg_kl_divergence': 6.321484565734863, 'entropy': 10.824633598327637}, {'step': 19, 'avg_l2_distance': 2.078272819519043, 'avg_kl_divergence': 6.321484565734863, 'entropy': 10.82461929321289}, {'step': 20, 'avg_l2_distance': 2.078272819519043, 'avg_kl_divergence': 6.321484565734863, 'entropy': 10.824604988098145}, {'step': 21, 'avg_l2_distance': 2.078272819519043, 'avg_kl_divergence': 6.321484565734863, 'entropy': 10.824590682983398}, {'step': 22, 'avg_l2_distance': 2.078272819519043, 'avg_kl_divergence': 6.321484565734863, 'entropy': 10.824572563171387}, {'step': 23, 'avg_l2_distance': 2.078272819519043, 'avg_kl_divergence': 6.321484565734863, 'entropy': 10.824551582336426}, {'step': 24, 'avg_l2_distance': 2.078272819519043, 'avg_kl_divergence': 6.321484565734863, 'entropy': 10.824531555175781}, {'step': 25, 'avg_l2_distance': 2.078272819519043, 'avg_kl_divergence': 6.321484565734863, 'entropy': 10.824506759643555}, {'step': 26, 'avg_l2_distance': 2.078272819519043, 'avg_kl_divergence': 6.321484565734863, 'entropy': 10.824478149414062}, {'step': 27, 'avg_l2_distance': 2.078272819519043, 'avg_kl_divergence': 6.321484565734863, 'entropy': 10.82444953918457}, {'step': 28, 'avg_l2_distance': 2.078272819519043, 'avg_kl_divergence': 6.321484565734863, 'entropy': 10.82441520690918}, {'step': 29, 'avg_l2_distance': 2.078272819519043, 'avg_kl_divergence': 6.321484565734863, 'entropy': 10.82437515258789}, {'step': 30, 'avg_l2_distance': 2.078272819519043, 'avg_kl_divergence': 6.321484565734863, 'entropy': 10.824329376220703}, {'step': 31, 'avg_l2_distance': 2.078272819519043, 'avg_kl_divergence': 6.321484565734863, 'entropy': 10.8242769241333}, {'step': 32, 'avg_l2_distance': 2.078272819519043, 'avg_kl_divergence': 6.321484565734863, 'entropy': 10.82421588897705}, {'step': 33, 'avg_l2_distance': 2.078272819519043, 'avg_kl_divergence': 6.321484565734863, 'entropy': 10.82414436340332}, {'step': 34, 'avg_l2_distance': 2.078272819519043, 'avg_kl_divergence': 6.321484565734863, 'entropy': 10.824058532714844}, {'step': 35, 'avg_l2_distance': 2.078272819519043, 'avg_kl_divergence': 6.321484565734863, 'entropy': 10.823957443237305}, {'step': 36, 'avg_l2_distance': 2.078272819519043, 'avg_kl_divergence': 6.321484565734863, 'entropy': 10.823833465576172}, {'step': 37, 'avg_l2_distance': 2.078272819519043, 'avg_kl_divergence': 6.321484565734863, 'entropy': 10.823678016662598}, {'step': 38, 'avg_l2_distance': 2.078272819519043, 'avg_kl_divergence': 6.321484565734863, 'entropy': 10.823485374450684}, {'step': 39, 'avg_l2_distance': 2.078272819519043, 'avg_kl_divergence': 6.321484565734863, 'entropy': 10.823237419128418}, {'step': 40, 'avg_l2_distance': 2.078272819519043, 'avg_kl_divergence': 6.321484565734863, 'entropy': 10.822916030883789}, {'step': 41, 'avg_l2_distance': 2.078272819519043, 'avg_kl_divergence': 6.321484565734863, 'entropy': 10.822478294372559}, {'step': 42, 'avg_l2_distance': 2.078272819519043, 'avg_kl_divergence': 6.321484565734863, 'entropy': 10.821866989135742}, {'step': 43, 'avg_l2_distance': 2.078272819519043, 'avg_kl_divergence': 6.321484565734863, 'entropy': 10.820972442626953}, {'step': 44, 'avg_l2_distance': 2.078272819519043, 'avg_kl_divergence': 6.321484565734863, 'entropy': 10.819578170776367}, {'step': 45, 'avg_l2_distance': 2.078272819519043, 'avg_kl_divergence': 6.321484565734863, 'entropy': 10.817219734191895}, {'step': 46, 'avg_l2_distance': 2.078272819519043, 'avg_kl_divergence': 6.321484565734863, 'entropy': 10.812691688537598}, {'step': 47, 'avg_l2_distance': 2.078272819519043, 'avg_kl_divergence': 6.321484565734863, 'entropy': 10.802016258239746}, {'step': 48, 'avg_l2_distance': 2.078272819519043, 'avg_kl_divergence': 6.321484565734863, 'entropy': 10.764419555664062}, {'step': 49, 'avg_l2_distance': 2.4900786876678467, 'avg_kl_divergence': 9.130526542663574, 'entropy': 10.248602867126465}]",2.4900786876678467,9.130526542663574,0.0
28,policy,True,"[{'step': 0, 'avg_l2_distance': 2.4387283325195312, 'avg_kl_divergence': 8.935798645019531, 'entropy': 10.824785232543945}, {'step': 1, 'avg_l2_distance': 2.3829550743103027, 'avg_kl_divergence': 13.723234176635742, 'entropy': 10.824840545654297}, {'step': 2, 'avg_l2_distance': 2.3829550743103027, 'avg_kl_divergence': 13.723234176635742, 'entropy': 10.824793815612793}, {'step': 3, 'avg_l2_distance': 2.3829550743103027, 'avg_kl_divergence': 13.723234176635742, 'entropy': 10.82479190826416}, {'step': 4, 'avg_l2_distance': 2.2190475463867188, 'avg_kl_divergence': 15.391008377075195, 'entropy': 10.824787139892578}, {'step': 5, 'avg_l2_distance': 2.4151551723480225, 'avg_kl_divergence': 11.78335952758789, 'entropy': 10.824760437011719}, {'step': 6, 'avg_l2_distance': 2.4151551723480225, 'avg_kl_divergence': 11.78335952758789, 'entropy': 10.824821472167969}, {'step': 7, 'avg_l2_distance': 2.4151551723480225, 'avg_kl_divergence': 11.78335952758789, 'entropy': 10.82481861114502}, {'step': 8, 'avg_l2_distance': 2.4151551723480225, 'avg_kl_divergence': 11.78335952758789, 'entropy': 10.82481575012207}, {'step': 9, 'avg_l2_distance': 2.4151551723480225, 'avg_kl_divergence': 11.78335952758789, 'entropy': 10.824813842773438}, {'step': 10, 'avg_l2_distance': 2.4151551723480225, 'avg_kl_divergence': 11.78335952758789, 'entropy': 10.824810028076172}, {'step': 11, 'avg_l2_distance': 2.7211005687713623, 'avg_kl_divergence': 7.876767158508301, 'entropy': 10.824808120727539}, {'step': 12, 'avg_l2_distance': 2.7211005687713623, 'avg_kl_divergence': 7.876767158508301, 'entropy': 10.824819564819336}, {'step': 13, 'avg_l2_distance': 2.7211005687713623, 'avg_kl_divergence': 7.876767158508301, 'entropy': 10.824817657470703}, {'step': 14, 'avg_l2_distance': 2.7211005687713623, 'avg_kl_divergence': 7.876767158508301, 'entropy': 10.824814796447754}, {'step': 15, 'avg_l2_distance': 2.7211005687713623, 'avg_kl_divergence': 7.876767158508301, 'entropy': 10.824811935424805}, {'step': 16, 'avg_l2_distance': 2.7211005687713623, 'avg_kl_divergence': 7.876767158508301, 'entropy': 10.824808120727539}, {'step': 17, 'avg_l2_distance': 2.7211005687713623, 'avg_kl_divergence': 7.876767158508301, 'entropy': 10.824804306030273}, {'step': 18, 'avg_l2_distance': 2.7211005687713623, 'avg_kl_divergence': 7.876767158508301, 'entropy': 10.824800491333008}, {'step': 19, 'avg_l2_distance': 2.7211005687713623, 'avg_kl_divergence': 7.876767158508301, 'entropy': 10.824795722961426}, {'step': 20, 'avg_l2_distance': 2.7211005687713623, 'avg_kl_divergence': 7.876767158508301, 'entropy': 10.82479190826416}, {'step': 21, 'avg_l2_distance': 2.7211005687713623, 'avg_kl_divergence': 7.876767158508301, 'entropy': 10.824786186218262}, {'step': 22, 'avg_l2_distance': 2.7211005687713623, 'avg_kl_divergence': 7.876767158508301, 'entropy': 10.82477855682373}, {'step': 23, 'avg_l2_distance': 2.7211005687713623, 'avg_kl_divergence': 7.876767158508301, 'entropy': 10.824772834777832}, {'step': 24, 'avg_l2_distance': 2.697063446044922, 'avg_kl_divergence': 9.642376899719238, 'entropy': 10.824764251708984}, {'step': 25, 'avg_l2_distance': 2.697063446044922, 'avg_kl_divergence': 9.642376899719238, 'entropy': 10.824760437011719}, {'step': 26, 'avg_l2_distance': 2.697063446044922, 'avg_kl_divergence': 9.642376899719238, 'entropy': 10.824749946594238}, {'step': 27, 'avg_l2_distance': 2.697063446044922, 'avg_kl_divergence': 9.642376899719238, 'entropy': 10.824739456176758}, {'step': 28, 'avg_l2_distance': 2.697063446044922, 'avg_kl_divergence': 9.642376899719238, 'entropy': 10.824725151062012}, {'step': 29, 'avg_l2_distance': 2.697063446044922, 'avg_kl_divergence': 9.642376899719238, 'entropy': 10.824710845947266}, {'step': 30, 'avg_l2_distance': 2.697063446044922, 'avg_kl_divergence': 9.642376899719238, 'entropy': 10.824691772460938}, {'step': 31, 'avg_l2_distance': 2.697063446044922, 'avg_kl_divergence': 9.642376899719238, 'entropy': 10.824670791625977}, {'step': 32, 'avg_l2_distance': 2.697063446044922, 'avg_kl_divergence': 9.642376899719238, 'entropy': 10.824645042419434}, {'step': 33, 'avg_l2_distance': 2.697063446044922, 'avg_kl_divergence': 9.642376899719238, 'entropy': 10.824617385864258}, {'step': 34, 'avg_l2_distance': 2.697063446044922, 'avg_kl_divergence': 9.642376899719238, 'entropy': 10.824581146240234}, {'step': 35, 'avg_l2_distance': 2.697063446044922, 'avg_kl_divergence': 9.642376899719238, 'entropy': 10.82453727722168}, {'step': 36, 'avg_l2_distance': 2.697063446044922, 'avg_kl_divergence': 9.642376899719238, 'entropy': 10.824485778808594}, {'step': 37, 'avg_l2_distance': 2.697063446044922, 'avg_kl_divergence': 9.642376899719238, 'entropy': 10.824418067932129}, {'step': 38, 'avg_l2_distance': 2.697063446044922, 'avg_kl_divergence': 9.642376899719238, 'entropy': 10.824334144592285}, {'step': 39, 'avg_l2_distance': 2.697063446044922, 'avg_kl_divergence': 9.642376899719238, 'entropy': 10.824223518371582}, {'step': 40, 'avg_l2_distance': 2.697063446044922, 'avg_kl_divergence': 9.642376899719238, 'entropy': 10.824075698852539}, {'step': 41, 'avg_l2_distance': 2.697063446044922, 'avg_kl_divergence': 9.642376899719238, 'entropy': 10.823874473571777}, {'step': 42, 'avg_l2_distance': 2.697063446044922, 'avg_kl_divergence': 9.642376899719238, 'entropy': 10.823590278625488}, {'step': 43, 'avg_l2_distance': 2.697063446044922, 'avg_kl_divergence': 9.642376899719238, 'entropy': 10.82316780090332}, {'step': 44, 'avg_l2_distance': 2.697063446044922, 'avg_kl_divergence': 9.642376899719238, 'entropy': 10.822502136230469}, {'step': 45, 'avg_l2_distance': 2.697063446044922, 'avg_kl_divergence': 9.642376899719238, 'entropy': 10.82136344909668}, {'step': 46, 'avg_l2_distance': 2.697063446044922, 'avg_kl_divergence': 9.642376899719238, 'entropy': 10.819157600402832}, {'step': 47, 'avg_l2_distance': 2.697063446044922, 'avg_kl_divergence': 9.642376899719238, 'entropy': 10.813918113708496}, {'step': 48, 'avg_l2_distance': 2.697063446044922, 'avg_kl_divergence': 9.642376899719238, 'entropy': 10.795080184936523}, {'step': 49, 'avg_l2_distance': 2.697063446044922, 'avg_kl_divergence': 9.642376899719238, 'entropy': 9.95014762878418}]",2.697063446044922,9.642376899719238,0.0
29,policy,True,"[{'step': 0, 'avg_l2_distance': 2.7451088428497314, 'avg_kl_divergence': 2.8308701515197754, 'entropy': 10.824814796447754}, {'step': 1, 'avg_l2_distance': 2.7451088428497314, 'avg_kl_divergence': 2.8308701515197754, 'entropy': 10.824813842773438}, {'step': 2, 'avg_l2_distance': 2.7451088428497314, 'avg_kl_divergence': 2.8308701515197754, 'entropy': 10.824810981750488}, {'step': 3, 'avg_l2_distance': 2.7451088428497314, 'avg_kl_divergence': 2.8308701515197754, 'entropy': 10.824809074401855}, {'step': 4, 'avg_l2_distance': 2.7451088428497314, 'avg_kl_divergence': 2.8308701515197754, 'entropy': 10.824806213378906}, {'step': 5, 'avg_l2_distance': 2.7451088428497314, 'avg_kl_divergence': 2.8308701515197754, 'entropy': 10.824803352355957}, {'step': 6, 'avg_l2_distance': 2.7451088428497314, 'avg_kl_divergence': 2.8308701515197754, 'entropy': 10.824800491333008}, {'step': 7, 'avg_l2_distance': 2.7451088428497314, 'avg_kl_divergence': 2.8308701515197754, 'entropy': 10.824796676635742}, {'step': 8, 'avg_l2_distance': 2.7451088428497314, 'avg_kl_divergence': 2.8308701515197754, 'entropy': 10.824793815612793}, {'step': 9, 'avg_l2_distance': 2.7451088428497314, 'avg_kl_divergence': 2.8308701515197754, 'entropy': 10.824790954589844}, {'step': 10, 'avg_l2_distance': 2.7451088428497314, 'avg_kl_divergence': 2.8308701515197754, 'entropy': 10.824785232543945}, {'step': 11, 'avg_l2_distance': 2.7451088428497314, 'avg_kl_divergence': 2.8308701515197754, 'entropy': 10.82478141784668}, {'step': 12, 'avg_l2_distance': 2.7451088428497314, 'avg_kl_divergence': 2.8308701515197754, 'entropy': 10.824777603149414}, {'step': 13, 'avg_l2_distance': 2.7451088428497314, 'avg_kl_divergence': 2.8308701515197754, 'entropy': 10.8247709274292}, {'step': 14, 'avg_l2_distance': 2.7451088428497314, 'avg_kl_divergence': 2.8308701515197754, 'entropy': 10.824766159057617}, {'step': 15, 'avg_l2_distance': 2.7451088428497314, 'avg_kl_divergence': 2.8308701515197754, 'entropy': 10.824760437011719}, {'step': 16, 'avg_l2_distance': 2.7451088428497314, 'avg_kl_divergence': 2.8308701515197754, 'entropy': 10.824752807617188}, {'step': 17, 'avg_l2_distance': 2.7451088428497314, 'avg_kl_divergence': 2.8308701515197754, 'entropy': 10.824746131896973}, {'step': 18, 'avg_l2_distance': 2.7451088428497314, 'avg_kl_divergence': 2.8308701515197754, 'entropy': 10.824738502502441}, {'step': 19, 'avg_l2_distance': 2.7451088428497314, 'avg_kl_divergence': 2.8308701515197754, 'entropy': 10.82473087310791}, {'step': 20, 'avg_l2_distance': 2.7371504306793213, 'avg_kl_divergence': 1.8281382322311401, 'entropy': 10.82472038269043}, {'step': 21, 'avg_l2_distance': 2.8571391105651855, 'avg_kl_divergence': 1.039881706237793, 'entropy': 10.824758529663086}, {'step': 22, 'avg_l2_distance': 2.8571391105651855, 'avg_kl_divergence': 1.039881706237793, 'entropy': 10.824758529663086}, {'step': 23, 'avg_l2_distance': 2.6141138076782227, 'avg_kl_divergence': 1.7683324813842773, 'entropy': 10.824749946594238}, {'step': 24, 'avg_l2_distance': 2.6141138076782227, 'avg_kl_divergence': 1.7683324813842773, 'entropy': 10.824729919433594}, {'step': 25, 'avg_l2_distance': 2.6141138076782227, 'avg_kl_divergence': 1.7683324813842773, 'entropy': 10.824718475341797}, {'step': 26, 'avg_l2_distance': 2.6141138076782227, 'avg_kl_divergence': 1.7683324813842773, 'entropy': 10.824706077575684}, {'step': 27, 'avg_l2_distance': 2.6141138076782227, 'avg_kl_divergence': 1.7683324813842773, 'entropy': 10.824690818786621}, {'step': 28, 'avg_l2_distance': 2.6141138076782227, 'avg_kl_divergence': 1.7683324813842773, 'entropy': 10.824674606323242}, {'step': 29, 'avg_l2_distance': 2.6141138076782227, 'avg_kl_divergence': 1.7683324813842773, 'entropy': 10.824654579162598}, {'step': 30, 'avg_l2_distance': 2.6141138076782227, 'avg_kl_divergence': 1.7683324813842773, 'entropy': 10.824633598327637}, {'step': 31, 'avg_l2_distance': 2.6141138076782227, 'avg_kl_divergence': 1.7683324813842773, 'entropy': 10.824605941772461}, {'step': 32, 'avg_l2_distance': 2.6141138076782227, 'avg_kl_divergence': 1.7683324813842773, 'entropy': 10.824575424194336}, {'step': 33, 'avg_l2_distance': 2.6141138076782227, 'avg_kl_divergence': 1.7683324813842773, 'entropy': 10.824541091918945}, {'step': 34, 'avg_l2_distance': 2.6141138076782227, 'avg_kl_divergence': 1.7683324813842773, 'entropy': 10.82449722290039}, {'step': 35, 'avg_l2_distance': 2.6141138076782227, 'avg_kl_divergence': 1.7683324813842773, 'entropy': 10.824445724487305}, {'step': 36, 'avg_l2_distance': 2.6141138076782227, 'avg_kl_divergence': 1.7683324813842773, 'entropy': 10.824382781982422}, {'step': 37, 'avg_l2_distance': 2.6141138076782227, 'avg_kl_divergence': 1.7683324813842773, 'entropy': 10.824304580688477}, {'step': 38, 'avg_l2_distance': 2.6141138076782227, 'avg_kl_divergence': 1.7683324813842773, 'entropy': 10.824204444885254}, {'step': 39, 'avg_l2_distance': 2.6141138076782227, 'avg_kl_divergence': 1.7683324813842773, 'entropy': 10.824077606201172}, {'step': 40, 'avg_l2_distance': 2.6141138076782227, 'avg_kl_divergence': 1.7683324813842773, 'entropy': 10.823909759521484}, {'step': 41, 'avg_l2_distance': 2.6141138076782227, 'avg_kl_divergence': 1.7683324813842773, 'entropy': 10.82368278503418}, {'step': 42, 'avg_l2_distance': 2.6141138076782227, 'avg_kl_divergence': 1.7683324813842773, 'entropy': 10.823362350463867}, {'step': 43, 'avg_l2_distance': 2.6141138076782227, 'avg_kl_divergence': 1.7683324813842773, 'entropy': 10.822893142700195}, {'step': 44, 'avg_l2_distance': 2.6141138076782227, 'avg_kl_divergence': 1.7683324813842773, 'entropy': 10.822158813476562}, {'step': 45, 'avg_l2_distance': 2.6141138076782227, 'avg_kl_divergence': 1.7683324813842773, 'entropy': 10.820918083190918}, {'step': 46, 'avg_l2_distance': 2.6141138076782227, 'avg_kl_divergence': 1.7683324813842773, 'entropy': 10.8185396194458}, {'step': 47, 'avg_l2_distance': 2.6141138076782227, 'avg_kl_divergence': 1.7683324813842773, 'entropy': 10.812942504882812}, {'step': 48, 'avg_l2_distance': 2.6141138076782227, 'avg_kl_divergence': 1.7683324813842773, 'entropy': 10.793115615844727}, {'step': 49, 'avg_l2_distance': 2.6141138076782227, 'avg_kl_divergence': 1.7683324813842773, 'entropy': 10.373724937438965}]",2.6141138076782227,1.7683324813842773,0.0
30,policy,True,"[{'step': 0, 'avg_l2_distance': 2.1757051944732666, 'avg_kl_divergence': 13.74459457397461, 'entropy': 10.82477855682373}, {'step': 1, 'avg_l2_distance': 2.1757051944732666, 'avg_kl_divergence': 13.74459457397461, 'entropy': 10.824775695800781}, {'step': 2, 'avg_l2_distance': 2.1757051944732666, 'avg_kl_divergence': 13.74459457397461, 'entropy': 10.824773788452148}, {'step': 3, 'avg_l2_distance': 2.1757051944732666, 'avg_kl_divergence': 13.74459457397461, 'entropy': 10.824769973754883}, {'step': 4, 'avg_l2_distance': 2.1757051944732666, 'avg_kl_divergence': 13.74459457397461, 'entropy': 10.824766159057617}, {'step': 5, 'avg_l2_distance': 2.1757051944732666, 'avg_kl_divergence': 13.74459457397461, 'entropy': 10.824762344360352}, {'step': 6, 'avg_l2_distance': 2.1757051944732666, 'avg_kl_divergence': 13.74459457397461, 'entropy': 10.824758529663086}, {'step': 7, 'avg_l2_distance': 2.1757051944732666, 'avg_kl_divergence': 13.74459457397461, 'entropy': 10.82475471496582}, {'step': 8, 'avg_l2_distance': 2.1757051944732666, 'avg_kl_divergence': 13.74459457397461, 'entropy': 10.824750900268555}, {'step': 9, 'avg_l2_distance': 2.1757051944732666, 'avg_kl_divergence': 13.74459457397461, 'entropy': 10.824745178222656}, {'step': 10, 'avg_l2_distance': 2.1757051944732666, 'avg_kl_divergence': 13.74459457397461, 'entropy': 10.824740409851074}, {'step': 11, 'avg_l2_distance': 2.1757051944732666, 'avg_kl_divergence': 13.74459457397461, 'entropy': 10.824735641479492}, {'step': 12, 'avg_l2_distance': 2.1757051944732666, 'avg_kl_divergence': 13.74459457397461, 'entropy': 10.824728012084961}, {'step': 13, 'avg_l2_distance': 2.1757051944732666, 'avg_kl_divergence': 13.74459457397461, 'entropy': 10.824722290039062}, {'step': 14, 'avg_l2_distance': 2.1757051944732666, 'avg_kl_divergence': 13.74459457397461, 'entropy': 10.824714660644531}, {'step': 15, 'avg_l2_distance': 2.1757051944732666, 'avg_kl_divergence': 13.74459457397461, 'entropy': 10.82470703125}, {'step': 16, 'avg_l2_distance': 2.1757051944732666, 'avg_kl_divergence': 13.74459457397461, 'entropy': 10.824698448181152}, {'step': 17, 'avg_l2_distance': 2.1757051944732666, 'avg_kl_divergence': 13.74459457397461, 'entropy': 10.824689865112305}, {'step': 18, 'avg_l2_distance': 2.1757051944732666, 'avg_kl_divergence': 13.74459457397461, 'entropy': 10.824679374694824}, {'step': 19, 'avg_l2_distance': 2.1757051944732666, 'avg_kl_divergence': 13.74459457397461, 'entropy': 10.824668884277344}, {'step': 20, 'avg_l2_distance': 2.1757051944732666, 'avg_kl_divergence': 13.74459457397461, 'entropy': 10.824657440185547}, {'step': 21, 'avg_l2_distance': 2.1757051944732666, 'avg_kl_divergence': 13.74459457397461, 'entropy': 10.824644088745117}, {'step': 22, 'avg_l2_distance': 2.1757051944732666, 'avg_kl_divergence': 13.74459457397461, 'entropy': 10.824629783630371}, {'step': 23, 'avg_l2_distance': 2.1757051944732666, 'avg_kl_divergence': 13.74459457397461, 'entropy': 10.824615478515625}, {'step': 24, 'avg_l2_distance': 2.1757051944732666, 'avg_kl_divergence': 13.74459457397461, 'entropy': 10.824597358703613}, {'step': 25, 'avg_l2_distance': 2.1757051944732666, 'avg_kl_divergence': 13.74459457397461, 'entropy': 10.824577331542969}, {'step': 26, 'avg_l2_distance': 2.1757051944732666, 'avg_kl_divergence': 13.74459457397461, 'entropy': 10.824554443359375}, {'step': 27, 'avg_l2_distance': 2.1757051944732666, 'avg_kl_divergence': 13.74459457397461, 'entropy': 10.824531555175781}, {'step': 28, 'avg_l2_distance': 2.1757051944732666, 'avg_kl_divergence': 13.74459457397461, 'entropy': 10.824502944946289}, {'step': 29, 'avg_l2_distance': 2.1757051944732666, 'avg_kl_divergence': 13.74459457397461, 'entropy': 10.824470520019531}, {'step': 30, 'avg_l2_distance': 2.1757051944732666, 'avg_kl_divergence': 13.74459457397461, 'entropy': 10.824433326721191}, {'step': 31, 'avg_l2_distance': 2.1757051944732666, 'avg_kl_divergence': 13.74459457397461, 'entropy': 10.824390411376953}, {'step': 32, 'avg_l2_distance': 2.1757051944732666, 'avg_kl_divergence': 13.74459457397461, 'entropy': 10.824341773986816}, {'step': 33, 'avg_l2_distance': 2.1757051944732666, 'avg_kl_divergence': 13.74459457397461, 'entropy': 10.824283599853516}, {'step': 34, 'avg_l2_distance': 2.1757051944732666, 'avg_kl_divergence': 13.74459457397461, 'entropy': 10.824213981628418}, {'step': 35, 'avg_l2_distance': 2.1757051944732666, 'avg_kl_divergence': 13.74459457397461, 'entropy': 10.82413101196289}, {'step': 36, 'avg_l2_distance': 2.1757051944732666, 'avg_kl_divergence': 13.74459457397461, 'entropy': 10.824028968811035}, {'step': 37, 'avg_l2_distance': 2.1757051944732666, 'avg_kl_divergence': 13.74459457397461, 'entropy': 10.823904037475586}, {'step': 38, 'avg_l2_distance': 2.1757051944732666, 'avg_kl_divergence': 13.74459457397461, 'entropy': 10.823747634887695}, {'step': 39, 'avg_l2_distance': 2.1757051944732666, 'avg_kl_divergence': 13.74459457397461, 'entropy': 10.823549270629883}, {'step': 40, 'avg_l2_distance': 2.1757051944732666, 'avg_kl_divergence': 13.74459457397461, 'entropy': 10.823287010192871}, {'step': 41, 'avg_l2_distance': 2.1757051944732666, 'avg_kl_divergence': 13.74459457397461, 'entropy': 10.822933197021484}, {'step': 42, 'avg_l2_distance': 2.1757051944732666, 'avg_kl_divergence': 13.74459457397461, 'entropy': 10.822441101074219}, {'step': 43, 'avg_l2_distance': 2.1757051944732666, 'avg_kl_divergence': 13.74459457397461, 'entropy': 10.821722030639648}, {'step': 44, 'avg_l2_distance': 2.1757051944732666, 'avg_kl_divergence': 13.74459457397461, 'entropy': 10.820606231689453}, {'step': 45, 'avg_l2_distance': 2.1757051944732666, 'avg_kl_divergence': 13.74459457397461, 'entropy': 10.818723678588867}, {'step': 46, 'avg_l2_distance': 2.1757051944732666, 'avg_kl_divergence': 13.74459457397461, 'entropy': 10.815134048461914}, {'step': 47, 'avg_l2_distance': 2.1757051944732666, 'avg_kl_divergence': 13.74459457397461, 'entropy': 10.806741714477539}, {'step': 48, 'avg_l2_distance': 2.1757051944732666, 'avg_kl_divergence': 13.74459457397461, 'entropy': 10.777505874633789}, {'step': 49, 'avg_l2_distance': 2.1757051944732666, 'avg_kl_divergence': 13.74459457397461, 'entropy': 10.309414863586426}]",2.1757051944732666,13.74459457397461,0.0
31,policy,True,"[{'step': 0, 'avg_l2_distance': 3.0517585277557373, 'avg_kl_divergence': 7.8561506271362305, 'entropy': 10.824835777282715}, {'step': 1, 'avg_l2_distance': 2.680063009262085, 'avg_kl_divergence': 1.1949429512023926, 'entropy': 10.824837684631348}, {'step': 2, 'avg_l2_distance': 2.680063009262085, 'avg_kl_divergence': 1.1949429512023926, 'entropy': 10.82481861114502}, {'step': 3, 'avg_l2_distance': 2.680063009262085, 'avg_kl_divergence': 1.1949429512023926, 'entropy': 10.824816703796387}, {'step': 4, 'avg_l2_distance': 2.680063009262085, 'avg_kl_divergence': 1.1949429512023926, 'entropy': 10.824814796447754}, {'step': 5, 'avg_l2_distance': 2.680063009262085, 'avg_kl_divergence': 1.1949429512023926, 'entropy': 10.824811935424805}, {'step': 6, 'avg_l2_distance': 2.680063009262085, 'avg_kl_divergence': 1.1949429512023926, 'entropy': 10.824809074401855}, {'step': 7, 'avg_l2_distance': 2.680063009262085, 'avg_kl_divergence': 1.1949429512023926, 'entropy': 10.824806213378906}, {'step': 8, 'avg_l2_distance': 2.680063009262085, 'avg_kl_divergence': 1.1949429512023926, 'entropy': 10.82480239868164}, {'step': 9, 'avg_l2_distance': 2.680063009262085, 'avg_kl_divergence': 1.1949429512023926, 'entropy': 10.824798583984375}, {'step': 10, 'avg_l2_distance': 2.680063009262085, 'avg_kl_divergence': 1.1949429512023926, 'entropy': 10.82479476928711}, {'step': 11, 'avg_l2_distance': 2.680063009262085, 'avg_kl_divergence': 1.1949429512023926, 'entropy': 10.824790954589844}, {'step': 12, 'avg_l2_distance': 2.680063009262085, 'avg_kl_divergence': 1.1949429512023926, 'entropy': 10.824786186218262}, {'step': 13, 'avg_l2_distance': 2.680063009262085, 'avg_kl_divergence': 1.1949429512023926, 'entropy': 10.82478141784668}, {'step': 14, 'avg_l2_distance': 2.680063009262085, 'avg_kl_divergence': 1.1949429512023926, 'entropy': 10.824776649475098}, {'step': 15, 'avg_l2_distance': 2.680063009262085, 'avg_kl_divergence': 1.1949429512023926, 'entropy': 10.824769973754883}, {'step': 16, 'avg_l2_distance': 2.680063009262085, 'avg_kl_divergence': 1.1949429512023926, 'entropy': 10.8247652053833}, {'step': 17, 'avg_l2_distance': 2.680063009262085, 'avg_kl_divergence': 1.1949429512023926, 'entropy': 10.824756622314453}, {'step': 18, 'avg_l2_distance': 2.680063009262085, 'avg_kl_divergence': 1.1949429512023926, 'entropy': 10.824750900268555}, {'step': 19, 'avg_l2_distance': 2.680063009262085, 'avg_kl_divergence': 1.1949429512023926, 'entropy': 10.824742317199707}, {'step': 20, 'avg_l2_distance': 2.680063009262085, 'avg_kl_divergence': 1.1949429512023926, 'entropy': 10.82473373413086}, {'step': 21, 'avg_l2_distance': 2.680063009262085, 'avg_kl_divergence': 1.1949429512023926, 'entropy': 10.824723243713379}, {'step': 22, 'avg_l2_distance': 2.680063009262085, 'avg_kl_divergence': 1.1949429512023926, 'entropy': 10.824712753295898}, {'step': 23, 'avg_l2_distance': 2.680063009262085, 'avg_kl_divergence': 1.1949429512023926, 'entropy': 10.824699401855469}, {'step': 24, 'avg_l2_distance': 2.680063009262085, 'avg_kl_divergence': 1.1949429512023926, 'entropy': 10.824686050415039}, {'step': 25, 'avg_l2_distance': 2.680063009262085, 'avg_kl_divergence': 1.1949429512023926, 'entropy': 10.824671745300293}, {'step': 26, 'avg_l2_distance': 2.680063009262085, 'avg_kl_divergence': 1.1949429512023926, 'entropy': 10.824653625488281}, {'step': 27, 'avg_l2_distance': 2.680063009262085, 'avg_kl_divergence': 1.1949429512023926, 'entropy': 10.824634552001953}, {'step': 28, 'avg_l2_distance': 2.680063009262085, 'avg_kl_divergence': 1.1949429512023926, 'entropy': 10.82461166381836}, {'step': 29, 'avg_l2_distance': 2.680063009262085, 'avg_kl_divergence': 1.1949429512023926, 'entropy': 10.824586868286133}, {'step': 30, 'avg_l2_distance': 2.680063009262085, 'avg_kl_divergence': 1.1949429512023926, 'entropy': 10.824556350708008}, {'step': 31, 'avg_l2_distance': 2.680063009262085, 'avg_kl_divergence': 1.1949429512023926, 'entropy': 10.824522972106934}, {'step': 32, 'avg_l2_distance': 2.680063009262085, 'avg_kl_divergence': 1.1949429512023926, 'entropy': 10.824481964111328}, {'step': 33, 'avg_l2_distance': 2.680063009262085, 'avg_kl_divergence': 1.1949429512023926, 'entropy': 10.824434280395508}, {'step': 34, 'avg_l2_distance': 2.680063009262085, 'avg_kl_divergence': 1.1949429512023926, 'entropy': 10.82437801361084}, {'step': 35, 'avg_l2_distance': 2.680063009262085, 'avg_kl_divergence': 1.1949429512023926, 'entropy': 10.824308395385742}, {'step': 36, 'avg_l2_distance': 2.680063009262085, 'avg_kl_divergence': 1.1949429512023926, 'entropy': 10.824225425720215}, {'step': 37, 'avg_l2_distance': 2.680063009262085, 'avg_kl_divergence': 1.1949429512023926, 'entropy': 10.82412338256836}, {'step': 38, 'avg_l2_distance': 2.680063009262085, 'avg_kl_divergence': 1.1949429512023926, 'entropy': 10.823991775512695}, {'step': 39, 'avg_l2_distance': 2.680063009262085, 'avg_kl_divergence': 1.1949429512023926, 'entropy': 10.823822021484375}, {'step': 40, 'avg_l2_distance': 2.680063009262085, 'avg_kl_divergence': 1.1949429512023926, 'entropy': 10.823600769042969}, {'step': 41, 'avg_l2_distance': 2.680063009262085, 'avg_kl_divergence': 1.1949429512023926, 'entropy': 10.823299407958984}, {'step': 42, 'avg_l2_distance': 2.680063009262085, 'avg_kl_divergence': 1.1949429512023926, 'entropy': 10.822877883911133}, {'step': 43, 'avg_l2_distance': 2.680063009262085, 'avg_kl_divergence': 1.1949429512023926, 'entropy': 10.822257995605469}, {'step': 44, 'avg_l2_distance': 2.680063009262085, 'avg_kl_divergence': 1.1949429512023926, 'entropy': 10.821290969848633}, {'step': 45, 'avg_l2_distance': 2.680063009262085, 'avg_kl_divergence': 1.1949429512023926, 'entropy': 10.81965160369873}, {'step': 46, 'avg_l2_distance': 2.680063009262085, 'avg_kl_divergence': 1.1949429512023926, 'entropy': 10.816513061523438}, {'step': 47, 'avg_l2_distance': 2.680063009262085, 'avg_kl_divergence': 1.1949429512023926, 'entropy': 10.809158325195312}, {'step': 48, 'avg_l2_distance': 2.680063009262085, 'avg_kl_divergence': 1.1949429512023926, 'entropy': 10.783472061157227}, {'step': 49, 'avg_l2_distance': 2.680063009262085, 'avg_kl_divergence': 1.1949429512023926, 'entropy': 10.235050201416016}]",2.680063009262085,1.1949429512023926,0.0
32,policy,True,"[{'step': 0, 'avg_l2_distance': 2.351377248764038, 'avg_kl_divergence': 11.487914085388184, 'entropy': 10.824759483337402}, {'step': 1, 'avg_l2_distance': 2.351377248764038, 'avg_kl_divergence': 11.487914085388184, 'entropy': 10.824756622314453}, {'step': 2, 'avg_l2_distance': 2.351377248764038, 'avg_kl_divergence': 11.487914085388184, 'entropy': 10.82475471496582}, {'step': 3, 'avg_l2_distance': 2.351377248764038, 'avg_kl_divergence': 11.487914085388184, 'entropy': 10.824750900268555}, {'step': 4, 'avg_l2_distance': 2.351377248764038, 'avg_kl_divergence': 11.487914085388184, 'entropy': 10.824748039245605}, {'step': 5, 'avg_l2_distance': 2.351377248764038, 'avg_kl_divergence': 11.487914085388184, 'entropy': 10.82474422454834}, {'step': 6, 'avg_l2_distance': 2.403315782546997, 'avg_kl_divergence': 10.480450630187988, 'entropy': 10.82474136352539}, {'step': 7, 'avg_l2_distance': 2.403315782546997, 'avg_kl_divergence': 10.480450630187988, 'entropy': 10.824771881103516}, {'step': 8, 'avg_l2_distance': 1.6316026449203491, 'avg_kl_divergence': 12.270618438720703, 'entropy': 10.82476806640625}, {'step': 9, 'avg_l2_distance': 2.6658663749694824, 'avg_kl_divergence': 4.818652629852295, 'entropy': 10.824787139892578}, {'step': 10, 'avg_l2_distance': 2.6658663749694824, 'avg_kl_divergence': 4.818652629852295, 'entropy': 10.824813842773438}, {'step': 11, 'avg_l2_distance': 2.6658663749694824, 'avg_kl_divergence': 4.818652629852295, 'entropy': 10.824810981750488}, {'step': 12, 'avg_l2_distance': 2.6658663749694824, 'avg_kl_divergence': 4.818652629852295, 'entropy': 10.824808120727539}, {'step': 13, 'avg_l2_distance': 2.6658663749694824, 'avg_kl_divergence': 4.818652629852295, 'entropy': 10.824804306030273}, {'step': 14, 'avg_l2_distance': 2.6658663749694824, 'avg_kl_divergence': 4.818652629852295, 'entropy': 10.824800491333008}, {'step': 15, 'avg_l2_distance': 2.6658663749694824, 'avg_kl_divergence': 4.818652629852295, 'entropy': 10.824797630310059}, {'step': 16, 'avg_l2_distance': 2.6658663749694824, 'avg_kl_divergence': 4.818652629852295, 'entropy': 10.824792861938477}, {'step': 17, 'avg_l2_distance': 2.6658663749694824, 'avg_kl_divergence': 4.818652629852295, 'entropy': 10.824787139892578}, {'step': 18, 'avg_l2_distance': 2.6658663749694824, 'avg_kl_divergence': 4.818652629852295, 'entropy': 10.824782371520996}, {'step': 19, 'avg_l2_distance': 1.8106229305267334, 'avg_kl_divergence': 13.779922485351562, 'entropy': 10.824777603149414}, {'step': 20, 'avg_l2_distance': 1.8106229305267334, 'avg_kl_divergence': 13.779922485351562, 'entropy': 10.824679374694824}, {'step': 21, 'avg_l2_distance': 1.8106229305267334, 'avg_kl_divergence': 13.779922485351562, 'entropy': 10.824666976928711}, {'step': 22, 'avg_l2_distance': 1.8106229305267334, 'avg_kl_divergence': 13.779922485351562, 'entropy': 10.824653625488281}, {'step': 23, 'avg_l2_distance': 1.8106229305267334, 'avg_kl_divergence': 13.779922485351562, 'entropy': 10.824638366699219}, {'step': 24, 'avg_l2_distance': 1.8106229305267334, 'avg_kl_divergence': 13.779922485351562, 'entropy': 10.824621200561523}, {'step': 25, 'avg_l2_distance': 1.8106229305267334, 'avg_kl_divergence': 13.779922485351562, 'entropy': 10.824602127075195}, {'step': 26, 'avg_l2_distance': 1.8106229305267334, 'avg_kl_divergence': 13.779922485351562, 'entropy': 10.824581146240234}, {'step': 27, 'avg_l2_distance': 1.8106229305267334, 'avg_kl_divergence': 13.779922485351562, 'entropy': 10.824556350708008}, {'step': 28, 'avg_l2_distance': 1.8106229305267334, 'avg_kl_divergence': 13.779922485351562, 'entropy': 10.824529647827148}, {'step': 29, 'avg_l2_distance': 1.8106229305267334, 'avg_kl_divergence': 13.779922485351562, 'entropy': 10.824496269226074}, {'step': 30, 'avg_l2_distance': 1.8106229305267334, 'avg_kl_divergence': 13.779922485351562, 'entropy': 10.824460983276367}, {'step': 31, 'avg_l2_distance': 1.8106229305267334, 'avg_kl_divergence': 13.779922485351562, 'entropy': 10.824418067932129}, {'step': 32, 'avg_l2_distance': 1.8106229305267334, 'avg_kl_divergence': 13.779922485351562, 'entropy': 10.824369430541992}, {'step': 33, 'avg_l2_distance': 1.8106229305267334, 'avg_kl_divergence': 13.779922485351562, 'entropy': 10.824310302734375}, {'step': 34, 'avg_l2_distance': 1.8106229305267334, 'avg_kl_divergence': 13.779922485351562, 'entropy': 10.824241638183594}, {'step': 35, 'avg_l2_distance': 1.8106229305267334, 'avg_kl_divergence': 13.779922485351562, 'entropy': 10.82415771484375}, {'step': 36, 'avg_l2_distance': 1.8106229305267334, 'avg_kl_divergence': 13.779922485351562, 'entropy': 10.824056625366211}, {'step': 37, 'avg_l2_distance': 1.8106229305267334, 'avg_kl_divergence': 13.779922485351562, 'entropy': 10.823928833007812}, {'step': 38, 'avg_l2_distance': 1.8106229305267334, 'avg_kl_divergence': 13.779922485351562, 'entropy': 10.823770523071289}, {'step': 39, 'avg_l2_distance': 1.8106229305267334, 'avg_kl_divergence': 13.779922485351562, 'entropy': 10.823566436767578}, {'step': 40, 'avg_l2_distance': 1.8106229305267334, 'avg_kl_divergence': 13.779922485351562, 'entropy': 10.823296546936035}, {'step': 41, 'avg_l2_distance': 1.8106229305267334, 'avg_kl_divergence': 13.779922485351562, 'entropy': 10.822933197021484}, {'step': 42, 'avg_l2_distance': 1.8106229305267334, 'avg_kl_divergence': 13.779922485351562, 'entropy': 10.822421073913574}, {'step': 43, 'avg_l2_distance': 1.8106229305267334, 'avg_kl_divergence': 13.779922485351562, 'entropy': 10.821666717529297}, {'step': 44, 'avg_l2_distance': 1.8106229305267334, 'avg_kl_divergence': 13.779922485351562, 'entropy': 10.820487976074219}, {'step': 45, 'avg_l2_distance': 1.8106229305267334, 'avg_kl_divergence': 13.779922485351562, 'entropy': 10.818483352661133}, {'step': 46, 'avg_l2_distance': 1.8106229305267334, 'avg_kl_divergence': 13.779922485351562, 'entropy': 10.814603805541992}, {'step': 47, 'avg_l2_distance': 1.8106229305267334, 'avg_kl_divergence': 13.779922485351562, 'entropy': 10.80534553527832}, {'step': 48, 'avg_l2_distance': 1.8106229305267334, 'avg_kl_divergence': 13.779922485351562, 'entropy': 10.771685600280762}, {'step': 49, 'avg_l2_distance': 1.9520386457443237, 'avg_kl_divergence': 7.639698028564453, 'entropy': 10.207746505737305}]",1.9520386457443237,7.639698028564453,0.0
33,policy,True,"[{'step': 0, 'avg_l2_distance': 2.369259834289551, 'avg_kl_divergence': 2.4553797245025635, 'entropy': 10.824828147888184}, {'step': 1, 'avg_l2_distance': 2.369259834289551, 'avg_kl_divergence': 2.4553797245025635, 'entropy': 10.82482624053955}, {'step': 2, 'avg_l2_distance': 2.369259834289551, 'avg_kl_divergence': 2.4553797245025635, 'entropy': 10.824823379516602}, {'step': 3, 'avg_l2_distance': 2.369259834289551, 'avg_kl_divergence': 2.4553797245025635, 'entropy': 10.824821472167969}, {'step': 4, 'avg_l2_distance': 2.369259834289551, 'avg_kl_divergence': 2.4553797245025635, 'entropy': 10.824820518493652}, {'step': 5, 'avg_l2_distance': 2.369259834289551, 'avg_kl_divergence': 2.4553797245025635, 'entropy': 10.824817657470703}, {'step': 6, 'avg_l2_distance': 2.369259834289551, 'avg_kl_divergence': 2.4553797245025635, 'entropy': 10.82481575012207}, {'step': 7, 'avg_l2_distance': 2.369259834289551, 'avg_kl_divergence': 2.4553797245025635, 'entropy': 10.824811935424805}, {'step': 8, 'avg_l2_distance': 2.712063789367676, 'avg_kl_divergence': 5.826900482177734, 'entropy': 10.824810028076172}, {'step': 9, 'avg_l2_distance': 2.712063789367676, 'avg_kl_divergence': 5.826900482177734, 'entropy': 10.824810028076172}, {'step': 10, 'avg_l2_distance': 2.712063789367676, 'avg_kl_divergence': 5.826900482177734, 'entropy': 10.824806213378906}, {'step': 11, 'avg_l2_distance': 2.858570098876953, 'avg_kl_divergence': 3.218648910522461, 'entropy': 10.82480239868164}, {'step': 12, 'avg_l2_distance': 2.858570098876953, 'avg_kl_divergence': 3.218648910522461, 'entropy': 10.82479476928711}, {'step': 13, 'avg_l2_distance': 2.858570098876953, 'avg_kl_divergence': 3.218648910522461, 'entropy': 10.824790954589844}, {'step': 14, 'avg_l2_distance': 2.858570098876953, 'avg_kl_divergence': 3.218648910522461, 'entropy': 10.824787139892578}, {'step': 15, 'avg_l2_distance': 2.858570098876953, 'avg_kl_divergence': 3.218648910522461, 'entropy': 10.824783325195312}, {'step': 16, 'avg_l2_distance': 2.858570098876953, 'avg_kl_divergence': 3.218648910522461, 'entropy': 10.824777603149414}, {'step': 17, 'avg_l2_distance': 2.384861469268799, 'avg_kl_divergence': 6.229458808898926, 'entropy': 10.824771881103516}, {'step': 18, 'avg_l2_distance': 2.384861469268799, 'avg_kl_divergence': 6.229458808898926, 'entropy': 10.824773788452148}, {'step': 19, 'avg_l2_distance': 2.384861469268799, 'avg_kl_divergence': 6.229458808898926, 'entropy': 10.824766159057617}, {'step': 20, 'avg_l2_distance': 2.384861469268799, 'avg_kl_divergence': 6.229458808898926, 'entropy': 10.824758529663086}, {'step': 21, 'avg_l2_distance': 2.384861469268799, 'avg_kl_divergence': 6.229458808898926, 'entropy': 10.824748992919922}, {'step': 22, 'avg_l2_distance': 2.384861469268799, 'avg_kl_divergence': 6.229458808898926, 'entropy': 10.824739456176758}, {'step': 23, 'avg_l2_distance': 2.384861469268799, 'avg_kl_divergence': 6.229458808898926, 'entropy': 10.824728965759277}, {'step': 24, 'avg_l2_distance': 2.384861469268799, 'avg_kl_divergence': 6.229458808898926, 'entropy': 10.824716567993164}, {'step': 25, 'avg_l2_distance': 2.384861469268799, 'avg_kl_divergence': 6.229458808898926, 'entropy': 10.824702262878418}, {'step': 26, 'avg_l2_distance': 2.384861469268799, 'avg_kl_divergence': 6.229458808898926, 'entropy': 10.824687004089355}, {'step': 27, 'avg_l2_distance': 2.384861469268799, 'avg_kl_divergence': 6.229458808898926, 'entropy': 10.82466983795166}, {'step': 28, 'avg_l2_distance': 2.384861469268799, 'avg_kl_divergence': 6.229458808898926, 'entropy': 10.824649810791016}, {'step': 29, 'avg_l2_distance': 2.384861469268799, 'avg_kl_divergence': 6.229458808898926, 'entropy': 10.824625015258789}, {'step': 30, 'avg_l2_distance': 2.384861469268799, 'avg_kl_divergence': 6.229458808898926, 'entropy': 10.82459831237793}, {'step': 31, 'avg_l2_distance': 2.384861469268799, 'avg_kl_divergence': 6.229458808898926, 'entropy': 10.824565887451172}, {'step': 32, 'avg_l2_distance': 2.384861469268799, 'avg_kl_divergence': 6.229458808898926, 'entropy': 10.824530601501465}, {'step': 33, 'avg_l2_distance': 2.384861469268799, 'avg_kl_divergence': 6.229458808898926, 'entropy': 10.82448673248291}, {'step': 34, 'avg_l2_distance': 2.384861469268799, 'avg_kl_divergence': 6.229458808898926, 'entropy': 10.824432373046875}, {'step': 35, 'avg_l2_distance': 2.384861469268799, 'avg_kl_divergence': 6.229458808898926, 'entropy': 10.824369430541992}, {'step': 36, 'avg_l2_distance': 2.384861469268799, 'avg_kl_divergence': 6.229458808898926, 'entropy': 10.824291229248047}, {'step': 37, 'avg_l2_distance': 2.384861469268799, 'avg_kl_divergence': 6.229458808898926, 'entropy': 10.82419204711914}, {'step': 38, 'avg_l2_distance': 2.384861469268799, 'avg_kl_divergence': 6.229458808898926, 'entropy': 10.824068069458008}, {'step': 39, 'avg_l2_distance': 2.384861469268799, 'avg_kl_divergence': 6.229458808898926, 'entropy': 10.823906898498535}, {'step': 40, 'avg_l2_distance': 2.384861469268799, 'avg_kl_divergence': 6.229458808898926, 'entropy': 10.823695182800293}, {'step': 41, 'avg_l2_distance': 2.384861469268799, 'avg_kl_divergence': 6.229458808898926, 'entropy': 10.823404312133789}, {'step': 42, 'avg_l2_distance': 2.384861469268799, 'avg_kl_divergence': 6.229458808898926, 'entropy': 10.822996139526367}, {'step': 43, 'avg_l2_distance': 2.384861469268799, 'avg_kl_divergence': 6.229458808898926, 'entropy': 10.822389602661133}, {'step': 44, 'avg_l2_distance': 2.384861469268799, 'avg_kl_divergence': 6.229458808898926, 'entropy': 10.821439743041992}, {'step': 45, 'avg_l2_distance': 2.384861469268799, 'avg_kl_divergence': 6.229458808898926, 'entropy': 10.819814682006836}, {'step': 46, 'avg_l2_distance': 2.384861469268799, 'avg_kl_divergence': 6.229458808898926, 'entropy': 10.816671371459961}, {'step': 47, 'avg_l2_distance': 2.384861469268799, 'avg_kl_divergence': 6.229458808898926, 'entropy': 10.809196472167969}, {'step': 48, 'avg_l2_distance': 2.384861469268799, 'avg_kl_divergence': 6.229458808898926, 'entropy': 10.78242015838623}, {'step': 49, 'avg_l2_distance': 2.384861469268799, 'avg_kl_divergence': 6.229458808898926, 'entropy': 10.354660034179688}]",2.384861469268799,6.229458808898926,0.0
34,policy,True,"[{'step': 0, 'avg_l2_distance': 2.423431873321533, 'avg_kl_divergence': 9.483444213867188, 'entropy': 10.824846267700195}, {'step': 1, 'avg_l2_distance': 2.423431873321533, 'avg_kl_divergence': 9.483444213867188, 'entropy': 10.8247709274292}, {'step': 2, 'avg_l2_distance': 2.423431873321533, 'avg_kl_divergence': 9.483444213867188, 'entropy': 10.824766159057617}, {'step': 3, 'avg_l2_distance': 2.423431873321533, 'avg_kl_divergence': 9.483444213867188, 'entropy': 10.824764251708984}, {'step': 4, 'avg_l2_distance': 2.423431873321533, 'avg_kl_divergence': 9.483444213867188, 'entropy': 10.824759483337402}, {'step': 5, 'avg_l2_distance': 2.423431873321533, 'avg_kl_divergence': 9.483444213867188, 'entropy': 10.824756622314453}, {'step': 6, 'avg_l2_distance': 2.423431873321533, 'avg_kl_divergence': 9.483444213867188, 'entropy': 10.824751853942871}, {'step': 7, 'avg_l2_distance': 2.423431873321533, 'avg_kl_divergence': 9.483444213867188, 'entropy': 10.824746131896973}, {'step': 8, 'avg_l2_distance': 2.4522759914398193, 'avg_kl_divergence': 6.43686056137085, 'entropy': 10.82474136352539}, {'step': 9, 'avg_l2_distance': 2.4522759914398193, 'avg_kl_divergence': 6.43686056137085, 'entropy': 10.824743270874023}, {'step': 10, 'avg_l2_distance': 2.4522759914398193, 'avg_kl_divergence': 6.43686056137085, 'entropy': 10.824737548828125}, {'step': 11, 'avg_l2_distance': 2.4522759914398193, 'avg_kl_divergence': 6.43686056137085, 'entropy': 10.824732780456543}, {'step': 12, 'avg_l2_distance': 2.4522759914398193, 'avg_kl_divergence': 6.43686056137085, 'entropy': 10.824726104736328}, {'step': 13, 'avg_l2_distance': 2.4522759914398193, 'avg_kl_divergence': 6.43686056137085, 'entropy': 10.82472038269043}, {'step': 14, 'avg_l2_distance': 2.4522759914398193, 'avg_kl_divergence': 6.43686056137085, 'entropy': 10.824712753295898}, {'step': 15, 'avg_l2_distance': 2.4522759914398193, 'avg_kl_divergence': 6.43686056137085, 'entropy': 10.824705123901367}, {'step': 16, 'avg_l2_distance': 2.4522759914398193, 'avg_kl_divergence': 6.43686056137085, 'entropy': 10.82469654083252}, {'step': 17, 'avg_l2_distance': 2.4522759914398193, 'avg_kl_divergence': 6.43686056137085, 'entropy': 10.824686050415039}, {'step': 18, 'avg_l2_distance': 2.4522759914398193, 'avg_kl_divergence': 6.43686056137085, 'entropy': 10.824676513671875}, {'step': 19, 'avg_l2_distance': 2.4522759914398193, 'avg_kl_divergence': 6.43686056137085, 'entropy': 10.824665069580078}, {'step': 20, 'avg_l2_distance': 2.4522759914398193, 'avg_kl_divergence': 6.43686056137085, 'entropy': 10.824653625488281}, {'step': 21, 'avg_l2_distance': 2.4522759914398193, 'avg_kl_divergence': 6.43686056137085, 'entropy': 10.824639320373535}, {'step': 22, 'avg_l2_distance': 2.4522759914398193, 'avg_kl_divergence': 6.43686056137085, 'entropy': 10.824624061584473}, {'step': 23, 'avg_l2_distance': 2.4522759914398193, 'avg_kl_divergence': 6.43686056137085, 'entropy': 10.824607849121094}, {'step': 24, 'avg_l2_distance': 2.4522759914398193, 'avg_kl_divergence': 6.43686056137085, 'entropy': 10.824589729309082}, {'step': 25, 'avg_l2_distance': 2.4522759914398193, 'avg_kl_divergence': 6.43686056137085, 'entropy': 10.824569702148438}, {'step': 26, 'avg_l2_distance': 2.4522759914398193, 'avg_kl_divergence': 6.43686056137085, 'entropy': 10.824546813964844}, {'step': 27, 'avg_l2_distance': 2.4522759914398193, 'avg_kl_divergence': 6.43686056137085, 'entropy': 10.824520111083984}, {'step': 28, 'avg_l2_distance': 2.4522759914398193, 'avg_kl_divergence': 6.43686056137085, 'entropy': 10.824490547180176}, {'step': 29, 'avg_l2_distance': 2.4522759914398193, 'avg_kl_divergence': 6.43686056137085, 'entropy': 10.824457168579102}, {'step': 30, 'avg_l2_distance': 2.4522759914398193, 'avg_kl_divergence': 6.43686056137085, 'entropy': 10.824419021606445}, {'step': 31, 'avg_l2_distance': 2.4522759914398193, 'avg_kl_divergence': 6.43686056137085, 'entropy': 10.824373245239258}, {'step': 32, 'avg_l2_distance': 2.4522759914398193, 'avg_kl_divergence': 6.43686056137085, 'entropy': 10.824320793151855}, {'step': 33, 'avg_l2_distance': 2.4522759914398193, 'avg_kl_divergence': 6.43686056137085, 'entropy': 10.824260711669922}, {'step': 34, 'avg_l2_distance': 2.4522759914398193, 'avg_kl_divergence': 6.43686056137085, 'entropy': 10.824186325073242}, {'step': 35, 'avg_l2_distance': 2.4522759914398193, 'avg_kl_divergence': 6.43686056137085, 'entropy': 10.824097633361816}, {'step': 36, 'avg_l2_distance': 2.4522759914398193, 'avg_kl_divergence': 6.43686056137085, 'entropy': 10.823989868164062}, {'step': 37, 'avg_l2_distance': 2.4522759914398193, 'avg_kl_divergence': 6.43686056137085, 'entropy': 10.823858261108398}, {'step': 38, 'avg_l2_distance': 2.4522759914398193, 'avg_kl_divergence': 6.43686056137085, 'entropy': 10.823690414428711}, {'step': 39, 'avg_l2_distance': 2.4522759914398193, 'avg_kl_divergence': 6.43686056137085, 'entropy': 10.823474884033203}, {'step': 40, 'avg_l2_distance': 2.4522759914398193, 'avg_kl_divergence': 6.43686056137085, 'entropy': 10.82319450378418}, {'step': 41, 'avg_l2_distance': 2.4522759914398193, 'avg_kl_divergence': 6.43686056137085, 'entropy': 10.82281494140625}, {'step': 42, 'avg_l2_distance': 2.4522759914398193, 'avg_kl_divergence': 6.43686056137085, 'entropy': 10.822280883789062}, {'step': 43, 'avg_l2_distance': 2.4522759914398193, 'avg_kl_divergence': 6.43686056137085, 'entropy': 10.821496963500977}, {'step': 44, 'avg_l2_distance': 2.4522759914398193, 'avg_kl_divergence': 6.43686056137085, 'entropy': 10.82027816772461}, {'step': 45, 'avg_l2_distance': 2.4522759914398193, 'avg_kl_divergence': 6.43686056137085, 'entropy': 10.818208694458008}, {'step': 46, 'avg_l2_distance': 2.4522759914398193, 'avg_kl_divergence': 6.43686056137085, 'entropy': 10.814233779907227}, {'step': 47, 'avg_l2_distance': 2.4522759914398193, 'avg_kl_divergence': 6.43686056137085, 'entropy': 10.804862976074219}, {'step': 48, 'avg_l2_distance': 2.4522759914398193, 'avg_kl_divergence': 6.43686056137085, 'entropy': 10.771806716918945}, {'step': 49, 'avg_l2_distance': 2.4522759914398193, 'avg_kl_divergence': 6.43686056137085, 'entropy': 10.284975051879883}]",2.4522759914398193,6.43686056137085,0.0
35,policy,True,"[{'step': 0, 'avg_l2_distance': 2.977572202682495, 'avg_kl_divergence': 9.016045570373535, 'entropy': 10.824819564819336}, {'step': 1, 'avg_l2_distance': 2.743039846420288, 'avg_kl_divergence': 5.536626815795898, 'entropy': 10.824819564819336}, {'step': 2, 'avg_l2_distance': 2.8239428997039795, 'avg_kl_divergence': 6.481905460357666, 'entropy': 10.824793815612793}, {'step': 3, 'avg_l2_distance': 2.8239428997039795, 'avg_kl_divergence': 6.481905460357666, 'entropy': 10.824806213378906}, {'step': 4, 'avg_l2_distance': 2.9945757389068604, 'avg_kl_divergence': 3.0180184841156006, 'entropy': 10.824804306030273}, {'step': 5, 'avg_l2_distance': 2.5986335277557373, 'avg_kl_divergence': 3.5071263313293457, 'entropy': 10.824838638305664}, {'step': 6, 'avg_l2_distance': 2.5986335277557373, 'avg_kl_divergence': 3.5071263313293457, 'entropy': 10.824816703796387}, {'step': 7, 'avg_l2_distance': 2.5986335277557373, 'avg_kl_divergence': 3.5071263313293457, 'entropy': 10.824814796447754}, {'step': 8, 'avg_l2_distance': 2.5986335277557373, 'avg_kl_divergence': 3.5071263313293457, 'entropy': 10.824811935424805}, {'step': 9, 'avg_l2_distance': 2.5986335277557373, 'avg_kl_divergence': 3.5071263313293457, 'entropy': 10.824810028076172}, {'step': 10, 'avg_l2_distance': 2.5986335277557373, 'avg_kl_divergence': 3.5071263313293457, 'entropy': 10.824806213378906}, {'step': 11, 'avg_l2_distance': 2.5986335277557373, 'avg_kl_divergence': 3.5071263313293457, 'entropy': 10.824803352355957}, {'step': 12, 'avg_l2_distance': 2.5986335277557373, 'avg_kl_divergence': 3.5071263313293457, 'entropy': 10.824800491333008}, {'step': 13, 'avg_l2_distance': 2.5986335277557373, 'avg_kl_divergence': 3.5071263313293457, 'entropy': 10.824796676635742}, {'step': 14, 'avg_l2_distance': 2.5986335277557373, 'avg_kl_divergence': 3.5071263313293457, 'entropy': 10.82479476928711}, {'step': 15, 'avg_l2_distance': 2.5986335277557373, 'avg_kl_divergence': 3.5071263313293457, 'entropy': 10.824790000915527}, {'step': 16, 'avg_l2_distance': 2.5986335277557373, 'avg_kl_divergence': 3.5071263313293457, 'entropy': 10.824785232543945}, {'step': 17, 'avg_l2_distance': 2.5986335277557373, 'avg_kl_divergence': 3.5071263313293457, 'entropy': 10.82478141784668}, {'step': 18, 'avg_l2_distance': 2.5986335277557373, 'avg_kl_divergence': 3.5071263313293457, 'entropy': 10.824775695800781}, {'step': 19, 'avg_l2_distance': 2.7073991298675537, 'avg_kl_divergence': 7.003381252288818, 'entropy': 10.824769973754883}, {'step': 20, 'avg_l2_distance': 2.7073991298675537, 'avg_kl_divergence': 7.003381252288818, 'entropy': 10.824732780456543}, {'step': 21, 'avg_l2_distance': 2.7073991298675537, 'avg_kl_divergence': 7.003381252288818, 'entropy': 10.824722290039062}, {'step': 22, 'avg_l2_distance': 2.7073991298675537, 'avg_kl_divergence': 7.003381252288818, 'entropy': 10.824710845947266}, {'step': 23, 'avg_l2_distance': 2.7073991298675537, 'avg_kl_divergence': 7.003381252288818, 'entropy': 10.824697494506836}, {'step': 24, 'avg_l2_distance': 2.7073991298675537, 'avg_kl_divergence': 7.003381252288818, 'entropy': 10.824684143066406}, {'step': 25, 'avg_l2_distance': 2.7073991298675537, 'avg_kl_divergence': 7.003381252288818, 'entropy': 10.824666976928711}, {'step': 26, 'avg_l2_distance': 2.6057517528533936, 'avg_kl_divergence': 7.790205001831055, 'entropy': 10.8246488571167}, {'step': 27, 'avg_l2_distance': 2.6057517528533936, 'avg_kl_divergence': 7.790205001831055, 'entropy': 10.824563980102539}, {'step': 28, 'avg_l2_distance': 2.6057517528533936, 'avg_kl_divergence': 7.790205001831055, 'entropy': 10.824538230895996}, {'step': 29, 'avg_l2_distance': 2.6057517528533936, 'avg_kl_divergence': 7.790205001831055, 'entropy': 10.824508666992188}, {'step': 30, 'avg_l2_distance': 2.6057517528533936, 'avg_kl_divergence': 7.790205001831055, 'entropy': 10.824475288391113}, {'step': 31, 'avg_l2_distance': 2.6057517528533936, 'avg_kl_divergence': 7.790205001831055, 'entropy': 10.824438095092773}, {'step': 32, 'avg_l2_distance': 2.6057517528533936, 'avg_kl_divergence': 7.790205001831055, 'entropy': 10.824392318725586}, {'step': 33, 'avg_l2_distance': 2.6057517528533936, 'avg_kl_divergence': 7.790205001831055, 'entropy': 10.824338912963867}, {'step': 34, 'avg_l2_distance': 2.6057517528533936, 'avg_kl_divergence': 7.790205001831055, 'entropy': 10.824275970458984}, {'step': 35, 'avg_l2_distance': 2.6057517528533936, 'avg_kl_divergence': 7.790205001831055, 'entropy': 10.824199676513672}, {'step': 36, 'avg_l2_distance': 2.6057517528533936, 'avg_kl_divergence': 7.790205001831055, 'entropy': 10.82410717010498}, {'step': 37, 'avg_l2_distance': 2.6057517528533936, 'avg_kl_divergence': 7.790205001831055, 'entropy': 10.823993682861328}, {'step': 38, 'avg_l2_distance': 2.6057517528533936, 'avg_kl_divergence': 7.790205001831055, 'entropy': 10.823850631713867}, {'step': 39, 'avg_l2_distance': 2.6057517528533936, 'avg_kl_divergence': 7.790205001831055, 'entropy': 10.823668479919434}, {'step': 40, 'avg_l2_distance': 2.6057517528533936, 'avg_kl_divergence': 7.790205001831055, 'entropy': 10.823429107666016}, {'step': 41, 'avg_l2_distance': 2.6057517528533936, 'avg_kl_divergence': 7.790205001831055, 'entropy': 10.823104858398438}, {'step': 42, 'avg_l2_distance': 2.6244773864746094, 'avg_kl_divergence': 4.064692497253418, 'entropy': 10.822652816772461}, {'step': 43, 'avg_l2_distance': 2.6244773864746094, 'avg_kl_divergence': 4.064692497253418, 'entropy': 10.822465896606445}, {'step': 44, 'avg_l2_distance': 2.6244773864746094, 'avg_kl_divergence': 4.064692497253418, 'entropy': 10.82158088684082}, {'step': 45, 'avg_l2_distance': 2.6244773864746094, 'avg_kl_divergence': 4.064692497253418, 'entropy': 10.820079803466797}, {'step': 46, 'avg_l2_distance': 2.6244773864746094, 'avg_kl_divergence': 4.064692497253418, 'entropy': 10.817205429077148}, {'step': 47, 'avg_l2_distance': 2.6244773864746094, 'avg_kl_divergence': 4.064692497253418, 'entropy': 10.810458183288574}, {'step': 48, 'avg_l2_distance': 2.6244773864746094, 'avg_kl_divergence': 4.064692497253418, 'entropy': 10.786802291870117}, {'step': 49, 'avg_l2_distance': 2.6244773864746094, 'avg_kl_divergence': 4.064692497253418, 'entropy': 10.33210563659668}]",2.6244773864746094,4.064692497253418,0.0
36,policy,True,"[{'step': 0, 'avg_l2_distance': 2.219961166381836, 'avg_kl_divergence': 9.211331367492676, 'entropy': 10.82483959197998}, {'step': 1, 'avg_l2_distance': 2.219961166381836, 'avg_kl_divergence': 9.211331367492676, 'entropy': 10.824810028076172}, {'step': 2, 'avg_l2_distance': 2.219961166381836, 'avg_kl_divergence': 9.211331367492676, 'entropy': 10.824807167053223}, {'step': 3, 'avg_l2_distance': 2.219961166381836, 'avg_kl_divergence': 9.211331367492676, 'entropy': 10.82480525970459}, {'step': 4, 'avg_l2_distance': 2.219961166381836, 'avg_kl_divergence': 9.211331367492676, 'entropy': 10.824803352355957}, {'step': 5, 'avg_l2_distance': 2.219961166381836, 'avg_kl_divergence': 9.211331367492676, 'entropy': 10.824800491333008}, {'step': 6, 'avg_l2_distance': 2.219961166381836, 'avg_kl_divergence': 9.211331367492676, 'entropy': 10.824795722961426}, {'step': 7, 'avg_l2_distance': 2.219961166381836, 'avg_kl_divergence': 9.211331367492676, 'entropy': 10.82479476928711}, {'step': 8, 'avg_l2_distance': 2.219961166381836, 'avg_kl_divergence': 9.211331367492676, 'entropy': 10.824790000915527}, {'step': 9, 'avg_l2_distance': 2.219961166381836, 'avg_kl_divergence': 9.211331367492676, 'entropy': 10.824786186218262}, {'step': 10, 'avg_l2_distance': 2.219961166381836, 'avg_kl_divergence': 9.211331367492676, 'entropy': 10.824782371520996}, {'step': 11, 'avg_l2_distance': 2.5208280086517334, 'avg_kl_divergence': 12.215576171875, 'entropy': 10.824777603149414}, {'step': 12, 'avg_l2_distance': 2.5208280086517334, 'avg_kl_divergence': 12.215576171875, 'entropy': 10.824786186218262}, {'step': 13, 'avg_l2_distance': 2.5208280086517334, 'avg_kl_divergence': 12.215576171875, 'entropy': 10.82478141784668}, {'step': 14, 'avg_l2_distance': 2.5208280086517334, 'avg_kl_divergence': 12.215576171875, 'entropy': 10.824777603149414}, {'step': 15, 'avg_l2_distance': 2.5208280086517334, 'avg_kl_divergence': 12.215576171875, 'entropy': 10.824772834777832}, {'step': 16, 'avg_l2_distance': 2.5208280086517334, 'avg_kl_divergence': 12.215576171875, 'entropy': 10.824767112731934}, {'step': 17, 'avg_l2_distance': 2.2647509574890137, 'avg_kl_divergence': 5.794541835784912, 'entropy': 10.824761390686035}, {'step': 18, 'avg_l2_distance': 2.415430784225464, 'avg_kl_divergence': 5.543219566345215, 'entropy': 10.824721336364746}, {'step': 19, 'avg_l2_distance': 2.415430784225464, 'avg_kl_divergence': 5.543219566345215, 'entropy': 10.824756622314453}, {'step': 20, 'avg_l2_distance': 2.415430784225464, 'avg_kl_divergence': 5.543219566345215, 'entropy': 10.824749946594238}, {'step': 21, 'avg_l2_distance': 2.415430784225464, 'avg_kl_divergence': 5.543219566345215, 'entropy': 10.82474136352539}, {'step': 22, 'avg_l2_distance': 2.415430784225464, 'avg_kl_divergence': 5.543219566345215, 'entropy': 10.824731826782227}, {'step': 23, 'avg_l2_distance': 2.415430784225464, 'avg_kl_divergence': 5.543219566345215, 'entropy': 10.824721336364746}, {'step': 24, 'avg_l2_distance': 2.415430784225464, 'avg_kl_divergence': 5.543219566345215, 'entropy': 10.824708938598633}, {'step': 25, 'avg_l2_distance': 2.415430784225464, 'avg_kl_divergence': 5.543219566345215, 'entropy': 10.824695587158203}, {'step': 26, 'avg_l2_distance': 2.415430784225464, 'avg_kl_divergence': 5.543219566345215, 'entropy': 10.82468032836914}, {'step': 27, 'avg_l2_distance': 2.415430784225464, 'avg_kl_divergence': 5.543219566345215, 'entropy': 10.824663162231445}, {'step': 28, 'avg_l2_distance': 2.415430784225464, 'avg_kl_divergence': 5.543219566345215, 'entropy': 10.824644088745117}, {'step': 29, 'avg_l2_distance': 2.415430784225464, 'avg_kl_divergence': 5.543219566345215, 'entropy': 10.824621200561523}, {'step': 30, 'avg_l2_distance': 2.415430784225464, 'avg_kl_divergence': 5.543219566345215, 'entropy': 10.824596405029297}, {'step': 31, 'avg_l2_distance': 2.415430784225464, 'avg_kl_divergence': 5.543219566345215, 'entropy': 10.824565887451172}, {'step': 32, 'avg_l2_distance': 2.415430784225464, 'avg_kl_divergence': 5.543219566345215, 'entropy': 10.824529647827148}, {'step': 33, 'avg_l2_distance': 2.415430784225464, 'avg_kl_divergence': 5.543219566345215, 'entropy': 10.824487686157227}, {'step': 34, 'avg_l2_distance': 2.415430784225464, 'avg_kl_divergence': 5.543219566345215, 'entropy': 10.82443904876709}, {'step': 35, 'avg_l2_distance': 2.415430784225464, 'avg_kl_divergence': 5.543219566345215, 'entropy': 10.824377059936523}, {'step': 36, 'avg_l2_distance': 2.415430784225464, 'avg_kl_divergence': 5.543219566345215, 'entropy': 10.82430362701416}, {'step': 37, 'avg_l2_distance': 2.415430784225464, 'avg_kl_divergence': 5.543219566345215, 'entropy': 10.824213027954102}, {'step': 38, 'avg_l2_distance': 2.415430784225464, 'avg_kl_divergence': 5.543219566345215, 'entropy': 10.824095726013184}, {'step': 39, 'avg_l2_distance': 2.415430784225464, 'avg_kl_divergence': 5.543219566345215, 'entropy': 10.823945045471191}, {'step': 40, 'avg_l2_distance': 2.415430784225464, 'avg_kl_divergence': 5.543219566345215, 'entropy': 10.823746681213379}, {'step': 41, 'avg_l2_distance': 2.415430784225464, 'avg_kl_divergence': 5.543219566345215, 'entropy': 10.823476791381836}, {'step': 42, 'avg_l2_distance': 2.415430784225464, 'avg_kl_divergence': 5.543219566345215, 'entropy': 10.823097229003906}, {'step': 43, 'avg_l2_distance': 2.415430784225464, 'avg_kl_divergence': 5.543219566345215, 'entropy': 10.82253646850586}, {'step': 44, 'avg_l2_distance': 2.415430784225464, 'avg_kl_divergence': 5.543219566345215, 'entropy': 10.821659088134766}, {'step': 45, 'avg_l2_distance': 2.415430784225464, 'avg_kl_divergence': 5.543219566345215, 'entropy': 10.82016372680664}, {'step': 46, 'avg_l2_distance': 2.415430784225464, 'avg_kl_divergence': 5.543219566345215, 'entropy': 10.81728744506836}, {'step': 47, 'avg_l2_distance': 2.415430784225464, 'avg_kl_divergence': 5.543219566345215, 'entropy': 10.810493469238281}, {'step': 48, 'avg_l2_distance': 2.415430784225464, 'avg_kl_divergence': 5.543219566345215, 'entropy': 10.786497116088867}, {'step': 49, 'avg_l2_distance': 2.415430784225464, 'avg_kl_divergence': 5.543219566345215, 'entropy': 10.275282859802246}]",2.415430784225464,5.543219566345215,0.0
37,policy,True,"[{'step': 0, 'avg_l2_distance': 2.3873093128204346, 'avg_kl_divergence': 0.006781817879527807, 'entropy': 10.824835777282715}, {'step': 1, 'avg_l2_distance': 2.6658334732055664, 'avg_kl_divergence': 4.738414764404297, 'entropy': 10.824834823608398}, {'step': 2, 'avg_l2_distance': 2.6658334732055664, 'avg_kl_divergence': 4.738414764404297, 'entropy': 10.824811935424805}, {'step': 3, 'avg_l2_distance': 2.6658334732055664, 'avg_kl_divergence': 4.738414764404297, 'entropy': 10.824809074401855}, {'step': 4, 'avg_l2_distance': 2.6658334732055664, 'avg_kl_divergence': 4.738414764404297, 'entropy': 10.824806213378906}, {'step': 5, 'avg_l2_distance': 2.6658334732055664, 'avg_kl_divergence': 4.738414764404297, 'entropy': 10.824804306030273}, {'step': 6, 'avg_l2_distance': 2.6658334732055664, 'avg_kl_divergence': 4.738414764404297, 'entropy': 10.824801445007324}, {'step': 7, 'avg_l2_distance': 2.6658334732055664, 'avg_kl_divergence': 4.738414764404297, 'entropy': 10.824799537658691}, {'step': 8, 'avg_l2_distance': 2.685898542404175, 'avg_kl_divergence': 5.438040733337402, 'entropy': 10.82479476928711}, {'step': 9, 'avg_l2_distance': 2.7449872493743896, 'avg_kl_divergence': 3.4318807125091553, 'entropy': 10.824743270874023}, {'step': 10, 'avg_l2_distance': 2.7449872493743896, 'avg_kl_divergence': 3.4318807125091553, 'entropy': 10.824796676635742}, {'step': 11, 'avg_l2_distance': 2.613703966140747, 'avg_kl_divergence': 3.139816999435425, 'entropy': 10.82479476928711}, {'step': 12, 'avg_l2_distance': 2.613703966140747, 'avg_kl_divergence': 3.139816999435425, 'entropy': 10.824787139892578}, {'step': 13, 'avg_l2_distance': 2.613703966140747, 'avg_kl_divergence': 3.139816999435425, 'entropy': 10.82478141784668}, {'step': 14, 'avg_l2_distance': 2.613703966140747, 'avg_kl_divergence': 3.139816999435425, 'entropy': 10.824777603149414}, {'step': 15, 'avg_l2_distance': 2.613703966140747, 'avg_kl_divergence': 3.139816999435425, 'entropy': 10.824771881103516}, {'step': 16, 'avg_l2_distance': 2.613703966140747, 'avg_kl_divergence': 3.139816999435425, 'entropy': 10.8247652053833}, {'step': 17, 'avg_l2_distance': 2.613703966140747, 'avg_kl_divergence': 3.139816999435425, 'entropy': 10.824759483337402}, {'step': 18, 'avg_l2_distance': 2.613703966140747, 'avg_kl_divergence': 3.139816999435425, 'entropy': 10.824752807617188}, {'step': 19, 'avg_l2_distance': 2.613703966140747, 'avg_kl_divergence': 3.139816999435425, 'entropy': 10.824745178222656}, {'step': 20, 'avg_l2_distance': 2.613703966140747, 'avg_kl_divergence': 3.139816999435425, 'entropy': 10.824735641479492}, {'step': 21, 'avg_l2_distance': 2.613703966140747, 'avg_kl_divergence': 3.139816999435425, 'entropy': 10.824726104736328}, {'step': 22, 'avg_l2_distance': 2.613703966140747, 'avg_kl_divergence': 3.139816999435425, 'entropy': 10.824716567993164}, {'step': 23, 'avg_l2_distance': 2.2988970279693604, 'avg_kl_divergence': 3.063539505004883, 'entropy': 10.824705123901367}, {'step': 24, 'avg_l2_distance': 2.2988970279693604, 'avg_kl_divergence': 3.063539505004883, 'entropy': 10.824665069580078}, {'step': 25, 'avg_l2_distance': 2.4008708000183105, 'avg_kl_divergence': 0.1189102903008461, 'entropy': 10.824647903442383}, {'step': 26, 'avg_l2_distance': 2.4008708000183105, 'avg_kl_divergence': 0.1189102903008461, 'entropy': 10.824675559997559}, {'step': 27, 'avg_l2_distance': 2.4008708000183105, 'avg_kl_divergence': 0.1189102903008461, 'entropy': 10.824657440185547}, {'step': 28, 'avg_l2_distance': 2.4008708000183105, 'avg_kl_divergence': 0.1189102903008461, 'entropy': 10.824636459350586}, {'step': 29, 'avg_l2_distance': 2.5051252841949463, 'avg_kl_divergence': 5.105604648590088, 'entropy': 10.824613571166992}, {'step': 30, 'avg_l2_distance': 2.415053367614746, 'avg_kl_divergence': 0.003569486318156123, 'entropy': 10.824618339538574}, {'step': 31, 'avg_l2_distance': 2.415053367614746, 'avg_kl_divergence': 0.003569486318156123, 'entropy': 10.824445724487305}, {'step': 32, 'avg_l2_distance': 2.415053367614746, 'avg_kl_divergence': 0.003569486318156123, 'entropy': 10.824398040771484}, {'step': 33, 'avg_l2_distance': 2.415053367614746, 'avg_kl_divergence': 0.003569486318156123, 'entropy': 10.824341773986816}, {'step': 34, 'avg_l2_distance': 2.415053367614746, 'avg_kl_divergence': 0.003569486318156123, 'entropy': 10.824273109436035}, {'step': 35, 'avg_l2_distance': 2.415053367614746, 'avg_kl_divergence': 0.003569486318156123, 'entropy': 10.824193000793457}, {'step': 36, 'avg_l2_distance': 2.415053367614746, 'avg_kl_divergence': 0.003569486318156123, 'entropy': 10.824090957641602}, {'step': 37, 'avg_l2_distance': 2.415053367614746, 'avg_kl_divergence': 0.003569486318156123, 'entropy': 10.823968887329102}, {'step': 38, 'avg_l2_distance': 2.415053367614746, 'avg_kl_divergence': 0.003569486318156123, 'entropy': 10.823812484741211}, {'step': 39, 'avg_l2_distance': 2.415053367614746, 'avg_kl_divergence': 0.003569486318156123, 'entropy': 10.823612213134766}, {'step': 40, 'avg_l2_distance': 2.415053367614746, 'avg_kl_divergence': 0.003569486318156123, 'entropy': 10.823347091674805}, {'step': 41, 'avg_l2_distance': 2.415053367614746, 'avg_kl_divergence': 0.003569486318156123, 'entropy': 10.822990417480469}, {'step': 42, 'avg_l2_distance': 2.415053367614746, 'avg_kl_divergence': 0.003569486318156123, 'entropy': 10.822487831115723}, {'step': 43, 'avg_l2_distance': 2.415053367614746, 'avg_kl_divergence': 0.003569486318156123, 'entropy': 10.821749687194824}, {'step': 44, 'avg_l2_distance': 2.415053367614746, 'avg_kl_divergence': 0.003569486318156123, 'entropy': 10.820596694946289}, {'step': 45, 'avg_l2_distance': 2.415053367614746, 'avg_kl_divergence': 0.003569486318156123, 'entropy': 10.818643569946289}, {'step': 46, 'avg_l2_distance': 2.415053367614746, 'avg_kl_divergence': 0.003569486318156123, 'entropy': 10.814889907836914}, {'step': 47, 'avg_l2_distance': 2.415053367614746, 'avg_kl_divergence': 0.003569486318156123, 'entropy': 10.806047439575195}, {'step': 48, 'avg_l2_distance': 2.415053367614746, 'avg_kl_divergence': 0.003569486318156123, 'entropy': 10.774975776672363}, {'step': 49, 'avg_l2_distance': 2.415053367614746, 'avg_kl_divergence': 0.003569486318156123, 'entropy': 10.308606147766113}]",2.415053367614746,0.003569486318156123,0.0
38,policy,True,"[{'step': 0, 'avg_l2_distance': 2.710726261138916, 'avg_kl_divergence': 11.909950256347656, 'entropy': 10.824821472167969}, {'step': 1, 'avg_l2_distance': 2.710726261138916, 'avg_kl_divergence': 11.909950256347656, 'entropy': 10.824819564819336}, {'step': 2, 'avg_l2_distance': 2.710726261138916, 'avg_kl_divergence': 11.909950256347656, 'entropy': 10.824817657470703}, {'step': 3, 'avg_l2_distance': 2.710726261138916, 'avg_kl_divergence': 11.909950256347656, 'entropy': 10.824814796447754}, {'step': 4, 'avg_l2_distance': 2.710726261138916, 'avg_kl_divergence': 11.909950256347656, 'entropy': 10.824813842773438}, {'step': 5, 'avg_l2_distance': 2.710726261138916, 'avg_kl_divergence': 11.909950256347656, 'entropy': 10.824810028076172}, {'step': 6, 'avg_l2_distance': 2.710726261138916, 'avg_kl_divergence': 11.909950256347656, 'entropy': 10.824808120727539}, {'step': 7, 'avg_l2_distance': 2.710726261138916, 'avg_kl_divergence': 11.909950256347656, 'entropy': 10.824806213378906}, {'step': 8, 'avg_l2_distance': 2.632248878479004, 'avg_kl_divergence': 12.63026237487793, 'entropy': 10.824803352355957}, {'step': 9, 'avg_l2_distance': 2.632248878479004, 'avg_kl_divergence': 12.63026237487793, 'entropy': 10.824748992919922}, {'step': 10, 'avg_l2_distance': 2.1928927898406982, 'avg_kl_divergence': 18.66521453857422, 'entropy': 10.824745178222656}, {'step': 11, 'avg_l2_distance': 2.1928927898406982, 'avg_kl_divergence': 18.66521453857422, 'entropy': 10.824722290039062}, {'step': 12, 'avg_l2_distance': 2.1928927898406982, 'avg_kl_divergence': 18.66521453857422, 'entropy': 10.824716567993164}, {'step': 13, 'avg_l2_distance': 2.1928927898406982, 'avg_kl_divergence': 18.66521453857422, 'entropy': 10.82470989227295}, {'step': 14, 'avg_l2_distance': 2.1928927898406982, 'avg_kl_divergence': 18.66521453857422, 'entropy': 10.824702262878418}, {'step': 15, 'avg_l2_distance': 2.1928927898406982, 'avg_kl_divergence': 18.66521453857422, 'entropy': 10.824694633483887}, {'step': 16, 'avg_l2_distance': 2.1928927898406982, 'avg_kl_divergence': 18.66521453857422, 'entropy': 10.824685096740723}, {'step': 17, 'avg_l2_distance': 2.1928927898406982, 'avg_kl_divergence': 18.66521453857422, 'entropy': 10.824676513671875}, {'step': 18, 'avg_l2_distance': 2.1928927898406982, 'avg_kl_divergence': 18.66521453857422, 'entropy': 10.824666976928711}, {'step': 19, 'avg_l2_distance': 2.1928927898406982, 'avg_kl_divergence': 18.66521453857422, 'entropy': 10.824655532836914}, {'step': 20, 'avg_l2_distance': 2.1928927898406982, 'avg_kl_divergence': 18.66521453857422, 'entropy': 10.8246431350708}, {'step': 21, 'avg_l2_distance': 2.1928927898406982, 'avg_kl_divergence': 18.66521453857422, 'entropy': 10.824628829956055}, {'step': 22, 'avg_l2_distance': 2.1928927898406982, 'avg_kl_divergence': 18.66521453857422, 'entropy': 10.824613571166992}, {'step': 23, 'avg_l2_distance': 2.1928927898406982, 'avg_kl_divergence': 18.66521453857422, 'entropy': 10.824597358703613}, {'step': 24, 'avg_l2_distance': 2.1928927898406982, 'avg_kl_divergence': 18.66521453857422, 'entropy': 10.824579238891602}, {'step': 25, 'avg_l2_distance': 2.1928927898406982, 'avg_kl_divergence': 18.66521453857422, 'entropy': 10.824559211730957}, {'step': 26, 'avg_l2_distance': 2.1928927898406982, 'avg_kl_divergence': 18.66521453857422, 'entropy': 10.824535369873047}, {'step': 27, 'avg_l2_distance': 2.1928927898406982, 'avg_kl_divergence': 18.66521453857422, 'entropy': 10.82451057434082}, {'step': 28, 'avg_l2_distance': 2.1928927898406982, 'avg_kl_divergence': 18.66521453857422, 'entropy': 10.824480056762695}, {'step': 29, 'avg_l2_distance': 2.1928927898406982, 'avg_kl_divergence': 18.66521453857422, 'entropy': 10.824447631835938}, {'step': 30, 'avg_l2_distance': 2.1928927898406982, 'avg_kl_divergence': 18.66521453857422, 'entropy': 10.824409484863281}, {'step': 31, 'avg_l2_distance': 2.1928927898406982, 'avg_kl_divergence': 18.66521453857422, 'entropy': 10.824363708496094}, {'step': 32, 'avg_l2_distance': 2.1928927898406982, 'avg_kl_divergence': 18.66521453857422, 'entropy': 10.824312210083008}, {'step': 33, 'avg_l2_distance': 2.1928927898406982, 'avg_kl_divergence': 18.66521453857422, 'entropy': 10.824251174926758}, {'step': 34, 'avg_l2_distance': 2.1928927898406982, 'avg_kl_divergence': 18.66521453857422, 'entropy': 10.824179649353027}, {'step': 35, 'avg_l2_distance': 2.1928927898406982, 'avg_kl_divergence': 18.66521453857422, 'entropy': 10.824090957641602}, {'step': 36, 'avg_l2_distance': 2.1928927898406982, 'avg_kl_divergence': 18.66521453857422, 'entropy': 10.823986053466797}, {'step': 37, 'avg_l2_distance': 2.1928927898406982, 'avg_kl_divergence': 18.66521453857422, 'entropy': 10.823854446411133}, {'step': 38, 'avg_l2_distance': 2.1928927898406982, 'avg_kl_divergence': 18.66521453857422, 'entropy': 10.823691368103027}, {'step': 39, 'avg_l2_distance': 2.338287591934204, 'avg_kl_divergence': 11.409072875976562, 'entropy': 10.823480606079102}, {'step': 40, 'avg_l2_distance': 2.338287591934204, 'avg_kl_divergence': 11.409072875976562, 'entropy': 10.823400497436523}, {'step': 41, 'avg_l2_distance': 2.338287591934204, 'avg_kl_divergence': 11.409072875976562, 'entropy': 10.823067665100098}, {'step': 42, 'avg_l2_distance': 2.338287591934204, 'avg_kl_divergence': 11.409072875976562, 'entropy': 10.822601318359375}, {'step': 43, 'avg_l2_distance': 2.338287591934204, 'avg_kl_divergence': 11.409072875976562, 'entropy': 10.821916580200195}, {'step': 44, 'avg_l2_distance': 2.338287591934204, 'avg_kl_divergence': 11.409072875976562, 'entropy': 10.820852279663086}, {'step': 45, 'avg_l2_distance': 2.338287591934204, 'avg_kl_divergence': 11.409072875976562, 'entropy': 10.819051742553711}, {'step': 46, 'avg_l2_distance': 2.338287591934204, 'avg_kl_divergence': 11.409072875976562, 'entropy': 10.815608978271484}, {'step': 47, 'avg_l2_distance': 2.338287591934204, 'avg_kl_divergence': 11.409072875976562, 'entropy': 10.807550430297852}, {'step': 48, 'avg_l2_distance': 2.338287591934204, 'avg_kl_divergence': 11.409072875976562, 'entropy': 10.779516220092773}, {'step': 49, 'avg_l2_distance': 2.338287591934204, 'avg_kl_divergence': 11.409072875976562, 'entropy': 10.31778621673584}]",2.338287591934204,11.409072875976562,0.0
39,policy,True,"[{'step': 0, 'avg_l2_distance': 2.6948485374450684, 'avg_kl_divergence': 7.630383014678955, 'entropy': 10.824789047241211}, {'step': 1, 'avg_l2_distance': 2.7999746799468994, 'avg_kl_divergence': 0.6296488046646118, 'entropy': 10.824823379516602}, {'step': 2, 'avg_l2_distance': 2.635847568511963, 'avg_kl_divergence': 2.812138319015503, 'entropy': 10.824848175048828}, {'step': 3, 'avg_l2_distance': 2.2718286514282227, 'avg_kl_divergence': 0.3125096261501312, 'entropy': 10.824822425842285}, {'step': 4, 'avg_l2_distance': 2.2718286514282227, 'avg_kl_divergence': 0.3125096261501312, 'entropy': 10.824760437011719}, {'step': 5, 'avg_l2_distance': 2.2718286514282227, 'avg_kl_divergence': 0.3125096261501312, 'entropy': 10.824756622314453}, {'step': 6, 'avg_l2_distance': 2.2718286514282227, 'avg_kl_divergence': 0.3125096261501312, 'entropy': 10.824752807617188}, {'step': 7, 'avg_l2_distance': 2.2718286514282227, 'avg_kl_divergence': 0.3125096261501312, 'entropy': 10.824748039245605}, {'step': 8, 'avg_l2_distance': 2.2718286514282227, 'avg_kl_divergence': 0.3125096261501312, 'entropy': 10.82474422454834}, {'step': 9, 'avg_l2_distance': 2.2718286514282227, 'avg_kl_divergence': 0.3125096261501312, 'entropy': 10.824739456176758}, {'step': 10, 'avg_l2_distance': 2.2718286514282227, 'avg_kl_divergence': 0.3125096261501312, 'entropy': 10.824735641479492}, {'step': 11, 'avg_l2_distance': 2.2718286514282227, 'avg_kl_divergence': 0.3125096261501312, 'entropy': 10.82473087310791}, {'step': 12, 'avg_l2_distance': 2.4747066497802734, 'avg_kl_divergence': 0.07205379009246826, 'entropy': 10.824724197387695}, {'step': 13, 'avg_l2_distance': 2.4747066497802734, 'avg_kl_divergence': 0.07205379009246826, 'entropy': 10.824718475341797}, {'step': 14, 'avg_l2_distance': 2.4747066497802734, 'avg_kl_divergence': 0.07205379009246826, 'entropy': 10.824711799621582}, {'step': 15, 'avg_l2_distance': 2.4747066497802734, 'avg_kl_divergence': 0.07205379009246826, 'entropy': 10.824705123901367}, {'step': 16, 'avg_l2_distance': 2.4747066497802734, 'avg_kl_divergence': 0.07205379009246826, 'entropy': 10.824697494506836}, {'step': 17, 'avg_l2_distance': 2.4747066497802734, 'avg_kl_divergence': 0.07205379009246826, 'entropy': 10.824687957763672}, {'step': 18, 'avg_l2_distance': 2.4747066497802734, 'avg_kl_divergence': 0.07205379009246826, 'entropy': 10.824678421020508}, {'step': 19, 'avg_l2_distance': 2.4769506454467773, 'avg_kl_divergence': 0.1770942211151123, 'entropy': 10.824668884277344}, {'step': 20, 'avg_l2_distance': 2.4769506454467773, 'avg_kl_divergence': 0.1770942211151123, 'entropy': 10.82475471496582}, {'step': 21, 'avg_l2_distance': 2.4769506454467773, 'avg_kl_divergence': 0.1770942211151123, 'entropy': 10.824745178222656}, {'step': 22, 'avg_l2_distance': 2.4769506454467773, 'avg_kl_divergence': 0.1770942211151123, 'entropy': 10.824735641479492}, {'step': 23, 'avg_l2_distance': 2.4769506454467773, 'avg_kl_divergence': 0.1770942211151123, 'entropy': 10.824723243713379}, {'step': 24, 'avg_l2_distance': 2.4769506454467773, 'avg_kl_divergence': 0.1770942211151123, 'entropy': 10.824710845947266}, {'step': 25, 'avg_l2_distance': 2.4769506454467773, 'avg_kl_divergence': 0.1770942211151123, 'entropy': 10.824695587158203}, {'step': 26, 'avg_l2_distance': 2.4769506454467773, 'avg_kl_divergence': 0.1770942211151123, 'entropy': 10.824679374694824}, {'step': 27, 'avg_l2_distance': 2.4769506454467773, 'avg_kl_divergence': 0.1770942211151123, 'entropy': 10.824660301208496}, {'step': 28, 'avg_l2_distance': 2.4769506454467773, 'avg_kl_divergence': 0.1770942211151123, 'entropy': 10.824638366699219}, {'step': 29, 'avg_l2_distance': 2.4769506454467773, 'avg_kl_divergence': 0.1770942211151123, 'entropy': 10.824615478515625}, {'step': 30, 'avg_l2_distance': 2.4769506454467773, 'avg_kl_divergence': 0.1770942211151123, 'entropy': 10.824585914611816}, {'step': 31, 'avg_l2_distance': 2.4769506454467773, 'avg_kl_divergence': 0.1770942211151123, 'entropy': 10.824552536010742}, {'step': 32, 'avg_l2_distance': 2.4769506454467773, 'avg_kl_divergence': 0.1770942211151123, 'entropy': 10.82451343536377}, {'step': 33, 'avg_l2_distance': 2.4769506454467773, 'avg_kl_divergence': 0.1770942211151123, 'entropy': 10.824467658996582}, {'step': 34, 'avg_l2_distance': 2.4769506454467773, 'avg_kl_divergence': 0.1770942211151123, 'entropy': 10.824411392211914}, {'step': 35, 'avg_l2_distance': 2.4769506454467773, 'avg_kl_divergence': 0.1770942211151123, 'entropy': 10.824344635009766}, {'step': 36, 'avg_l2_distance': 2.4769506454467773, 'avg_kl_divergence': 0.1770942211151123, 'entropy': 10.824263572692871}, {'step': 37, 'avg_l2_distance': 2.4769506454467773, 'avg_kl_divergence': 0.1770942211151123, 'entropy': 10.824159622192383}, {'step': 38, 'avg_l2_distance': 2.4769506454467773, 'avg_kl_divergence': 0.1770942211151123, 'entropy': 10.824028968811035}, {'step': 39, 'avg_l2_distance': 2.4769506454467773, 'avg_kl_divergence': 0.1770942211151123, 'entropy': 10.82386302947998}, {'step': 40, 'avg_l2_distance': 2.4769506454467773, 'avg_kl_divergence': 0.1770942211151123, 'entropy': 10.823639869689941}, {'step': 41, 'avg_l2_distance': 2.4769506454467773, 'avg_kl_divergence': 0.1770942211151123, 'entropy': 10.823338508605957}, {'step': 42, 'avg_l2_distance': 2.4769506454467773, 'avg_kl_divergence': 0.1770942211151123, 'entropy': 10.822915077209473}, {'step': 43, 'avg_l2_distance': 2.4769506454467773, 'avg_kl_divergence': 0.1770942211151123, 'entropy': 10.82228946685791}, {'step': 44, 'avg_l2_distance': 2.4769506454467773, 'avg_kl_divergence': 0.1770942211151123, 'entropy': 10.821311950683594}, {'step': 45, 'avg_l2_distance': 2.4769506454467773, 'avg_kl_divergence': 0.1770942211151123, 'entropy': 10.819650650024414}, {'step': 46, 'avg_l2_distance': 2.4769506454467773, 'avg_kl_divergence': 0.1770942211151123, 'entropy': 10.81645679473877}, {'step': 47, 'avg_l2_distance': 2.4769506454467773, 'avg_kl_divergence': 0.1770942211151123, 'entropy': 10.808944702148438}, {'step': 48, 'avg_l2_distance': 2.4769506454467773, 'avg_kl_divergence': 0.1770942211151123, 'entropy': 10.782596588134766}, {'step': 49, 'avg_l2_distance': 2.6030163764953613, 'avg_kl_divergence': 0.15049347281455994, 'entropy': 10.310314178466797}]",2.6030163764953613,0.15049347281455994,0.0
40,policy,True,"[{'step': 0, 'avg_l2_distance': 2.785907030105591, 'avg_kl_divergence': 5.973449230194092, 'entropy': 10.824817657470703}, {'step': 1, 'avg_l2_distance': 2.785907030105591, 'avg_kl_divergence': 5.973449230194092, 'entropy': 10.824820518493652}, {'step': 2, 'avg_l2_distance': 2.785907030105591, 'avg_kl_divergence': 5.973449230194092, 'entropy': 10.824817657470703}, {'step': 3, 'avg_l2_distance': 2.785907030105591, 'avg_kl_divergence': 5.973449230194092, 'entropy': 10.82481575012207}, {'step': 4, 'avg_l2_distance': 2.195493459701538, 'avg_kl_divergence': 5.602705001831055, 'entropy': 10.824813842773438}, {'step': 5, 'avg_l2_distance': 2.195493459701538, 'avg_kl_divergence': 5.602705001831055, 'entropy': 10.824814796447754}, {'step': 6, 'avg_l2_distance': 2.3557400703430176, 'avg_kl_divergence': 4.487936019897461, 'entropy': 10.824811935424805}, {'step': 7, 'avg_l2_distance': 2.3557400703430176, 'avg_kl_divergence': 4.487936019897461, 'entropy': 10.824795722961426}, {'step': 8, 'avg_l2_distance': 2.3557400703430176, 'avg_kl_divergence': 4.487936019897461, 'entropy': 10.824792861938477}, {'step': 9, 'avg_l2_distance': 2.3557400703430176, 'avg_kl_divergence': 4.487936019897461, 'entropy': 10.824787139892578}, {'step': 10, 'avg_l2_distance': 2.3557400703430176, 'avg_kl_divergence': 4.487936019897461, 'entropy': 10.824785232543945}, {'step': 11, 'avg_l2_distance': 2.3557400703430176, 'avg_kl_divergence': 4.487936019897461, 'entropy': 10.824780464172363}, {'step': 12, 'avg_l2_distance': 2.3557400703430176, 'avg_kl_divergence': 4.487936019897461, 'entropy': 10.824775695800781}, {'step': 13, 'avg_l2_distance': 2.3557400703430176, 'avg_kl_divergence': 4.487936019897461, 'entropy': 10.8247709274292}, {'step': 14, 'avg_l2_distance': 2.4600937366485596, 'avg_kl_divergence': 6.338504314422607, 'entropy': 10.824767112731934}, {'step': 15, 'avg_l2_distance': 2.4600937366485596, 'avg_kl_divergence': 6.338504314422607, 'entropy': 10.824788093566895}, {'step': 16, 'avg_l2_distance': 2.070244789123535, 'avg_kl_divergence': 3.929393768310547, 'entropy': 10.824782371520996}, {'step': 17, 'avg_l2_distance': 2.070244789123535, 'avg_kl_divergence': 3.929393768310547, 'entropy': 10.82473373413086}, {'step': 18, 'avg_l2_distance': 2.070244789123535, 'avg_kl_divergence': 3.929393768310547, 'entropy': 10.824724197387695}, {'step': 19, 'avg_l2_distance': 2.070244789123535, 'avg_kl_divergence': 3.929393768310547, 'entropy': 10.824715614318848}, {'step': 20, 'avg_l2_distance': 2.070244789123535, 'avg_kl_divergence': 3.929393768310547, 'entropy': 10.82470703125}, {'step': 21, 'avg_l2_distance': 2.070244789123535, 'avg_kl_divergence': 3.929393768310547, 'entropy': 10.82469654083252}, {'step': 22, 'avg_l2_distance': 2.070244789123535, 'avg_kl_divergence': 3.929393768310547, 'entropy': 10.824684143066406}, {'step': 23, 'avg_l2_distance': 2.070244789123535, 'avg_kl_divergence': 3.929393768310547, 'entropy': 10.824670791625977}, {'step': 24, 'avg_l2_distance': 2.070244789123535, 'avg_kl_divergence': 3.929393768310547, 'entropy': 10.82465648651123}, {'step': 25, 'avg_l2_distance': 2.070244789123535, 'avg_kl_divergence': 3.929393768310547, 'entropy': 10.824640274047852}, {'step': 26, 'avg_l2_distance': 2.070244789123535, 'avg_kl_divergence': 3.929393768310547, 'entropy': 10.824620246887207}, {'step': 27, 'avg_l2_distance': 2.070244789123535, 'avg_kl_divergence': 3.929393768310547, 'entropy': 10.82459831237793}, {'step': 28, 'avg_l2_distance': 2.070244789123535, 'avg_kl_divergence': 3.929393768310547, 'entropy': 10.824576377868652}, {'step': 29, 'avg_l2_distance': 2.070244789123535, 'avg_kl_divergence': 3.929393768310547, 'entropy': 10.82454776763916}, {'step': 30, 'avg_l2_distance': 2.070244789123535, 'avg_kl_divergence': 3.929393768310547, 'entropy': 10.824516296386719}, {'step': 31, 'avg_l2_distance': 2.070244789123535, 'avg_kl_divergence': 3.929393768310547, 'entropy': 10.824480056762695}, {'step': 32, 'avg_l2_distance': 2.070244789123535, 'avg_kl_divergence': 3.929393768310547, 'entropy': 10.82443618774414}, {'step': 33, 'avg_l2_distance': 2.070244789123535, 'avg_kl_divergence': 3.929393768310547, 'entropy': 10.824385643005371}, {'step': 34, 'avg_l2_distance': 2.070244789123535, 'avg_kl_divergence': 3.929393768310547, 'entropy': 10.824324607849121}, {'step': 35, 'avg_l2_distance': 2.070244789123535, 'avg_kl_divergence': 3.929393768310547, 'entropy': 10.82425308227539}, {'step': 36, 'avg_l2_distance': 2.070244789123535, 'avg_kl_divergence': 3.929393768310547, 'entropy': 10.824163436889648}, {'step': 37, 'avg_l2_distance': 2.070244789123535, 'avg_kl_divergence': 3.929393768310547, 'entropy': 10.824053764343262}, {'step': 38, 'avg_l2_distance': 2.070244789123535, 'avg_kl_divergence': 3.929393768310547, 'entropy': 10.823915481567383}, {'step': 39, 'avg_l2_distance': 2.070244789123535, 'avg_kl_divergence': 3.929393768310547, 'entropy': 10.823738098144531}, {'step': 40, 'avg_l2_distance': 2.070244789123535, 'avg_kl_divergence': 3.929393768310547, 'entropy': 10.823503494262695}, {'step': 41, 'avg_l2_distance': 2.070244789123535, 'avg_kl_divergence': 3.929393768310547, 'entropy': 10.823187828063965}, {'step': 42, 'avg_l2_distance': 2.070244789123535, 'avg_kl_divergence': 3.929393768310547, 'entropy': 10.822745323181152}, {'step': 43, 'avg_l2_distance': 2.070244789123535, 'avg_kl_divergence': 3.929393768310547, 'entropy': 10.82209587097168}, {'step': 44, 'avg_l2_distance': 2.070244789123535, 'avg_kl_divergence': 3.929393768310547, 'entropy': 10.821084976196289}, {'step': 45, 'avg_l2_distance': 2.070244789123535, 'avg_kl_divergence': 3.929393768310547, 'entropy': 10.81937313079834}, {'step': 46, 'avg_l2_distance': 2.070244789123535, 'avg_kl_divergence': 3.929393768310547, 'entropy': 10.816099166870117}, {'step': 47, 'avg_l2_distance': 2.070244789123535, 'avg_kl_divergence': 3.929393768310547, 'entropy': 10.808427810668945}, {'step': 48, 'avg_l2_distance': 2.070244789123535, 'avg_kl_divergence': 3.929393768310547, 'entropy': 10.781684875488281}, {'step': 49, 'avg_l2_distance': 2.070244789123535, 'avg_kl_divergence': 3.929393768310547, 'entropy': 10.384735107421875}]",2.070244789123535,3.929393768310547,0.0
41,policy,True,"[{'step': 0, 'avg_l2_distance': 2.488966703414917, 'avg_kl_divergence': 11.395966529846191, 'entropy': 10.824840545654297}, {'step': 1, 'avg_l2_distance': 2.7215750217437744, 'avg_kl_divergence': 10.11820125579834, 'entropy': 10.82480239868164}, {'step': 2, 'avg_l2_distance': 2.579418897628784, 'avg_kl_divergence': 4.864110946655273, 'entropy': 10.824840545654297}, {'step': 3, 'avg_l2_distance': 2.579418897628784, 'avg_kl_divergence': 4.864110946655273, 'entropy': 10.824817657470703}, {'step': 4, 'avg_l2_distance': 2.525193691253662, 'avg_kl_divergence': 11.180741310119629, 'entropy': 10.82481575012207}, {'step': 5, 'avg_l2_distance': 2.399589776992798, 'avg_kl_divergence': 13.0089750289917, 'entropy': 10.82478141784668}, {'step': 6, 'avg_l2_distance': 2.399589776992798, 'avg_kl_divergence': 13.0089750289917, 'entropy': 10.824811935424805}, {'step': 7, 'avg_l2_distance': 2.828329563140869, 'avg_kl_divergence': 8.614860534667969, 'entropy': 10.824810028076172}, {'step': 8, 'avg_l2_distance': 2.8039631843566895, 'avg_kl_divergence': 5.942074775695801, 'entropy': 10.824823379516602}, {'step': 9, 'avg_l2_distance': 2.534386396408081, 'avg_kl_divergence': 8.063899993896484, 'entropy': 10.824827194213867}, {'step': 10, 'avg_l2_distance': 2.534386396408081, 'avg_kl_divergence': 8.063899993896484, 'entropy': 10.824801445007324}, {'step': 11, 'avg_l2_distance': 2.534386396408081, 'avg_kl_divergence': 8.063899993896484, 'entropy': 10.824798583984375}, {'step': 12, 'avg_l2_distance': 2.6437368392944336, 'avg_kl_divergence': 9.294389724731445, 'entropy': 10.824793815612793}, {'step': 13, 'avg_l2_distance': 2.3326478004455566, 'avg_kl_divergence': 10.43168830871582, 'entropy': 10.824828147888184}, {'step': 14, 'avg_l2_distance': 2.3326478004455566, 'avg_kl_divergence': 10.43168830871582, 'entropy': 10.824792861938477}, {'step': 15, 'avg_l2_distance': 2.3326478004455566, 'avg_kl_divergence': 10.43168830871582, 'entropy': 10.824788093566895}, {'step': 16, 'avg_l2_distance': 2.3326478004455566, 'avg_kl_divergence': 10.43168830871582, 'entropy': 10.824780464172363}, {'step': 17, 'avg_l2_distance': 2.3326478004455566, 'avg_kl_divergence': 10.43168830871582, 'entropy': 10.824774742126465}, {'step': 18, 'avg_l2_distance': 2.3326478004455566, 'avg_kl_divergence': 10.43168830871582, 'entropy': 10.824766159057617}, {'step': 19, 'avg_l2_distance': 2.2449100017547607, 'avg_kl_divergence': 8.495089530944824, 'entropy': 10.824758529663086}, {'step': 20, 'avg_l2_distance': 2.2449100017547607, 'avg_kl_divergence': 8.495089530944824, 'entropy': 10.82474136352539}, {'step': 21, 'avg_l2_distance': 2.2449100017547607, 'avg_kl_divergence': 8.495089530944824, 'entropy': 10.824731826782227}, {'step': 22, 'avg_l2_distance': 2.2449100017547607, 'avg_kl_divergence': 8.495089530944824, 'entropy': 10.824722290039062}, {'step': 23, 'avg_l2_distance': 2.2449100017547607, 'avg_kl_divergence': 8.495089530944824, 'entropy': 10.82470989227295}, {'step': 24, 'avg_l2_distance': 2.2449100017547607, 'avg_kl_divergence': 8.495089530944824, 'entropy': 10.824697494506836}, {'step': 25, 'avg_l2_distance': 2.2449100017547607, 'avg_kl_divergence': 8.495089530944824, 'entropy': 10.82468318939209}, {'step': 26, 'avg_l2_distance': 2.2449100017547607, 'avg_kl_divergence': 8.495089530944824, 'entropy': 10.824666976928711}, {'step': 27, 'avg_l2_distance': 2.2449100017547607, 'avg_kl_divergence': 8.495089530944824, 'entropy': 10.824647903442383}, {'step': 28, 'avg_l2_distance': 2.2449100017547607, 'avg_kl_divergence': 8.495089530944824, 'entropy': 10.824627876281738}, {'step': 29, 'avg_l2_distance': 2.542565107345581, 'avg_kl_divergence': 3.602646589279175, 'entropy': 10.824602127075195}, {'step': 30, 'avg_l2_distance': 2.542565107345581, 'avg_kl_divergence': 3.602646589279175, 'entropy': 10.82455825805664}, {'step': 31, 'avg_l2_distance': 2.542565107345581, 'avg_kl_divergence': 3.602646589279175, 'entropy': 10.824522018432617}, {'step': 32, 'avg_l2_distance': 2.542565107345581, 'avg_kl_divergence': 3.602646589279175, 'entropy': 10.824480056762695}, {'step': 33, 'avg_l2_distance': 2.542565107345581, 'avg_kl_divergence': 3.602646589279175, 'entropy': 10.824429512023926}, {'step': 34, 'avg_l2_distance': 2.542565107345581, 'avg_kl_divergence': 3.602646589279175, 'entropy': 10.824371337890625}, {'step': 35, 'avg_l2_distance': 2.542565107345581, 'avg_kl_divergence': 3.602646589279175, 'entropy': 10.824298858642578}, {'step': 36, 'avg_l2_distance': 2.542565107345581, 'avg_kl_divergence': 3.602646589279175, 'entropy': 10.824210166931152}, {'step': 37, 'avg_l2_distance': 2.542565107345581, 'avg_kl_divergence': 3.602646589279175, 'entropy': 10.824100494384766}, {'step': 38, 'avg_l2_distance': 2.542565107345581, 'avg_kl_divergence': 3.602646589279175, 'entropy': 10.82396125793457}, {'step': 39, 'avg_l2_distance': 2.542565107345581, 'avg_kl_divergence': 3.602646589279175, 'entropy': 10.823781967163086}, {'step': 40, 'avg_l2_distance': 2.542565107345581, 'avg_kl_divergence': 3.602646589279175, 'entropy': 10.823545455932617}, {'step': 41, 'avg_l2_distance': 2.542565107345581, 'avg_kl_divergence': 3.602646589279175, 'entropy': 10.823222160339355}, {'step': 42, 'avg_l2_distance': 2.542565107345581, 'avg_kl_divergence': 3.602646589279175, 'entropy': 10.82276725769043}, {'step': 43, 'avg_l2_distance': 2.542565107345581, 'avg_kl_divergence': 3.602646589279175, 'entropy': 10.82209587097168}, {'step': 44, 'avg_l2_distance': 2.542565107345581, 'avg_kl_divergence': 3.602646589279175, 'entropy': 10.821043014526367}, {'step': 45, 'avg_l2_distance': 2.542565107345581, 'avg_kl_divergence': 3.602646589279175, 'entropy': 10.819252014160156}, {'step': 46, 'avg_l2_distance': 2.542565107345581, 'avg_kl_divergence': 3.602646589279175, 'entropy': 10.815797805786133}, {'step': 47, 'avg_l2_distance': 2.542565107345581, 'avg_kl_divergence': 3.602646589279175, 'entropy': 10.807638168334961}, {'step': 48, 'avg_l2_distance': 2.542565107345581, 'avg_kl_divergence': 3.602646589279175, 'entropy': 10.778905868530273}, {'step': 49, 'avg_l2_distance': 2.542565107345581, 'avg_kl_divergence': 3.602646589279175, 'entropy': 10.33152961730957}]",2.542565107345581,3.602646589279175,0.0
42,policy,True,"[{'step': 0, 'avg_l2_distance': 2.4814603328704834, 'avg_kl_divergence': 11.040231704711914, 'entropy': 10.824795722961426}, {'step': 1, 'avg_l2_distance': 2.4814603328704834, 'avg_kl_divergence': 11.040231704711914, 'entropy': 10.824793815612793}, {'step': 2, 'avg_l2_distance': 2.4814603328704834, 'avg_kl_divergence': 11.040231704711914, 'entropy': 10.824790954589844}, {'step': 3, 'avg_l2_distance': 2.4814603328704834, 'avg_kl_divergence': 11.040231704711914, 'entropy': 10.824788093566895}, {'step': 4, 'avg_l2_distance': 2.4814603328704834, 'avg_kl_divergence': 11.040231704711914, 'entropy': 10.824785232543945}, {'step': 5, 'avg_l2_distance': 2.4814603328704834, 'avg_kl_divergence': 11.040231704711914, 'entropy': 10.82478141784668}, {'step': 6, 'avg_l2_distance': 2.4814603328704834, 'avg_kl_divergence': 11.040231704711914, 'entropy': 10.824779510498047}, {'step': 7, 'avg_l2_distance': 2.4814603328704834, 'avg_kl_divergence': 11.040231704711914, 'entropy': 10.824773788452148}, {'step': 8, 'avg_l2_distance': 2.4814603328704834, 'avg_kl_divergence': 11.040231704711914, 'entropy': 10.824771881103516}, {'step': 9, 'avg_l2_distance': 2.4814603328704834, 'avg_kl_divergence': 11.040231704711914, 'entropy': 10.82476806640625}, {'step': 10, 'avg_l2_distance': 2.4814603328704834, 'avg_kl_divergence': 11.040231704711914, 'entropy': 10.824763298034668}, {'step': 11, 'avg_l2_distance': 2.1603047847747803, 'avg_kl_divergence': 17.36537742614746, 'entropy': 10.824760437011719}, {'step': 12, 'avg_l2_distance': 2.1603047847747803, 'avg_kl_divergence': 17.36537742614746, 'entropy': 10.824760437011719}, {'step': 13, 'avg_l2_distance': 2.1603047847747803, 'avg_kl_divergence': 17.36537742614746, 'entropy': 10.82475471496582}, {'step': 14, 'avg_l2_distance': 2.1603047847747803, 'avg_kl_divergence': 17.36537742614746, 'entropy': 10.824746131896973}, {'step': 15, 'avg_l2_distance': 2.4123549461364746, 'avg_kl_divergence': 5.422243118286133, 'entropy': 10.824740409851074}, {'step': 16, 'avg_l2_distance': 2.4123549461364746, 'avg_kl_divergence': 5.422243118286133, 'entropy': 10.82479476928711}, {'step': 17, 'avg_l2_distance': 2.4123549461364746, 'avg_kl_divergence': 5.422243118286133, 'entropy': 10.824789047241211}, {'step': 18, 'avg_l2_distance': 2.4123549461364746, 'avg_kl_divergence': 5.422243118286133, 'entropy': 10.824783325195312}, {'step': 19, 'avg_l2_distance': 2.4123549461364746, 'avg_kl_divergence': 5.422243118286133, 'entropy': 10.824777603149414}, {'step': 20, 'avg_l2_distance': 2.4123549461364746, 'avg_kl_divergence': 5.422243118286133, 'entropy': 10.8247709274292}, {'step': 21, 'avg_l2_distance': 2.4123549461364746, 'avg_kl_divergence': 5.422243118286133, 'entropy': 10.824763298034668}, {'step': 22, 'avg_l2_distance': 2.628113269805908, 'avg_kl_divergence': 12.214155197143555, 'entropy': 10.82475471496582}, {'step': 23, 'avg_l2_distance': 2.225202798843384, 'avg_kl_divergence': 21.629119873046875, 'entropy': 10.824713706970215}, {'step': 24, 'avg_l2_distance': 2.225202798843384, 'avg_kl_divergence': 21.629119873046875, 'entropy': 10.824670791625977}, {'step': 25, 'avg_l2_distance': 2.225202798843384, 'avg_kl_divergence': 21.629119873046875, 'entropy': 10.824653625488281}, {'step': 26, 'avg_l2_distance': 2.225202798843384, 'avg_kl_divergence': 21.629119873046875, 'entropy': 10.82463550567627}, {'step': 27, 'avg_l2_distance': 2.225202798843384, 'avg_kl_divergence': 21.629119873046875, 'entropy': 10.824613571166992}, {'step': 28, 'avg_l2_distance': 2.225202798843384, 'avg_kl_divergence': 21.629119873046875, 'entropy': 10.824589729309082}, {'step': 29, 'avg_l2_distance': 2.225202798843384, 'avg_kl_divergence': 21.629119873046875, 'entropy': 10.824562072753906}, {'step': 30, 'avg_l2_distance': 2.225202798843384, 'avg_kl_divergence': 21.629119873046875, 'entropy': 10.824529647827148}, {'step': 31, 'avg_l2_distance': 2.225202798843384, 'avg_kl_divergence': 21.629119873046875, 'entropy': 10.824491500854492}, {'step': 32, 'avg_l2_distance': 2.225202798843384, 'avg_kl_divergence': 21.629119873046875, 'entropy': 10.824448585510254}, {'step': 33, 'avg_l2_distance': 2.225202798843384, 'avg_kl_divergence': 21.629119873046875, 'entropy': 10.824396133422852}, {'step': 34, 'avg_l2_distance': 2.225202798843384, 'avg_kl_divergence': 21.629119873046875, 'entropy': 10.824333190917969}, {'step': 35, 'avg_l2_distance': 2.225202798843384, 'avg_kl_divergence': 21.629119873046875, 'entropy': 10.824258804321289}, {'step': 36, 'avg_l2_distance': 2.225202798843384, 'avg_kl_divergence': 21.629119873046875, 'entropy': 10.82416820526123}, {'step': 37, 'avg_l2_distance': 2.225202798843384, 'avg_kl_divergence': 21.629119873046875, 'entropy': 10.824054718017578}, {'step': 38, 'avg_l2_distance': 2.225202798843384, 'avg_kl_divergence': 21.629119873046875, 'entropy': 10.823911666870117}, {'step': 39, 'avg_l2_distance': 2.225202798843384, 'avg_kl_divergence': 21.629119873046875, 'entropy': 10.823724746704102}, {'step': 40, 'avg_l2_distance': 2.225202798843384, 'avg_kl_divergence': 21.629119873046875, 'entropy': 10.823480606079102}, {'step': 41, 'avg_l2_distance': 2.225202798843384, 'avg_kl_divergence': 21.629119873046875, 'entropy': 10.823148727416992}, {'step': 42, 'avg_l2_distance': 2.225202798843384, 'avg_kl_divergence': 21.629119873046875, 'entropy': 10.822685241699219}, {'step': 43, 'avg_l2_distance': 2.225202798843384, 'avg_kl_divergence': 21.629119873046875, 'entropy': 10.822000503540039}, {'step': 44, 'avg_l2_distance': 2.225202798843384, 'avg_kl_divergence': 21.629119873046875, 'entropy': 10.820932388305664}, {'step': 45, 'avg_l2_distance': 2.225202798843384, 'avg_kl_divergence': 21.629119873046875, 'entropy': 10.819119453430176}, {'step': 46, 'avg_l2_distance': 2.225202798843384, 'avg_kl_divergence': 21.629119873046875, 'entropy': 10.815637588500977}, {'step': 47, 'avg_l2_distance': 2.225202798843384, 'avg_kl_divergence': 21.629119873046875, 'entropy': 10.807445526123047}, {'step': 48, 'avg_l2_distance': 2.225202798843384, 'avg_kl_divergence': 21.629119873046875, 'entropy': 10.77867317199707}, {'step': 49, 'avg_l2_distance': 2.225202798843384, 'avg_kl_divergence': 21.629119873046875, 'entropy': 10.370123863220215}]",2.225202798843384,21.629119873046875,0.0
43,policy,True,"[{'step': 0, 'avg_l2_distance': 2.7169530391693115, 'avg_kl_divergence': 13.087943077087402, 'entropy': 10.824828147888184}, {'step': 1, 'avg_l2_distance': 2.7169530391693115, 'avg_kl_divergence': 13.087943077087402, 'entropy': 10.824827194213867}, {'step': 2, 'avg_l2_distance': 2.7169530391693115, 'avg_kl_divergence': 13.087943077087402, 'entropy': 10.824825286865234}, {'step': 3, 'avg_l2_distance': 2.7169530391693115, 'avg_kl_divergence': 13.087943077087402, 'entropy': 10.824823379516602}, {'step': 4, 'avg_l2_distance': 2.7169530391693115, 'avg_kl_divergence': 13.087943077087402, 'entropy': 10.824821472167969}, {'step': 5, 'avg_l2_distance': 2.7169530391693115, 'avg_kl_divergence': 13.087943077087402, 'entropy': 10.824819564819336}, {'step': 6, 'avg_l2_distance': 2.7169530391693115, 'avg_kl_divergence': 13.087943077087402, 'entropy': 10.824817657470703}, {'step': 7, 'avg_l2_distance': 2.6344234943389893, 'avg_kl_divergence': 11.438033103942871, 'entropy': 10.82481575012207}, {'step': 8, 'avg_l2_distance': 2.6344234943389893, 'avg_kl_divergence': 11.438033103942871, 'entropy': 10.824800491333008}, {'step': 9, 'avg_l2_distance': 2.6344234943389893, 'avg_kl_divergence': 11.438033103942871, 'entropy': 10.824797630310059}, {'step': 10, 'avg_l2_distance': 2.6344234943389893, 'avg_kl_divergence': 11.438033103942871, 'entropy': 10.82479476928711}, {'step': 11, 'avg_l2_distance': 2.6344234943389893, 'avg_kl_divergence': 11.438033103942871, 'entropy': 10.824790954589844}, {'step': 12, 'avg_l2_distance': 2.412231683731079, 'avg_kl_divergence': 15.33487319946289, 'entropy': 10.824786186218262}, {'step': 13, 'avg_l2_distance': 2.412231683731079, 'avg_kl_divergence': 15.33487319946289, 'entropy': 10.824792861938477}, {'step': 14, 'avg_l2_distance': 2.4633679389953613, 'avg_kl_divergence': 10.290621757507324, 'entropy': 10.824787139892578}, {'step': 15, 'avg_l2_distance': 2.4633679389953613, 'avg_kl_divergence': 10.290621757507324, 'entropy': 10.824750900268555}, {'step': 16, 'avg_l2_distance': 2.4633679389953613, 'avg_kl_divergence': 10.290621757507324, 'entropy': 10.824745178222656}, {'step': 17, 'avg_l2_distance': 2.4633679389953613, 'avg_kl_divergence': 10.290621757507324, 'entropy': 10.824737548828125}, {'step': 18, 'avg_l2_distance': 2.4633679389953613, 'avg_kl_divergence': 10.290621757507324, 'entropy': 10.824729919433594}, {'step': 19, 'avg_l2_distance': 2.4633679389953613, 'avg_kl_divergence': 10.290621757507324, 'entropy': 10.824721336364746}, {'step': 20, 'avg_l2_distance': 2.4633679389953613, 'avg_kl_divergence': 10.290621757507324, 'entropy': 10.824712753295898}, {'step': 21, 'avg_l2_distance': 2.4633679389953613, 'avg_kl_divergence': 10.290621757507324, 'entropy': 10.824700355529785}, {'step': 22, 'avg_l2_distance': 2.4633679389953613, 'avg_kl_divergence': 10.290621757507324, 'entropy': 10.824688911437988}, {'step': 23, 'avg_l2_distance': 2.4633679389953613, 'avg_kl_divergence': 10.290621757507324, 'entropy': 10.824675559997559}, {'step': 24, 'avg_l2_distance': 2.4633679389953613, 'avg_kl_divergence': 10.290621757507324, 'entropy': 10.824663162231445}, {'step': 25, 'avg_l2_distance': 2.4633679389953613, 'avg_kl_divergence': 10.290621757507324, 'entropy': 10.82464599609375}, {'step': 26, 'avg_l2_distance': 2.4633679389953613, 'avg_kl_divergence': 10.290621757507324, 'entropy': 10.824626922607422}, {'step': 27, 'avg_l2_distance': 2.4633679389953613, 'avg_kl_divergence': 10.290621757507324, 'entropy': 10.824607849121094}, {'step': 28, 'avg_l2_distance': 2.4633679389953613, 'avg_kl_divergence': 10.290621757507324, 'entropy': 10.8245849609375}, {'step': 29, 'avg_l2_distance': 2.4633679389953613, 'avg_kl_divergence': 10.290621757507324, 'entropy': 10.824556350708008}, {'step': 30, 'avg_l2_distance': 2.4633679389953613, 'avg_kl_divergence': 10.290621757507324, 'entropy': 10.824525833129883}, {'step': 31, 'avg_l2_distance': 2.4633679389953613, 'avg_kl_divergence': 10.290621757507324, 'entropy': 10.824490547180176}, {'step': 32, 'avg_l2_distance': 2.4633679389953613, 'avg_kl_divergence': 10.290621757507324, 'entropy': 10.824448585510254}, {'step': 33, 'avg_l2_distance': 2.4633679389953613, 'avg_kl_divergence': 10.290621757507324, 'entropy': 10.824398040771484}, {'step': 34, 'avg_l2_distance': 2.4633679389953613, 'avg_kl_divergence': 10.290621757507324, 'entropy': 10.8243408203125}, {'step': 35, 'avg_l2_distance': 2.4633679389953613, 'avg_kl_divergence': 10.290621757507324, 'entropy': 10.824268341064453}, {'step': 36, 'avg_l2_distance': 2.4633679389953613, 'avg_kl_divergence': 10.290621757507324, 'entropy': 10.82418155670166}, {'step': 37, 'avg_l2_distance': 2.376934289932251, 'avg_kl_divergence': 11.479381561279297, 'entropy': 10.824075698852539}, {'step': 38, 'avg_l2_distance': 2.376934289932251, 'avg_kl_divergence': 11.479381561279297, 'entropy': 10.823776245117188}, {'step': 39, 'avg_l2_distance': 2.376934289932251, 'avg_kl_divergence': 11.479381561279297, 'entropy': 10.82357120513916}, {'step': 40, 'avg_l2_distance': 2.3586249351501465, 'avg_kl_divergence': 6.943891525268555, 'entropy': 10.823301315307617}, {'step': 41, 'avg_l2_distance': 2.3586249351501465, 'avg_kl_divergence': 6.943891525268555, 'entropy': 10.82294750213623}, {'step': 42, 'avg_l2_distance': 2.3586249351501465, 'avg_kl_divergence': 6.943891525268555, 'entropy': 10.822444915771484}, {'step': 43, 'avg_l2_distance': 2.3586249351501465, 'avg_kl_divergence': 6.943891525268555, 'entropy': 10.821706771850586}, {'step': 44, 'avg_l2_distance': 2.3586249351501465, 'avg_kl_divergence': 6.943891525268555, 'entropy': 10.820556640625}, {'step': 45, 'avg_l2_distance': 2.3586249351501465, 'avg_kl_divergence': 6.943891525268555, 'entropy': 10.818605422973633}, {'step': 46, 'avg_l2_distance': 2.3586249351501465, 'avg_kl_divergence': 6.943891525268555, 'entropy': 10.814857482910156}, {'step': 47, 'avg_l2_distance': 2.3586249351501465, 'avg_kl_divergence': 6.943891525268555, 'entropy': 10.806034088134766}, {'step': 48, 'avg_l2_distance': 2.3586249351501465, 'avg_kl_divergence': 6.943891525268555, 'entropy': 10.775080680847168}, {'step': 49, 'avg_l2_distance': 2.3586249351501465, 'avg_kl_divergence': 6.943891525268555, 'entropy': 10.363934516906738}]",2.3586249351501465,6.943891525268555,0.0
44,policy,True,"[{'step': 0, 'avg_l2_distance': 2.5739905834198, 'avg_kl_divergence': 4.8644208908081055, 'entropy': 10.824812889099121}, {'step': 1, 'avg_l2_distance': 2.5739905834198, 'avg_kl_divergence': 4.8644208908081055, 'entropy': 10.824811935424805}, {'step': 2, 'avg_l2_distance': 2.999828815460205, 'avg_kl_divergence': 2.5760958194732666, 'entropy': 10.824809074401855}, {'step': 3, 'avg_l2_distance': 2.999828815460205, 'avg_kl_divergence': 2.5760958194732666, 'entropy': 10.824811935424805}, {'step': 4, 'avg_l2_distance': 2.999828815460205, 'avg_kl_divergence': 2.5760958194732666, 'entropy': 10.824808120727539}, {'step': 5, 'avg_l2_distance': 2.999828815460205, 'avg_kl_divergence': 2.5760958194732666, 'entropy': 10.824807167053223}, {'step': 6, 'avg_l2_distance': 2.999828815460205, 'avg_kl_divergence': 2.5760958194732666, 'entropy': 10.824804306030273}, {'step': 7, 'avg_l2_distance': 3.08298659324646, 'avg_kl_divergence': 5.00119161605835, 'entropy': 10.82480239868164}, {'step': 8, 'avg_l2_distance': 3.08298659324646, 'avg_kl_divergence': 5.00119161605835, 'entropy': 10.824823379516602}, {'step': 9, 'avg_l2_distance': 3.08298659324646, 'avg_kl_divergence': 5.00119161605835, 'entropy': 10.824819564819336}, {'step': 10, 'avg_l2_distance': 2.7858521938323975, 'avg_kl_divergence': 5.39762020111084, 'entropy': 10.824819564819336}, {'step': 11, 'avg_l2_distance': 2.7858521938323975, 'avg_kl_divergence': 5.39762020111084, 'entropy': 10.824769973754883}, {'step': 12, 'avg_l2_distance': 2.7858521938323975, 'avg_kl_divergence': 5.39762020111084, 'entropy': 10.824766159057617}, {'step': 13, 'avg_l2_distance': 2.8736090660095215, 'avg_kl_divergence': 3.8229501247406006, 'entropy': 10.824761390686035}, {'step': 14, 'avg_l2_distance': 2.8736090660095215, 'avg_kl_divergence': 3.8229501247406006, 'entropy': 10.82475471496582}, {'step': 15, 'avg_l2_distance': 2.8736090660095215, 'avg_kl_divergence': 3.8229501247406006, 'entropy': 10.824749946594238}, {'step': 16, 'avg_l2_distance': 2.8736090660095215, 'avg_kl_divergence': 3.8229501247406006, 'entropy': 10.824743270874023}, {'step': 17, 'avg_l2_distance': 2.8736090660095215, 'avg_kl_divergence': 3.8229501247406006, 'entropy': 10.824737548828125}, {'step': 18, 'avg_l2_distance': 2.8736090660095215, 'avg_kl_divergence': 3.8229501247406006, 'entropy': 10.824729919433594}, {'step': 19, 'avg_l2_distance': 2.8736090660095215, 'avg_kl_divergence': 3.8229501247406006, 'entropy': 10.824722290039062}, {'step': 20, 'avg_l2_distance': 2.8736090660095215, 'avg_kl_divergence': 3.8229501247406006, 'entropy': 10.824714660644531}, {'step': 21, 'avg_l2_distance': 2.8736090660095215, 'avg_kl_divergence': 3.8229501247406006, 'entropy': 10.824705123901367}, {'step': 22, 'avg_l2_distance': 2.8736090660095215, 'avg_kl_divergence': 3.8229501247406006, 'entropy': 10.824694633483887}, {'step': 23, 'avg_l2_distance': 2.8736090660095215, 'avg_kl_divergence': 3.8229501247406006, 'entropy': 10.824684143066406}, {'step': 24, 'avg_l2_distance': 2.8736090660095215, 'avg_kl_divergence': 3.8229501247406006, 'entropy': 10.824671745300293}, {'step': 25, 'avg_l2_distance': 2.8736090660095215, 'avg_kl_divergence': 3.8229501247406006, 'entropy': 10.824657440185547}, {'step': 26, 'avg_l2_distance': 2.8736090660095215, 'avg_kl_divergence': 3.8229501247406006, 'entropy': 10.824641227722168}, {'step': 27, 'avg_l2_distance': 2.8736090660095215, 'avg_kl_divergence': 3.8229501247406006, 'entropy': 10.82462215423584}, {'step': 28, 'avg_l2_distance': 2.8736090660095215, 'avg_kl_divergence': 3.8229501247406006, 'entropy': 10.824602127075195}, {'step': 29, 'avg_l2_distance': 2.8736090660095215, 'avg_kl_divergence': 3.8229501247406006, 'entropy': 10.824579238891602}, {'step': 30, 'avg_l2_distance': 2.8736090660095215, 'avg_kl_divergence': 3.8229501247406006, 'entropy': 10.824552536010742}, {'step': 31, 'avg_l2_distance': 2.8736090660095215, 'avg_kl_divergence': 3.8229501247406006, 'entropy': 10.824522018432617}, {'step': 32, 'avg_l2_distance': 2.8736090660095215, 'avg_kl_divergence': 3.8229501247406006, 'entropy': 10.824485778808594}, {'step': 33, 'avg_l2_distance': 2.8736090660095215, 'avg_kl_divergence': 3.8229501247406006, 'entropy': 10.824443817138672}, {'step': 34, 'avg_l2_distance': 2.8736090660095215, 'avg_kl_divergence': 3.8229501247406006, 'entropy': 10.824394226074219}, {'step': 35, 'avg_l2_distance': 2.8736090660095215, 'avg_kl_divergence': 3.8229501247406006, 'entropy': 10.824333190917969}, {'step': 36, 'avg_l2_distance': 2.8736090660095215, 'avg_kl_divergence': 3.8229501247406006, 'entropy': 10.824258804321289}, {'step': 37, 'avg_l2_distance': 2.8736090660095215, 'avg_kl_divergence': 3.8229501247406006, 'entropy': 10.824169158935547}, {'step': 38, 'avg_l2_distance': 2.8736090660095215, 'avg_kl_divergence': 3.8229501247406006, 'entropy': 10.824055671691895}, {'step': 39, 'avg_l2_distance': 2.8736090660095215, 'avg_kl_divergence': 3.8229501247406006, 'entropy': 10.823907852172852}, {'step': 40, 'avg_l2_distance': 2.6223344802856445, 'avg_kl_divergence': 2.1482579708099365, 'entropy': 10.82371711730957}, {'step': 41, 'avg_l2_distance': 2.6223344802856445, 'avg_kl_divergence': 2.1482579708099365, 'entropy': 10.82331657409668}, {'step': 42, 'avg_l2_distance': 2.6223344802856445, 'avg_kl_divergence': 2.1482579708099365, 'entropy': 10.82290267944336}, {'step': 43, 'avg_l2_distance': 2.6223344802856445, 'avg_kl_divergence': 2.1482579708099365, 'entropy': 10.822294235229492}, {'step': 44, 'avg_l2_distance': 2.521270275115967, 'avg_kl_divergence': 1.7104811668395996, 'entropy': 10.821346282958984}, {'step': 45, 'avg_l2_distance': 2.521270275115967, 'avg_kl_divergence': 1.7104811668395996, 'entropy': 10.818989753723145}, {'step': 46, 'avg_l2_distance': 2.521270275115967, 'avg_kl_divergence': 1.7104811668395996, 'entropy': 10.815465927124023}, {'step': 47, 'avg_l2_distance': 2.521270275115967, 'avg_kl_divergence': 1.7104811668395996, 'entropy': 10.807184219360352}, {'step': 48, 'avg_l2_distance': 2.521270275115967, 'avg_kl_divergence': 1.7104811668395996, 'entropy': 10.77816390991211}, {'step': 49, 'avg_l2_distance': 2.521270275115967, 'avg_kl_divergence': 1.7104811668395996, 'entropy': 10.344499588012695}]",2.521270275115967,1.7104811668395996,0.0
45,policy,True,"[{'step': 0, 'avg_l2_distance': 3.009625196456909, 'avg_kl_divergence': 13.178618431091309, 'entropy': 10.824825286865234}, {'step': 1, 'avg_l2_distance': 2.8082430362701416, 'avg_kl_divergence': 13.445425987243652, 'entropy': 10.824827194213867}, {'step': 2, 'avg_l2_distance': 2.8082430362701416, 'avg_kl_divergence': 13.445425987243652, 'entropy': 10.824769973754883}, {'step': 3, 'avg_l2_distance': 2.8082430362701416, 'avg_kl_divergence': 13.445425987243652, 'entropy': 10.824766159057617}, {'step': 4, 'avg_l2_distance': 2.8082430362701416, 'avg_kl_divergence': 13.445425987243652, 'entropy': 10.824763298034668}, {'step': 5, 'avg_l2_distance': 2.8082430362701416, 'avg_kl_divergence': 13.445425987243652, 'entropy': 10.824760437011719}, {'step': 6, 'avg_l2_distance': 2.8082430362701416, 'avg_kl_divergence': 13.445425987243652, 'entropy': 10.824755668640137}, {'step': 7, 'avg_l2_distance': 2.6167337894439697, 'avg_kl_divergence': 10.35390567779541, 'entropy': 10.824751853942871}, {'step': 8, 'avg_l2_distance': 2.5827977657318115, 'avg_kl_divergence': 11.934718132019043, 'entropy': 10.824825286865234}, {'step': 9, 'avg_l2_distance': 2.5827977657318115, 'avg_kl_divergence': 11.934718132019043, 'entropy': 10.824731826782227}, {'step': 10, 'avg_l2_distance': 2.5827977657318115, 'avg_kl_divergence': 11.934718132019043, 'entropy': 10.824727058410645}, {'step': 11, 'avg_l2_distance': 2.5827977657318115, 'avg_kl_divergence': 11.934718132019043, 'entropy': 10.824722290039062}, {'step': 12, 'avg_l2_distance': 2.5827977657318115, 'avg_kl_divergence': 11.934718132019043, 'entropy': 10.824715614318848}, {'step': 13, 'avg_l2_distance': 2.72465181350708, 'avg_kl_divergence': 13.514586448669434, 'entropy': 10.824708938598633}, {'step': 14, 'avg_l2_distance': 2.72465181350708, 'avg_kl_divergence': 13.514586448669434, 'entropy': 10.824798583984375}, {'step': 15, 'avg_l2_distance': 2.72465181350708, 'avg_kl_divergence': 13.514586448669434, 'entropy': 10.824792861938477}, {'step': 16, 'avg_l2_distance': 2.72465181350708, 'avg_kl_divergence': 13.514586448669434, 'entropy': 10.824789047241211}, {'step': 17, 'avg_l2_distance': 2.72465181350708, 'avg_kl_divergence': 13.514586448669434, 'entropy': 10.824783325195312}, {'step': 18, 'avg_l2_distance': 2.72465181350708, 'avg_kl_divergence': 13.514586448669434, 'entropy': 10.824777603149414}, {'step': 19, 'avg_l2_distance': 2.6759495735168457, 'avg_kl_divergence': 8.027195930480957, 'entropy': 10.8247709274292}, {'step': 20, 'avg_l2_distance': 2.6759495735168457, 'avg_kl_divergence': 8.027195930480957, 'entropy': 10.824699401855469}, {'step': 21, 'avg_l2_distance': 2.6759495735168457, 'avg_kl_divergence': 8.027195930480957, 'entropy': 10.824687957763672}, {'step': 22, 'avg_l2_distance': 2.6759495735168457, 'avg_kl_divergence': 8.027195930480957, 'entropy': 10.824676513671875}, {'step': 23, 'avg_l2_distance': 2.6759495735168457, 'avg_kl_divergence': 8.027195930480957, 'entropy': 10.824663162231445}, {'step': 24, 'avg_l2_distance': 2.6759495735168457, 'avg_kl_divergence': 8.027195930480957, 'entropy': 10.824647903442383}, {'step': 25, 'avg_l2_distance': 2.6759495735168457, 'avg_kl_divergence': 8.027195930480957, 'entropy': 10.824630737304688}, {'step': 26, 'avg_l2_distance': 2.6759495735168457, 'avg_kl_divergence': 8.027195930480957, 'entropy': 10.82461166381836}, {'step': 27, 'avg_l2_distance': 2.6759495735168457, 'avg_kl_divergence': 8.027195930480957, 'entropy': 10.824590682983398}, {'step': 28, 'avg_l2_distance': 2.6759495735168457, 'avg_kl_divergence': 8.027195930480957, 'entropy': 10.824566841125488}, {'step': 29, 'avg_l2_distance': 2.6759495735168457, 'avg_kl_divergence': 8.027195930480957, 'entropy': 10.824539184570312}, {'step': 30, 'avg_l2_distance': 2.6759495735168457, 'avg_kl_divergence': 8.027195930480957, 'entropy': 10.824507713317871}, {'step': 31, 'avg_l2_distance': 2.6759495735168457, 'avg_kl_divergence': 8.027195930480957, 'entropy': 10.824471473693848}, {'step': 32, 'avg_l2_distance': 2.6759495735168457, 'avg_kl_divergence': 8.027195930480957, 'entropy': 10.82442855834961}, {'step': 33, 'avg_l2_distance': 2.6759495735168457, 'avg_kl_divergence': 8.027195930480957, 'entropy': 10.824377059936523}, {'step': 34, 'avg_l2_distance': 2.6759495735168457, 'avg_kl_divergence': 8.027195930480957, 'entropy': 10.824317932128906}, {'step': 35, 'avg_l2_distance': 2.6759495735168457, 'avg_kl_divergence': 8.027195930480957, 'entropy': 10.82424545288086}, {'step': 36, 'avg_l2_distance': 2.6759495735168457, 'avg_kl_divergence': 8.027195930480957, 'entropy': 10.82415771484375}, {'step': 37, 'avg_l2_distance': 2.6759495735168457, 'avg_kl_divergence': 8.027195930480957, 'entropy': 10.824049949645996}, {'step': 38, 'avg_l2_distance': 2.7194204330444336, 'avg_kl_divergence': 11.400360107421875, 'entropy': 10.823912620544434}, {'step': 39, 'avg_l2_distance': 2.7194204330444336, 'avg_kl_divergence': 11.400360107421875, 'entropy': 10.823229789733887}, {'step': 40, 'avg_l2_distance': 2.7194204330444336, 'avg_kl_divergence': 11.400360107421875, 'entropy': 10.822901725769043}, {'step': 41, 'avg_l2_distance': 2.7194204330444336, 'avg_kl_divergence': 11.400360107421875, 'entropy': 10.822458267211914}, {'step': 42, 'avg_l2_distance': 2.7194204330444336, 'avg_kl_divergence': 11.400360107421875, 'entropy': 10.821836471557617}, {'step': 43, 'avg_l2_distance': 2.7194204330444336, 'avg_kl_divergence': 11.400360107421875, 'entropy': 10.820926666259766}, {'step': 44, 'avg_l2_distance': 2.7194204330444336, 'avg_kl_divergence': 11.400360107421875, 'entropy': 10.819507598876953}, {'step': 45, 'avg_l2_distance': 2.7194204330444336, 'avg_kl_divergence': 11.400360107421875, 'entropy': 10.81710433959961}, {'step': 46, 'avg_l2_distance': 2.7194204330444336, 'avg_kl_divergence': 11.400360107421875, 'entropy': 10.812490463256836}, {'step': 47, 'avg_l2_distance': 2.7194204330444336, 'avg_kl_divergence': 11.400360107421875, 'entropy': 10.801617622375488}, {'step': 48, 'avg_l2_distance': 2.7194204330444336, 'avg_kl_divergence': 11.400360107421875, 'entropy': 10.76340103149414}, {'step': 49, 'avg_l2_distance': 2.7194204330444336, 'avg_kl_divergence': 11.400360107421875, 'entropy': 10.220012664794922}]",2.7194204330444336,11.400360107421875,0.0
46,policy,True,"[{'step': 0, 'avg_l2_distance': 2.62953782081604, 'avg_kl_divergence': 1.488160490989685, 'entropy': 10.824798583984375}, {'step': 1, 'avg_l2_distance': 2.62953782081604, 'avg_kl_divergence': 1.488160490989685, 'entropy': 10.824795722961426}, {'step': 2, 'avg_l2_distance': 2.62953782081604, 'avg_kl_divergence': 1.488160490989685, 'entropy': 10.824792861938477}, {'step': 3, 'avg_l2_distance': 2.62953782081604, 'avg_kl_divergence': 1.488160490989685, 'entropy': 10.824790954589844}, {'step': 4, 'avg_l2_distance': 2.7403595447540283, 'avg_kl_divergence': 0.1852760910987854, 'entropy': 10.824787139892578}, {'step': 5, 'avg_l2_distance': 2.7403595447540283, 'avg_kl_divergence': 0.1852760910987854, 'entropy': 10.824825286865234}, {'step': 6, 'avg_l2_distance': 2.66013503074646, 'avg_kl_divergence': 10.982598304748535, 'entropy': 10.824821472167969}, {'step': 7, 'avg_l2_distance': 2.25734543800354, 'avg_kl_divergence': 0.07702049612998962, 'entropy': 10.8248291015625}, {'step': 8, 'avg_l2_distance': 2.25734543800354, 'avg_kl_divergence': 0.07702049612998962, 'entropy': 10.824714660644531}, {'step': 9, 'avg_l2_distance': 2.25734543800354, 'avg_kl_divergence': 0.07702049612998962, 'entropy': 10.82470989227295}, {'step': 10, 'avg_l2_distance': 2.25734543800354, 'avg_kl_divergence': 0.07702049612998962, 'entropy': 10.824703216552734}, {'step': 11, 'avg_l2_distance': 2.25734543800354, 'avg_kl_divergence': 0.07702049612998962, 'entropy': 10.824698448181152}, {'step': 12, 'avg_l2_distance': 2.2852742671966553, 'avg_kl_divergence': 3.889646530151367, 'entropy': 10.824690818786621}, {'step': 13, 'avg_l2_distance': 2.2852742671966553, 'avg_kl_divergence': 3.889646530151367, 'entropy': 10.82476806640625}, {'step': 14, 'avg_l2_distance': 2.2852742671966553, 'avg_kl_divergence': 3.889646530151367, 'entropy': 10.824760437011719}, {'step': 15, 'avg_l2_distance': 2.2852742671966553, 'avg_kl_divergence': 3.889646530151367, 'entropy': 10.82475471496582}, {'step': 16, 'avg_l2_distance': 2.2852742671966553, 'avg_kl_divergence': 3.889646530151367, 'entropy': 10.824748039245605}, {'step': 17, 'avg_l2_distance': 2.2852742671966553, 'avg_kl_divergence': 3.889646530151367, 'entropy': 10.824739456176758}, {'step': 18, 'avg_l2_distance': 1.9253859519958496, 'avg_kl_divergence': 0.18321068584918976, 'entropy': 10.82473087310791}, {'step': 19, 'avg_l2_distance': 2.6011717319488525, 'avg_kl_divergence': 5.944296836853027, 'entropy': 10.824687004089355}, {'step': 20, 'avg_l2_distance': 2.6011717319488525, 'avg_kl_divergence': 5.944296836853027, 'entropy': 10.824788093566895}, {'step': 21, 'avg_l2_distance': 2.6011717319488525, 'avg_kl_divergence': 5.944296836853027, 'entropy': 10.82478141784668}, {'step': 22, 'avg_l2_distance': 2.6011717319488525, 'avg_kl_divergence': 5.944296836853027, 'entropy': 10.824773788452148}, {'step': 23, 'avg_l2_distance': 2.6011717319488525, 'avg_kl_divergence': 5.944296836853027, 'entropy': 10.8247652053833}, {'step': 24, 'avg_l2_distance': 2.6011717319488525, 'avg_kl_divergence': 5.944296836853027, 'entropy': 10.82475471496582}, {'step': 25, 'avg_l2_distance': 2.6011717319488525, 'avg_kl_divergence': 5.944296836853027, 'entropy': 10.82474422454834}, {'step': 26, 'avg_l2_distance': 2.6011717319488525, 'avg_kl_divergence': 5.944296836853027, 'entropy': 10.824731826782227}, {'step': 27, 'avg_l2_distance': 2.6011717319488525, 'avg_kl_divergence': 5.944296836853027, 'entropy': 10.824718475341797}, {'step': 28, 'avg_l2_distance': 2.6011717319488525, 'avg_kl_divergence': 5.944296836853027, 'entropy': 10.824701309204102}, {'step': 29, 'avg_l2_distance': 2.6011717319488525, 'avg_kl_divergence': 5.944296836853027, 'entropy': 10.824682235717773}, {'step': 30, 'avg_l2_distance': 2.6011717319488525, 'avg_kl_divergence': 5.944296836853027, 'entropy': 10.824661254882812}, {'step': 31, 'avg_l2_distance': 2.3091843128204346, 'avg_kl_divergence': 7.596713542938232, 'entropy': 10.82463550567627}, {'step': 32, 'avg_l2_distance': 2.3091843128204346, 'avg_kl_divergence': 7.596713542938232, 'entropy': 10.82435131072998}, {'step': 33, 'avg_l2_distance': 2.3091843128204346, 'avg_kl_divergence': 7.596713542938232, 'entropy': 10.82429313659668}, {'step': 34, 'avg_l2_distance': 2.3091843128204346, 'avg_kl_divergence': 7.596713542938232, 'entropy': 10.824222564697266}, {'step': 35, 'avg_l2_distance': 2.3091843128204346, 'avg_kl_divergence': 7.596713542938232, 'entropy': 10.824137687683105}, {'step': 36, 'avg_l2_distance': 2.3091843128204346, 'avg_kl_divergence': 7.596713542938232, 'entropy': 10.82403564453125}, {'step': 37, 'avg_l2_distance': 2.3091843128204346, 'avg_kl_divergence': 7.596713542938232, 'entropy': 10.823907852172852}, {'step': 38, 'avg_l2_distance': 2.3091843128204346, 'avg_kl_divergence': 7.596713542938232, 'entropy': 10.823749542236328}, {'step': 39, 'avg_l2_distance': 2.3091843128204346, 'avg_kl_divergence': 7.596713542938232, 'entropy': 10.823545455932617}, {'step': 40, 'avg_l2_distance': 2.3091843128204346, 'avg_kl_divergence': 7.596713542938232, 'entropy': 10.82327651977539}, {'step': 41, 'avg_l2_distance': 2.3091843128204346, 'avg_kl_divergence': 7.596713542938232, 'entropy': 10.82291030883789}, {'step': 42, 'avg_l2_distance': 2.3091843128204346, 'avg_kl_divergence': 7.596713542938232, 'entropy': 10.822402000427246}, {'step': 43, 'avg_l2_distance': 2.3091843128204346, 'avg_kl_divergence': 7.596713542938232, 'entropy': 10.821653366088867}, {'step': 44, 'avg_l2_distance': 2.3091843128204346, 'avg_kl_divergence': 7.596713542938232, 'entropy': 10.820486068725586}, {'step': 45, 'avg_l2_distance': 2.784714937210083, 'avg_kl_divergence': 0.1666550189256668, 'entropy': 10.81850814819336}, {'step': 46, 'avg_l2_distance': 2.784714937210083, 'avg_kl_divergence': 0.1666550189256668, 'entropy': 10.818391799926758}, {'step': 47, 'avg_l2_distance': 2.784714937210083, 'avg_kl_divergence': 0.1666550189256668, 'entropy': 10.812577247619629}, {'step': 48, 'avg_l2_distance': 2.784714937210083, 'avg_kl_divergence': 0.1666550189256668, 'entropy': 10.791707992553711}, {'step': 49, 'avg_l2_distance': 2.784714937210083, 'avg_kl_divergence': 0.1666550189256668, 'entropy': 9.882343292236328}]",2.784714937210083,0.1666550189256668,0.0
47,policy,True,"[{'step': 0, 'avg_l2_distance': 2.591914415359497, 'avg_kl_divergence': 14.05997085571289, 'entropy': 10.8248291015625}, {'step': 1, 'avg_l2_distance': 2.591914415359497, 'avg_kl_divergence': 14.05997085571289, 'entropy': 10.824827194213867}, {'step': 2, 'avg_l2_distance': 2.591914415359497, 'avg_kl_divergence': 14.05997085571289, 'entropy': 10.824825286865234}, {'step': 3, 'avg_l2_distance': 2.591914415359497, 'avg_kl_divergence': 14.05997085571289, 'entropy': 10.824823379516602}, {'step': 4, 'avg_l2_distance': 2.591914415359497, 'avg_kl_divergence': 14.05997085571289, 'entropy': 10.824821472167969}, {'step': 5, 'avg_l2_distance': 2.591914415359497, 'avg_kl_divergence': 14.05997085571289, 'entropy': 10.824819564819336}, {'step': 6, 'avg_l2_distance': 2.591914415359497, 'avg_kl_divergence': 14.05997085571289, 'entropy': 10.82481575012207}, {'step': 7, 'avg_l2_distance': 2.591914415359497, 'avg_kl_divergence': 14.05997085571289, 'entropy': 10.824814796447754}, {'step': 8, 'avg_l2_distance': 2.591914415359497, 'avg_kl_divergence': 14.05997085571289, 'entropy': 10.824810981750488}, {'step': 9, 'avg_l2_distance': 2.591914415359497, 'avg_kl_divergence': 14.05997085571289, 'entropy': 10.824808120727539}, {'step': 10, 'avg_l2_distance': 2.591914415359497, 'avg_kl_divergence': 14.05997085571289, 'entropy': 10.824806213378906}, {'step': 11, 'avg_l2_distance': 2.591914415359497, 'avg_kl_divergence': 14.05997085571289, 'entropy': 10.82480239868164}, {'step': 12, 'avg_l2_distance': 2.591914415359497, 'avg_kl_divergence': 14.05997085571289, 'entropy': 10.824798583984375}, {'step': 13, 'avg_l2_distance': 2.432372808456421, 'avg_kl_divergence': 6.54416036605835, 'entropy': 10.82479476928711}, {'step': 14, 'avg_l2_distance': 2.432372808456421, 'avg_kl_divergence': 6.54416036605835, 'entropy': 10.824811935424805}, {'step': 15, 'avg_l2_distance': 2.432372808456421, 'avg_kl_divergence': 6.54416036605835, 'entropy': 10.824806213378906}, {'step': 16, 'avg_l2_distance': 2.6376821994781494, 'avg_kl_divergence': 4.549446105957031, 'entropy': 10.82480239868164}, {'step': 17, 'avg_l2_distance': 2.6376821994781494, 'avg_kl_divergence': 4.549446105957031, 'entropy': 10.824779510498047}, {'step': 18, 'avg_l2_distance': 2.6376821994781494, 'avg_kl_divergence': 4.549446105957031, 'entropy': 10.824774742126465}, {'step': 19, 'avg_l2_distance': 1.9390634298324585, 'avg_kl_divergence': 9.964905738830566, 'entropy': 10.82476806640625}, {'step': 20, 'avg_l2_distance': 1.9390634298324585, 'avg_kl_divergence': 9.964905738830566, 'entropy': 10.824695587158203}, {'step': 21, 'avg_l2_distance': 1.9390634298324585, 'avg_kl_divergence': 9.964905738830566, 'entropy': 10.824682235717773}, {'step': 22, 'avg_l2_distance': 1.9390634298324585, 'avg_kl_divergence': 9.964905738830566, 'entropy': 10.82466983795166}, {'step': 23, 'avg_l2_distance': 2.372901678085327, 'avg_kl_divergence': 13.126808166503906, 'entropy': 10.824653625488281}, {'step': 24, 'avg_l2_distance': 2.372901678085327, 'avg_kl_divergence': 13.126808166503906, 'entropy': 10.824705123901367}, {'step': 25, 'avg_l2_distance': 2.372901678085327, 'avg_kl_divergence': 13.126808166503906, 'entropy': 10.824690818786621}, {'step': 26, 'avg_l2_distance': 2.372901678085327, 'avg_kl_divergence': 13.126808166503906, 'entropy': 10.824674606323242}, {'step': 27, 'avg_l2_distance': 2.372901678085327, 'avg_kl_divergence': 13.126808166503906, 'entropy': 10.824655532836914}, {'step': 28, 'avg_l2_distance': 2.372901678085327, 'avg_kl_divergence': 13.126808166503906, 'entropy': 10.824634552001953}, {'step': 29, 'avg_l2_distance': 2.372901678085327, 'avg_kl_divergence': 13.126808166503906, 'entropy': 10.824610710144043}, {'step': 30, 'avg_l2_distance': 2.372901678085327, 'avg_kl_divergence': 13.126808166503906, 'entropy': 10.824581146240234}, {'step': 31, 'avg_l2_distance': 2.372901678085327, 'avg_kl_divergence': 13.126808166503906, 'entropy': 10.824548721313477}, {'step': 32, 'avg_l2_distance': 2.372901678085327, 'avg_kl_divergence': 13.126808166503906, 'entropy': 10.824508666992188}, {'step': 33, 'avg_l2_distance': 2.372901678085327, 'avg_kl_divergence': 13.126808166503906, 'entropy': 10.824462890625}, {'step': 34, 'avg_l2_distance': 2.372901678085327, 'avg_kl_divergence': 13.126808166503906, 'entropy': 10.824406623840332}, {'step': 35, 'avg_l2_distance': 2.372901678085327, 'avg_kl_divergence': 13.126808166503906, 'entropy': 10.824339866638184}, {'step': 36, 'avg_l2_distance': 2.372901678085327, 'avg_kl_divergence': 13.126808166503906, 'entropy': 10.824257850646973}, {'step': 37, 'avg_l2_distance': 2.372901678085327, 'avg_kl_divergence': 13.126808166503906, 'entropy': 10.8241548538208}, {'step': 38, 'avg_l2_distance': 2.372901678085327, 'avg_kl_divergence': 13.126808166503906, 'entropy': 10.82402515411377}, {'step': 39, 'avg_l2_distance': 2.372901678085327, 'avg_kl_divergence': 13.126808166503906, 'entropy': 10.823857307434082}, {'step': 40, 'avg_l2_distance': 2.372901678085327, 'avg_kl_divergence': 13.126808166503906, 'entropy': 10.823637008666992}, {'step': 41, 'avg_l2_distance': 2.372901678085327, 'avg_kl_divergence': 13.126808166503906, 'entropy': 10.823333740234375}, {'step': 42, 'avg_l2_distance': 2.5561370849609375, 'avg_kl_divergence': 8.996536254882812, 'entropy': 10.822909355163574}, {'step': 43, 'avg_l2_distance': 2.5561370849609375, 'avg_kl_divergence': 8.996536254882812, 'entropy': 10.822632789611816}, {'step': 44, 'avg_l2_distance': 2.5561370849609375, 'avg_kl_divergence': 8.996536254882812, 'entropy': 10.821763038635254}, {'step': 45, 'avg_l2_distance': 2.5561370849609375, 'avg_kl_divergence': 8.996536254882812, 'entropy': 10.820279121398926}, {'step': 46, 'avg_l2_distance': 2.5561370849609375, 'avg_kl_divergence': 8.996536254882812, 'entropy': 10.817412376403809}, {'step': 47, 'avg_l2_distance': 2.5561370849609375, 'avg_kl_divergence': 8.996536254882812, 'entropy': 10.810636520385742}, {'step': 48, 'avg_l2_distance': 2.5561370849609375, 'avg_kl_divergence': 8.996536254882812, 'entropy': 10.786730766296387}, {'step': 49, 'avg_l2_distance': 2.5561370849609375, 'avg_kl_divergence': 8.996536254882812, 'entropy': 10.21773910522461}]",2.5561370849609375,8.996536254882812,0.0
48,policy,True,"[{'step': 0, 'avg_l2_distance': 2.7884814739227295, 'avg_kl_divergence': 6.578491687774658, 'entropy': 10.824836730957031}, {'step': 1, 'avg_l2_distance': 2.612501382827759, 'avg_kl_divergence': 9.892866134643555, 'entropy': 10.824834823608398}, {'step': 2, 'avg_l2_distance': 2.3919122219085693, 'avg_kl_divergence': 4.9645490646362305, 'entropy': 10.824710845947266}, {'step': 3, 'avg_l2_distance': 2.3919122219085693, 'avg_kl_divergence': 4.9645490646362305, 'entropy': 10.824835777282715}, {'step': 4, 'avg_l2_distance': 2.3919122219085693, 'avg_kl_divergence': 4.9645490646362305, 'entropy': 10.824832916259766}, {'step': 5, 'avg_l2_distance': 2.3919122219085693, 'avg_kl_divergence': 4.9645490646362305, 'entropy': 10.82483196258545}, {'step': 6, 'avg_l2_distance': 2.3919122219085693, 'avg_kl_divergence': 4.9645490646362305, 'entropy': 10.824831008911133}, {'step': 7, 'avg_l2_distance': 2.3919122219085693, 'avg_kl_divergence': 4.9645490646362305, 'entropy': 10.824828147888184}, {'step': 8, 'avg_l2_distance': 2.3919122219085693, 'avg_kl_divergence': 4.9645490646362305, 'entropy': 10.824827194213867}, {'step': 9, 'avg_l2_distance': 2.3919122219085693, 'avg_kl_divergence': 4.9645490646362305, 'entropy': 10.824824333190918}, {'step': 10, 'avg_l2_distance': 2.3919122219085693, 'avg_kl_divergence': 4.9645490646362305, 'entropy': 10.824822425842285}, {'step': 11, 'avg_l2_distance': 2.3919122219085693, 'avg_kl_divergence': 4.9645490646362305, 'entropy': 10.824819564819336}, {'step': 12, 'avg_l2_distance': 2.611250877380371, 'avg_kl_divergence': 4.162168025970459, 'entropy': 10.824816703796387}, {'step': 13, 'avg_l2_distance': 2.611250877380371, 'avg_kl_divergence': 4.162168025970459, 'entropy': 10.82479476928711}, {'step': 14, 'avg_l2_distance': 2.611250877380371, 'avg_kl_divergence': 4.162168025970459, 'entropy': 10.824790954589844}, {'step': 15, 'avg_l2_distance': 2.611250877380371, 'avg_kl_divergence': 4.162168025970459, 'entropy': 10.824785232543945}, {'step': 16, 'avg_l2_distance': 2.645519733428955, 'avg_kl_divergence': 3.945692300796509, 'entropy': 10.824780464172363}, {'step': 17, 'avg_l2_distance': 2.645519733428955, 'avg_kl_divergence': 3.945692300796509, 'entropy': 10.824762344360352}, {'step': 18, 'avg_l2_distance': 2.645519733428955, 'avg_kl_divergence': 3.945692300796509, 'entropy': 10.82475471496582}, {'step': 19, 'avg_l2_distance': 2.466033458709717, 'avg_kl_divergence': 7.219631671905518, 'entropy': 10.824748039245605}, {'step': 20, 'avg_l2_distance': 2.466033458709717, 'avg_kl_divergence': 7.219631671905518, 'entropy': 10.824581146240234}, {'step': 21, 'avg_l2_distance': 2.466033458709717, 'avg_kl_divergence': 7.219631671905518, 'entropy': 10.824563980102539}, {'step': 22, 'avg_l2_distance': 2.2075865268707275, 'avg_kl_divergence': 3.4460289478302, 'entropy': 10.824546813964844}, {'step': 23, 'avg_l2_distance': 2.2075865268707275, 'avg_kl_divergence': 3.4460289478302, 'entropy': 10.824708938598633}, {'step': 24, 'avg_l2_distance': 2.2075865268707275, 'avg_kl_divergence': 3.4460289478302, 'entropy': 10.824694633483887}, {'step': 25, 'avg_l2_distance': 2.2075865268707275, 'avg_kl_divergence': 3.4460289478302, 'entropy': 10.824678421020508}, {'step': 26, 'avg_l2_distance': 2.2075865268707275, 'avg_kl_divergence': 3.4460289478302, 'entropy': 10.824658393859863}, {'step': 27, 'avg_l2_distance': 2.2075865268707275, 'avg_kl_divergence': 3.4460289478302, 'entropy': 10.824637413024902}, {'step': 28, 'avg_l2_distance': 2.2075865268707275, 'avg_kl_divergence': 3.4460289478302, 'entropy': 10.824613571166992}, {'step': 29, 'avg_l2_distance': 2.2075865268707275, 'avg_kl_divergence': 3.4460289478302, 'entropy': 10.824584007263184}, {'step': 30, 'avg_l2_distance': 2.2075865268707275, 'avg_kl_divergence': 3.4460289478302, 'entropy': 10.82455062866211}, {'step': 31, 'avg_l2_distance': 2.2075865268707275, 'avg_kl_divergence': 3.4460289478302, 'entropy': 10.824511528015137}, {'step': 32, 'avg_l2_distance': 2.2075865268707275, 'avg_kl_divergence': 3.4460289478302, 'entropy': 10.824466705322266}, {'step': 33, 'avg_l2_distance': 2.2075865268707275, 'avg_kl_divergence': 3.4460289478302, 'entropy': 10.82441234588623}, {'step': 34, 'avg_l2_distance': 2.2075865268707275, 'avg_kl_divergence': 3.4460289478302, 'entropy': 10.824348449707031}, {'step': 35, 'avg_l2_distance': 2.2075865268707275, 'avg_kl_divergence': 3.4460289478302, 'entropy': 10.824268341064453}, {'step': 36, 'avg_l2_distance': 2.2075865268707275, 'avg_kl_divergence': 3.4460289478302, 'entropy': 10.824172973632812}, {'step': 37, 'avg_l2_distance': 2.2075865268707275, 'avg_kl_divergence': 3.4460289478302, 'entropy': 10.824052810668945}, {'step': 38, 'avg_l2_distance': 2.2075865268707275, 'avg_kl_divergence': 3.4460289478302, 'entropy': 10.823902130126953}, {'step': 39, 'avg_l2_distance': 2.2075865268707275, 'avg_kl_divergence': 3.4460289478302, 'entropy': 10.823704719543457}, {'step': 40, 'avg_l2_distance': 2.2075865268707275, 'avg_kl_divergence': 3.4460289478302, 'entropy': 10.823444366455078}, {'step': 41, 'avg_l2_distance': 2.2075865268707275, 'avg_kl_divergence': 3.4460289478302, 'entropy': 10.823091506958008}, {'step': 42, 'avg_l2_distance': 2.2075865268707275, 'avg_kl_divergence': 3.4460289478302, 'entropy': 10.822590827941895}, {'step': 43, 'avg_l2_distance': 2.2075865268707275, 'avg_kl_divergence': 3.4460289478302, 'entropy': 10.821853637695312}, {'step': 44, 'avg_l2_distance': 2.2075865268707275, 'avg_kl_divergence': 3.4460289478302, 'entropy': 10.820695877075195}, {'step': 45, 'avg_l2_distance': 2.2075865268707275, 'avg_kl_divergence': 3.4460289478302, 'entropy': 10.818723678588867}, {'step': 46, 'avg_l2_distance': 2.2075865268707275, 'avg_kl_divergence': 3.4460289478302, 'entropy': 10.814908981323242}, {'step': 47, 'avg_l2_distance': 2.2075865268707275, 'avg_kl_divergence': 3.4460289478302, 'entropy': 10.805858612060547}, {'step': 48, 'avg_l2_distance': 2.2075865268707275, 'avg_kl_divergence': 3.4460289478302, 'entropy': 10.773699760437012}, {'step': 49, 'avg_l2_distance': 2.2075865268707275, 'avg_kl_divergence': 3.4460289478302, 'entropy': 10.363349914550781}]",2.2075865268707275,3.4460289478302,0.0
49,policy,True,"[{'step': 0, 'avg_l2_distance': 2.5212457180023193, 'avg_kl_divergence': 15.070893287658691, 'entropy': 10.824831008911133}, {'step': 1, 'avg_l2_distance': 2.5212457180023193, 'avg_kl_divergence': 15.070893287658691, 'entropy': 10.824844360351562}, {'step': 2, 'avg_l2_distance': 2.5212457180023193, 'avg_kl_divergence': 15.070893287658691, 'entropy': 10.82484245300293}, {'step': 3, 'avg_l2_distance': 2.4140236377716064, 'avg_kl_divergence': 7.800223350524902, 'entropy': 10.824840545654297}, {'step': 4, 'avg_l2_distance': 2.4140236377716064, 'avg_kl_divergence': 7.800223350524902, 'entropy': 10.82470703125}, {'step': 5, 'avg_l2_distance': 2.4140236377716064, 'avg_kl_divergence': 7.800223350524902, 'entropy': 10.824701309204102}, {'step': 6, 'avg_l2_distance': 2.4140236377716064, 'avg_kl_divergence': 7.800223350524902, 'entropy': 10.824697494506836}, {'step': 7, 'avg_l2_distance': 2.4140236377716064, 'avg_kl_divergence': 7.800223350524902, 'entropy': 10.824692726135254}, {'step': 8, 'avg_l2_distance': 2.4140236377716064, 'avg_kl_divergence': 7.800223350524902, 'entropy': 10.824687004089355}, {'step': 9, 'avg_l2_distance': 2.4140236377716064, 'avg_kl_divergence': 7.800223350524902, 'entropy': 10.824682235717773}, {'step': 10, 'avg_l2_distance': 2.4140236377716064, 'avg_kl_divergence': 7.800223350524902, 'entropy': 10.824676513671875}, {'step': 11, 'avg_l2_distance': 2.4140236377716064, 'avg_kl_divergence': 7.800223350524902, 'entropy': 10.824670791625977}, {'step': 12, 'avg_l2_distance': 2.3579318523406982, 'avg_kl_divergence': 9.351421356201172, 'entropy': 10.824665069580078}, {'step': 13, 'avg_l2_distance': 2.3579318523406982, 'avg_kl_divergence': 9.351421356201172, 'entropy': 10.824792861938477}, {'step': 14, 'avg_l2_distance': 2.3579318523406982, 'avg_kl_divergence': 9.351421356201172, 'entropy': 10.824788093566895}, {'step': 15, 'avg_l2_distance': 2.3579318523406982, 'avg_kl_divergence': 9.351421356201172, 'entropy': 10.82478141784668}, {'step': 16, 'avg_l2_distance': 2.3579318523406982, 'avg_kl_divergence': 9.351421356201172, 'entropy': 10.824775695800781}, {'step': 17, 'avg_l2_distance': 2.3579318523406982, 'avg_kl_divergence': 9.351421356201172, 'entropy': 10.824769973754883}, {'step': 18, 'avg_l2_distance': 2.3579318523406982, 'avg_kl_divergence': 9.351421356201172, 'entropy': 10.824763298034668}, {'step': 19, 'avg_l2_distance': 2.3579318523406982, 'avg_kl_divergence': 9.351421356201172, 'entropy': 10.824755668640137}, {'step': 20, 'avg_l2_distance': 2.4976119995117188, 'avg_kl_divergence': 5.77524995803833, 'entropy': 10.824745178222656}, {'step': 21, 'avg_l2_distance': 2.4976119995117188, 'avg_kl_divergence': 5.77524995803833, 'entropy': 10.82471752166748}, {'step': 22, 'avg_l2_distance': 2.4976119995117188, 'avg_kl_divergence': 5.77524995803833, 'entropy': 10.824708938598633}, {'step': 23, 'avg_l2_distance': 2.4976119995117188, 'avg_kl_divergence': 5.77524995803833, 'entropy': 10.82469654083252}, {'step': 24, 'avg_l2_distance': 2.4976119995117188, 'avg_kl_divergence': 5.77524995803833, 'entropy': 10.824684143066406}, {'step': 25, 'avg_l2_distance': 2.4976119995117188, 'avg_kl_divergence': 5.77524995803833, 'entropy': 10.824668884277344}, {'step': 26, 'avg_l2_distance': 2.4976119995117188, 'avg_kl_divergence': 5.77524995803833, 'entropy': 10.824654579162598}, {'step': 27, 'avg_l2_distance': 2.4976119995117188, 'avg_kl_divergence': 5.77524995803833, 'entropy': 10.824636459350586}, {'step': 28, 'avg_l2_distance': 2.4976119995117188, 'avg_kl_divergence': 5.77524995803833, 'entropy': 10.824617385864258}, {'step': 29, 'avg_l2_distance': 2.4976119995117188, 'avg_kl_divergence': 5.77524995803833, 'entropy': 10.824593544006348}, {'step': 30, 'avg_l2_distance': 2.4976119995117188, 'avg_kl_divergence': 5.77524995803833, 'entropy': 10.824566841125488}, {'step': 31, 'avg_l2_distance': 2.4976119995117188, 'avg_kl_divergence': 5.77524995803833, 'entropy': 10.824535369873047}, {'step': 32, 'avg_l2_distance': 2.4976119995117188, 'avg_kl_divergence': 5.77524995803833, 'entropy': 10.824499130249023}, {'step': 33, 'avg_l2_distance': 2.4976119995117188, 'avg_kl_divergence': 5.77524995803833, 'entropy': 10.824457168579102}, {'step': 34, 'avg_l2_distance': 2.341740608215332, 'avg_kl_divergence': 9.766339302062988, 'entropy': 10.824407577514648}, {'step': 35, 'avg_l2_distance': 2.341740608215332, 'avg_kl_divergence': 9.766339302062988, 'entropy': 10.82440185546875}, {'step': 36, 'avg_l2_distance': 2.341740608215332, 'avg_kl_divergence': 9.766339302062988, 'entropy': 10.82432746887207}, {'step': 37, 'avg_l2_distance': 2.341740608215332, 'avg_kl_divergence': 9.766339302062988, 'entropy': 10.824236869812012}, {'step': 38, 'avg_l2_distance': 2.341740608215332, 'avg_kl_divergence': 9.766339302062988, 'entropy': 10.824119567871094}, {'step': 39, 'avg_l2_distance': 2.341740608215332, 'avg_kl_divergence': 9.766339302062988, 'entropy': 10.823972702026367}, {'step': 40, 'avg_l2_distance': 2.341740608215332, 'avg_kl_divergence': 9.766339302062988, 'entropy': 10.823774337768555}, {'step': 41, 'avg_l2_distance': 2.341740608215332, 'avg_kl_divergence': 9.766339302062988, 'entropy': 10.823506355285645}, {'step': 42, 'avg_l2_distance': 2.341740608215332, 'avg_kl_divergence': 9.766339302062988, 'entropy': 10.823129653930664}, {'step': 43, 'avg_l2_distance': 2.341740608215332, 'avg_kl_divergence': 9.766339302062988, 'entropy': 10.822574615478516}, {'step': 44, 'avg_l2_distance': 2.341740608215332, 'avg_kl_divergence': 9.766339302062988, 'entropy': 10.821708679199219}, {'step': 45, 'avg_l2_distance': 2.341740608215332, 'avg_kl_divergence': 9.766339302062988, 'entropy': 10.820237159729004}, {'step': 46, 'avg_l2_distance': 2.341740608215332, 'avg_kl_divergence': 9.766339302062988, 'entropy': 10.817402839660645}, {'step': 47, 'avg_l2_distance': 2.341740608215332, 'avg_kl_divergence': 9.766339302062988, 'entropy': 10.810693740844727}, {'step': 48, 'avg_l2_distance': 2.341740608215332, 'avg_kl_divergence': 9.766339302062988, 'entropy': 10.786615371704102}, {'step': 49, 'avg_l2_distance': 2.341740608215332, 'avg_kl_divergence': 9.766339302062988, 'entropy': 10.350244522094727}]",2.341740608215332,9.766339302062988,0.0
50,policy,True,"[{'step': 0, 'avg_l2_distance': 2.3274986743927, 'avg_kl_divergence': 13.86506175994873, 'entropy': 10.824811935424805}, {'step': 1, 'avg_l2_distance': 2.3274986743927, 'avg_kl_divergence': 13.86506175994873, 'entropy': 10.824844360351562}, {'step': 2, 'avg_l2_distance': 2.3274986743927, 'avg_kl_divergence': 13.86506175994873, 'entropy': 10.824841499328613}, {'step': 3, 'avg_l2_distance': 2.3274986743927, 'avg_kl_divergence': 13.86506175994873, 'entropy': 10.824841499328613}, {'step': 4, 'avg_l2_distance': 2.4495112895965576, 'avg_kl_divergence': 18.33607292175293, 'entropy': 10.82483959197998}, {'step': 5, 'avg_l2_distance': 2.4495112895965576, 'avg_kl_divergence': 18.33607292175293, 'entropy': 10.824806213378906}, {'step': 6, 'avg_l2_distance': 2.4495112895965576, 'avg_kl_divergence': 18.33607292175293, 'entropy': 10.82480239868164}, {'step': 7, 'avg_l2_distance': 2.4495112895965576, 'avg_kl_divergence': 18.33607292175293, 'entropy': 10.824800491333008}, {'step': 8, 'avg_l2_distance': 2.4495112895965576, 'avg_kl_divergence': 18.33607292175293, 'entropy': 10.824796676635742}, {'step': 9, 'avg_l2_distance': 2.4495112895965576, 'avg_kl_divergence': 18.33607292175293, 'entropy': 10.824792861938477}, {'step': 10, 'avg_l2_distance': 2.4495112895965576, 'avg_kl_divergence': 18.33607292175293, 'entropy': 10.824789047241211}, {'step': 11, 'avg_l2_distance': 2.4495112895965576, 'avg_kl_divergence': 18.33607292175293, 'entropy': 10.824784278869629}, {'step': 12, 'avg_l2_distance': 2.4495112895965576, 'avg_kl_divergence': 18.33607292175293, 'entropy': 10.824779510498047}, {'step': 13, 'avg_l2_distance': 2.4495112895965576, 'avg_kl_divergence': 18.33607292175293, 'entropy': 10.824775695800781}, {'step': 14, 'avg_l2_distance': 2.4495112895965576, 'avg_kl_divergence': 18.33607292175293, 'entropy': 10.824771881103516}, {'step': 15, 'avg_l2_distance': 2.4495112895965576, 'avg_kl_divergence': 18.33607292175293, 'entropy': 10.824764251708984}, {'step': 16, 'avg_l2_distance': 2.4495112895965576, 'avg_kl_divergence': 18.33607292175293, 'entropy': 10.824758529663086}, {'step': 17, 'avg_l2_distance': 2.4495112895965576, 'avg_kl_divergence': 18.33607292175293, 'entropy': 10.824751853942871}, {'step': 18, 'avg_l2_distance': 2.4495112895965576, 'avg_kl_divergence': 18.33607292175293, 'entropy': 10.82474422454834}, {'step': 19, 'avg_l2_distance': 2.4495112895965576, 'avg_kl_divergence': 18.33607292175293, 'entropy': 10.824735641479492}, {'step': 20, 'avg_l2_distance': 2.4495112895965576, 'avg_kl_divergence': 18.33607292175293, 'entropy': 10.824726104736328}, {'step': 21, 'avg_l2_distance': 2.4495112895965576, 'avg_kl_divergence': 18.33607292175293, 'entropy': 10.824716567993164}, {'step': 22, 'avg_l2_distance': 2.4495112895965576, 'avg_kl_divergence': 18.33607292175293, 'entropy': 10.824706077575684}, {'step': 23, 'avg_l2_distance': 2.4495112895965576, 'avg_kl_divergence': 18.33607292175293, 'entropy': 10.82469367980957}, {'step': 24, 'avg_l2_distance': 2.4495112895965576, 'avg_kl_divergence': 18.33607292175293, 'entropy': 10.824679374694824}, {'step': 25, 'avg_l2_distance': 2.4495112895965576, 'avg_kl_divergence': 18.33607292175293, 'entropy': 10.824665069580078}, {'step': 26, 'avg_l2_distance': 2.4495112895965576, 'avg_kl_divergence': 18.33607292175293, 'entropy': 10.824646949768066}, {'step': 27, 'avg_l2_distance': 2.4495112895965576, 'avg_kl_divergence': 18.33607292175293, 'entropy': 10.824626922607422}, {'step': 28, 'avg_l2_distance': 2.1158487796783447, 'avg_kl_divergence': 8.963920593261719, 'entropy': 10.824604034423828}, {'step': 29, 'avg_l2_distance': 2.1158487796783447, 'avg_kl_divergence': 8.963920593261719, 'entropy': 10.824546813964844}, {'step': 30, 'avg_l2_distance': 2.1158487796783447, 'avg_kl_divergence': 8.963920593261719, 'entropy': 10.824512481689453}, {'step': 31, 'avg_l2_distance': 2.1158487796783447, 'avg_kl_divergence': 8.963920593261719, 'entropy': 10.82447338104248}, {'step': 32, 'avg_l2_distance': 2.1158487796783447, 'avg_kl_divergence': 8.963920593261719, 'entropy': 10.82442569732666}, {'step': 33, 'avg_l2_distance': 2.1158487796783447, 'avg_kl_divergence': 8.963920593261719, 'entropy': 10.824371337890625}, {'step': 34, 'avg_l2_distance': 2.1158487796783447, 'avg_kl_divergence': 8.963920593261719, 'entropy': 10.824304580688477}, {'step': 35, 'avg_l2_distance': 2.1158487796783447, 'avg_kl_divergence': 8.963920593261719, 'entropy': 10.824224472045898}, {'step': 36, 'avg_l2_distance': 2.4635252952575684, 'avg_kl_divergence': 15.624160766601562, 'entropy': 10.824127197265625}, {'step': 37, 'avg_l2_distance': 2.4635252952575684, 'avg_kl_divergence': 15.624160766601562, 'entropy': 10.824087142944336}, {'step': 38, 'avg_l2_distance': 2.4635252952575684, 'avg_kl_divergence': 15.624160766601562, 'entropy': 10.823957443237305}, {'step': 39, 'avg_l2_distance': 2.4635252952575684, 'avg_kl_divergence': 15.624160766601562, 'entropy': 10.823793411254883}, {'step': 40, 'avg_l2_distance': 2.4635252952575684, 'avg_kl_divergence': 15.624160766601562, 'entropy': 10.823575019836426}, {'step': 41, 'avg_l2_distance': 2.4635252952575684, 'avg_kl_divergence': 15.624160766601562, 'entropy': 10.823281288146973}, {'step': 42, 'avg_l2_distance': 2.4635252952575684, 'avg_kl_divergence': 15.624160766601562, 'entropy': 10.822870254516602}, {'step': 43, 'avg_l2_distance': 2.4635252952575684, 'avg_kl_divergence': 15.624160766601562, 'entropy': 10.822265625}, {'step': 44, 'avg_l2_distance': 2.4635252952575684, 'avg_kl_divergence': 15.624160766601562, 'entropy': 10.821325302124023}, {'step': 45, 'avg_l2_distance': 2.4635252952575684, 'avg_kl_divergence': 15.624160766601562, 'entropy': 10.819729804992676}, {'step': 46, 'avg_l2_distance': 2.4635252952575684, 'avg_kl_divergence': 15.624160766601562, 'entropy': 10.816671371459961}, {'step': 47, 'avg_l2_distance': 2.3722970485687256, 'avg_kl_divergence': 10.089296340942383, 'entropy': 10.809473037719727}, {'step': 48, 'avg_l2_distance': 2.3722970485687256, 'avg_kl_divergence': 10.089296340942383, 'entropy': 10.774128913879395}, {'step': 49, 'avg_l2_distance': 2.3722970485687256, 'avg_kl_divergence': 10.089296340942383, 'entropy': 10.329141616821289}]",2.3722970485687256,10.089296340942383,0.0
51,policy,True,"[{'step': 0, 'avg_l2_distance': 2.777271032333374, 'avg_kl_divergence': 8.002822875976562, 'entropy': 10.824837684631348}, {'step': 1, 'avg_l2_distance': 2.4564380645751953, 'avg_kl_divergence': 9.879609107971191, 'entropy': 10.824838638305664}, {'step': 2, 'avg_l2_distance': 2.4564380645751953, 'avg_kl_divergence': 9.879609107971191, 'entropy': 10.824726104736328}, {'step': 3, 'avg_l2_distance': 2.2562315464019775, 'avg_kl_divergence': 8.488850593566895, 'entropy': 10.824722290039062}, {'step': 4, 'avg_l2_distance': 2.2562315464019775, 'avg_kl_divergence': 8.488850593566895, 'entropy': 10.824834823608398}, {'step': 5, 'avg_l2_distance': 2.2562315464019775, 'avg_kl_divergence': 8.488850593566895, 'entropy': 10.82483196258545}, {'step': 6, 'avg_l2_distance': 2.5843827724456787, 'avg_kl_divergence': 7.666697978973389, 'entropy': 10.8248291015625}, {'step': 7, 'avg_l2_distance': 2.5843827724456787, 'avg_kl_divergence': 7.666697978973389, 'entropy': 10.8248291015625}, {'step': 8, 'avg_l2_distance': 2.5843827724456787, 'avg_kl_divergence': 7.666697978973389, 'entropy': 10.824825286865234}, {'step': 9, 'avg_l2_distance': 2.5843827724456787, 'avg_kl_divergence': 7.666697978973389, 'entropy': 10.824823379516602}, {'step': 10, 'avg_l2_distance': 2.5843827724456787, 'avg_kl_divergence': 7.666697978973389, 'entropy': 10.824819564819336}, {'step': 11, 'avg_l2_distance': 2.5843827724456787, 'avg_kl_divergence': 7.666697978973389, 'entropy': 10.824817657470703}, {'step': 12, 'avg_l2_distance': 2.5843827724456787, 'avg_kl_divergence': 7.666697978973389, 'entropy': 10.82481575012207}, {'step': 13, 'avg_l2_distance': 2.5843827724456787, 'avg_kl_divergence': 7.666697978973389, 'entropy': 10.824810028076172}, {'step': 14, 'avg_l2_distance': 2.5843827724456787, 'avg_kl_divergence': 7.666697978973389, 'entropy': 10.824807167053223}, {'step': 15, 'avg_l2_distance': 2.5843827724456787, 'avg_kl_divergence': 7.666697978973389, 'entropy': 10.824801445007324}, {'step': 16, 'avg_l2_distance': 2.5843827724456787, 'avg_kl_divergence': 7.666697978973389, 'entropy': 10.824797630310059}, {'step': 17, 'avg_l2_distance': 2.5843827724456787, 'avg_kl_divergence': 7.666697978973389, 'entropy': 10.82479190826416}, {'step': 18, 'avg_l2_distance': 2.5843827724456787, 'avg_kl_divergence': 7.666697978973389, 'entropy': 10.824787139892578}, {'step': 19, 'avg_l2_distance': 2.5843827724456787, 'avg_kl_divergence': 7.666697978973389, 'entropy': 10.824780464172363}, {'step': 20, 'avg_l2_distance': 2.5843827724456787, 'avg_kl_divergence': 7.666697978973389, 'entropy': 10.824773788452148}, {'step': 21, 'avg_l2_distance': 2.5843827724456787, 'avg_kl_divergence': 7.666697978973389, 'entropy': 10.824766159057617}, {'step': 22, 'avg_l2_distance': 2.5843827724456787, 'avg_kl_divergence': 7.666697978973389, 'entropy': 10.82475757598877}, {'step': 23, 'avg_l2_distance': 2.5843827724456787, 'avg_kl_divergence': 7.666697978973389, 'entropy': 10.824748039245605}, {'step': 24, 'avg_l2_distance': 2.5843827724456787, 'avg_kl_divergence': 7.666697978973389, 'entropy': 10.824735641479492}, {'step': 25, 'avg_l2_distance': 2.5843827724456787, 'avg_kl_divergence': 7.666697978973389, 'entropy': 10.824724197387695}, {'step': 26, 'avg_l2_distance': 2.5843827724456787, 'avg_kl_divergence': 7.666697978973389, 'entropy': 10.824711799621582}, {'step': 27, 'avg_l2_distance': 2.5843827724456787, 'avg_kl_divergence': 7.666697978973389, 'entropy': 10.824694633483887}, {'step': 28, 'avg_l2_distance': 2.5843827724456787, 'avg_kl_divergence': 7.666697978973389, 'entropy': 10.824678421020508}, {'step': 29, 'avg_l2_distance': 2.5843827724456787, 'avg_kl_divergence': 7.666697978973389, 'entropy': 10.824657440185547}, {'step': 30, 'avg_l2_distance': 2.5843827724456787, 'avg_kl_divergence': 7.666697978973389, 'entropy': 10.824633598327637}, {'step': 31, 'avg_l2_distance': 2.5843827724456787, 'avg_kl_divergence': 7.666697978973389, 'entropy': 10.824604988098145}, {'step': 32, 'avg_l2_distance': 2.5843827724456787, 'avg_kl_divergence': 7.666697978973389, 'entropy': 10.82457160949707}, {'step': 33, 'avg_l2_distance': 2.5843827724456787, 'avg_kl_divergence': 7.666697978973389, 'entropy': 10.824531555175781}, {'step': 34, 'avg_l2_distance': 2.5843827724456787, 'avg_kl_divergence': 7.666697978973389, 'entropy': 10.824485778808594}, {'step': 35, 'avg_l2_distance': 2.5843827724456787, 'avg_kl_divergence': 7.666697978973389, 'entropy': 10.82442855834961}, {'step': 36, 'avg_l2_distance': 2.5843827724456787, 'avg_kl_divergence': 7.666697978973389, 'entropy': 10.824357986450195}, {'step': 37, 'avg_l2_distance': 2.5843827724456787, 'avg_kl_divergence': 7.666697978973389, 'entropy': 10.824270248413086}, {'step': 38, 'avg_l2_distance': 2.5843827724456787, 'avg_kl_divergence': 7.666697978973389, 'entropy': 10.82415771484375}, {'step': 39, 'avg_l2_distance': 2.5843827724456787, 'avg_kl_divergence': 7.666697978973389, 'entropy': 10.824015617370605}, {'step': 40, 'avg_l2_distance': 2.5843827724456787, 'avg_kl_divergence': 7.666697978973389, 'entropy': 10.823823928833008}, {'step': 41, 'avg_l2_distance': 2.5843827724456787, 'avg_kl_divergence': 7.666697978973389, 'entropy': 10.823565483093262}, {'step': 42, 'avg_l2_distance': 2.5843827724456787, 'avg_kl_divergence': 7.666697978973389, 'entropy': 10.823198318481445}, {'step': 43, 'avg_l2_distance': 2.5843827724456787, 'avg_kl_divergence': 7.666697978973389, 'entropy': 10.822656631469727}, {'step': 44, 'avg_l2_distance': 2.5843827724456787, 'avg_kl_divergence': 7.666697978973389, 'entropy': 10.821805953979492}, {'step': 45, 'avg_l2_distance': 2.5843827724456787, 'avg_kl_divergence': 7.666697978973389, 'entropy': 10.820356369018555}, {'step': 46, 'avg_l2_distance': 2.5843827724456787, 'avg_kl_divergence': 7.666697978973389, 'entropy': 10.817567825317383}, {'step': 47, 'avg_l2_distance': 2.446166753768921, 'avg_kl_divergence': 6.346248149871826, 'entropy': 10.810993194580078}, {'step': 48, 'avg_l2_distance': 2.446166753768921, 'avg_kl_divergence': 6.346248149871826, 'entropy': 10.780730247497559}, {'step': 49, 'avg_l2_distance': 2.446166753768921, 'avg_kl_divergence': 6.346248149871826, 'entropy': 10.347375869750977}]",2.446166753768921,6.346248149871826,0.0
52,policy,True,"[{'step': 0, 'avg_l2_distance': 2.7814905643463135, 'avg_kl_divergence': 1.2622313499450684, 'entropy': 10.824825286865234}, {'step': 1, 'avg_l2_distance': 2.7814905643463135, 'avg_kl_divergence': 1.2622313499450684, 'entropy': 10.824823379516602}, {'step': 2, 'avg_l2_distance': 2.7814905643463135, 'avg_kl_divergence': 1.2622313499450684, 'entropy': 10.824821472167969}, {'step': 3, 'avg_l2_distance': 2.7814905643463135, 'avg_kl_divergence': 1.2622313499450684, 'entropy': 10.824819564819336}, {'step': 4, 'avg_l2_distance': 2.7814905643463135, 'avg_kl_divergence': 1.2622313499450684, 'entropy': 10.82481861114502}, {'step': 5, 'avg_l2_distance': 2.7814905643463135, 'avg_kl_divergence': 1.2622313499450684, 'entropy': 10.82481575012207}, {'step': 6, 'avg_l2_distance': 2.7814905643463135, 'avg_kl_divergence': 1.2622313499450684, 'entropy': 10.824813842773438}, {'step': 7, 'avg_l2_distance': 2.7814905643463135, 'avg_kl_divergence': 1.2622313499450684, 'entropy': 10.824811935424805}, {'step': 8, 'avg_l2_distance': 2.7814905643463135, 'avg_kl_divergence': 1.2622313499450684, 'entropy': 10.824810028076172}, {'step': 9, 'avg_l2_distance': 2.7814905643463135, 'avg_kl_divergence': 1.2622313499450684, 'entropy': 10.824808120727539}, {'step': 10, 'avg_l2_distance': 2.7814905643463135, 'avg_kl_divergence': 1.2622313499450684, 'entropy': 10.824804306030273}, {'step': 11, 'avg_l2_distance': 2.7814905643463135, 'avg_kl_divergence': 1.2622313499450684, 'entropy': 10.824800491333008}, {'step': 12, 'avg_l2_distance': 2.7814905643463135, 'avg_kl_divergence': 1.2622313499450684, 'entropy': 10.824798583984375}, {'step': 13, 'avg_l2_distance': 2.7814905643463135, 'avg_kl_divergence': 1.2622313499450684, 'entropy': 10.82479476928711}, {'step': 14, 'avg_l2_distance': 2.7814905643463135, 'avg_kl_divergence': 1.2622313499450684, 'entropy': 10.824790954589844}, {'step': 15, 'avg_l2_distance': 2.7814905643463135, 'avg_kl_divergence': 1.2622313499450684, 'entropy': 10.824787139892578}, {'step': 16, 'avg_l2_distance': 2.7814905643463135, 'avg_kl_divergence': 1.2622313499450684, 'entropy': 10.824782371520996}, {'step': 17, 'avg_l2_distance': 2.7814905643463135, 'avg_kl_divergence': 1.2622313499450684, 'entropy': 10.824777603149414}, {'step': 18, 'avg_l2_distance': 2.7814905643463135, 'avg_kl_divergence': 1.2622313499450684, 'entropy': 10.824771881103516}, {'step': 19, 'avg_l2_distance': 2.7814905643463135, 'avg_kl_divergence': 1.2622313499450684, 'entropy': 10.824767112731934}, {'step': 20, 'avg_l2_distance': 2.7814905643463135, 'avg_kl_divergence': 1.2622313499450684, 'entropy': 10.824760437011719}, {'step': 21, 'avg_l2_distance': 2.7814905643463135, 'avg_kl_divergence': 1.2622313499450684, 'entropy': 10.824752807617188}, {'step': 22, 'avg_l2_distance': 2.7814905643463135, 'avg_kl_divergence': 1.2622313499450684, 'entropy': 10.824746131896973}, {'step': 23, 'avg_l2_distance': 2.7814905643463135, 'avg_kl_divergence': 1.2622313499450684, 'entropy': 10.824736595153809}, {'step': 24, 'avg_l2_distance': 2.7814905643463135, 'avg_kl_divergence': 1.2622313499450684, 'entropy': 10.824727058410645}, {'step': 25, 'avg_l2_distance': 2.7814905643463135, 'avg_kl_divergence': 1.2622313499450684, 'entropy': 10.824716567993164}, {'step': 26, 'avg_l2_distance': 2.7814905643463135, 'avg_kl_divergence': 1.2622313499450684, 'entropy': 10.824705123901367}, {'step': 27, 'avg_l2_distance': 2.7814905643463135, 'avg_kl_divergence': 1.2622313499450684, 'entropy': 10.824689865112305}, {'step': 28, 'avg_l2_distance': 2.7814905643463135, 'avg_kl_divergence': 1.2622313499450684, 'entropy': 10.824674606323242}, {'step': 29, 'avg_l2_distance': 2.7814905643463135, 'avg_kl_divergence': 1.2622313499450684, 'entropy': 10.824657440185547}, {'step': 30, 'avg_l2_distance': 2.7814905643463135, 'avg_kl_divergence': 1.2622313499450684, 'entropy': 10.824638366699219}, {'step': 31, 'avg_l2_distance': 2.7814905643463135, 'avg_kl_divergence': 1.2622313499450684, 'entropy': 10.824613571166992}, {'step': 32, 'avg_l2_distance': 2.7814905643463135, 'avg_kl_divergence': 1.2622313499450684, 'entropy': 10.824585914611816}, {'step': 33, 'avg_l2_distance': 2.7814905643463135, 'avg_kl_divergence': 1.2622313499450684, 'entropy': 10.824552536010742}, {'step': 34, 'avg_l2_distance': 2.7814905643463135, 'avg_kl_divergence': 1.2622313499450684, 'entropy': 10.824514389038086}, {'step': 35, 'avg_l2_distance': 2.1698312759399414, 'avg_kl_divergence': 4.338112831115723, 'entropy': 10.824466705322266}, {'step': 36, 'avg_l2_distance': 2.1698312759399414, 'avg_kl_divergence': 4.338112831115723, 'entropy': 10.824313163757324}, {'step': 37, 'avg_l2_distance': 2.1698312759399414, 'avg_kl_divergence': 4.338112831115723, 'entropy': 10.824214935302734}, {'step': 38, 'avg_l2_distance': 2.1698312759399414, 'avg_kl_divergence': 4.338112831115723, 'entropy': 10.824087142944336}, {'step': 39, 'avg_l2_distance': 2.1698312759399414, 'avg_kl_divergence': 4.338112831115723, 'entropy': 10.823922157287598}, {'step': 40, 'avg_l2_distance': 2.1698312759399414, 'avg_kl_divergence': 4.338112831115723, 'entropy': 10.82370376586914}, {'step': 41, 'avg_l2_distance': 2.1698312759399414, 'avg_kl_divergence': 4.338112831115723, 'entropy': 10.823406219482422}, {'step': 42, 'avg_l2_distance': 2.1698312759399414, 'avg_kl_divergence': 4.338112831115723, 'entropy': 10.822983741760254}, {'step': 43, 'avg_l2_distance': 2.1698312759399414, 'avg_kl_divergence': 4.338112831115723, 'entropy': 10.822360038757324}, {'step': 44, 'avg_l2_distance': 2.1698312759399414, 'avg_kl_divergence': 4.338112831115723, 'entropy': 10.821377754211426}, {'step': 45, 'avg_l2_distance': 2.1698312759399414, 'avg_kl_divergence': 4.338112831115723, 'entropy': 10.819704055786133}, {'step': 46, 'avg_l2_distance': 2.1698312759399414, 'avg_kl_divergence': 4.338112831115723, 'entropy': 10.816469192504883}, {'step': 47, 'avg_l2_distance': 2.1698312759399414, 'avg_kl_divergence': 4.338112831115723, 'entropy': 10.80881118774414}, {'step': 48, 'avg_l2_distance': 2.1698312759399414, 'avg_kl_divergence': 4.338112831115723, 'entropy': 10.781664848327637}, {'step': 49, 'avg_l2_distance': 2.1698312759399414, 'avg_kl_divergence': 4.338112831115723, 'entropy': 10.359574317932129}]",2.1698312759399414,4.338112831115723,0.0
53,policy,True,"[{'step': 0, 'avg_l2_distance': 2.9161651134490967, 'avg_kl_divergence': 7.118399143218994, 'entropy': 10.824845314025879}, {'step': 1, 'avg_l2_distance': 2.21767258644104, 'avg_kl_divergence': 9.552927017211914, 'entropy': 10.824844360351562}, {'step': 2, 'avg_l2_distance': 2.21767258644104, 'avg_kl_divergence': 9.552927017211914, 'entropy': 10.824819564819336}, {'step': 3, 'avg_l2_distance': 2.21767258644104, 'avg_kl_divergence': 9.552927017211914, 'entropy': 10.824816703796387}, {'step': 4, 'avg_l2_distance': 2.21767258644104, 'avg_kl_divergence': 9.552927017211914, 'entropy': 10.824813842773438}, {'step': 5, 'avg_l2_distance': 2.21767258644104, 'avg_kl_divergence': 9.552927017211914, 'entropy': 10.824811935424805}, {'step': 6, 'avg_l2_distance': 2.21767258644104, 'avg_kl_divergence': 9.552927017211914, 'entropy': 10.824809074401855}, {'step': 7, 'avg_l2_distance': 2.21767258644104, 'avg_kl_divergence': 9.552927017211914, 'entropy': 10.824806213378906}, {'step': 8, 'avg_l2_distance': 2.21767258644104, 'avg_kl_divergence': 9.552927017211914, 'entropy': 10.82480239868164}, {'step': 9, 'avg_l2_distance': 2.21767258644104, 'avg_kl_divergence': 9.552927017211914, 'entropy': 10.824799537658691}, {'step': 10, 'avg_l2_distance': 2.21767258644104, 'avg_kl_divergence': 9.552927017211914, 'entropy': 10.824796676635742}, {'step': 11, 'avg_l2_distance': 2.21767258644104, 'avg_kl_divergence': 9.552927017211914, 'entropy': 10.82479190826416}, {'step': 12, 'avg_l2_distance': 2.21767258644104, 'avg_kl_divergence': 9.552927017211914, 'entropy': 10.824788093566895}, {'step': 13, 'avg_l2_distance': 2.21767258644104, 'avg_kl_divergence': 9.552927017211914, 'entropy': 10.824783325195312}, {'step': 14, 'avg_l2_distance': 2.21767258644104, 'avg_kl_divergence': 9.552927017211914, 'entropy': 10.82477855682373}, {'step': 15, 'avg_l2_distance': 2.21767258644104, 'avg_kl_divergence': 9.552927017211914, 'entropy': 10.824771881103516}, {'step': 16, 'avg_l2_distance': 2.21767258644104, 'avg_kl_divergence': 9.552927017211914, 'entropy': 10.824766159057617}, {'step': 17, 'avg_l2_distance': 2.21767258644104, 'avg_kl_divergence': 9.552927017211914, 'entropy': 10.824758529663086}, {'step': 18, 'avg_l2_distance': 2.21767258644104, 'avg_kl_divergence': 9.552927017211914, 'entropy': 10.824752807617188}, {'step': 19, 'avg_l2_distance': 2.21767258644104, 'avg_kl_divergence': 9.552927017211914, 'entropy': 10.82474422454834}, {'step': 20, 'avg_l2_distance': 2.21767258644104, 'avg_kl_divergence': 9.552927017211914, 'entropy': 10.824735641479492}, {'step': 21, 'avg_l2_distance': 2.21767258644104, 'avg_kl_divergence': 9.552927017211914, 'entropy': 10.824726104736328}, {'step': 22, 'avg_l2_distance': 2.21767258644104, 'avg_kl_divergence': 9.552927017211914, 'entropy': 10.824715614318848}, {'step': 23, 'avg_l2_distance': 2.21767258644104, 'avg_kl_divergence': 9.552927017211914, 'entropy': 10.824702262878418}, {'step': 24, 'avg_l2_distance': 2.21767258644104, 'avg_kl_divergence': 9.552927017211914, 'entropy': 10.824689865112305}, {'step': 25, 'avg_l2_distance': 2.21767258644104, 'avg_kl_divergence': 9.552927017211914, 'entropy': 10.824673652648926}, {'step': 26, 'avg_l2_distance': 2.21767258644104, 'avg_kl_divergence': 9.552927017211914, 'entropy': 10.82465648651123}, {'step': 27, 'avg_l2_distance': 2.1610090732574463, 'avg_kl_divergence': 1.5030896663665771, 'entropy': 10.824637413024902}, {'step': 28, 'avg_l2_distance': 2.1610090732574463, 'avg_kl_divergence': 1.5030896663665771, 'entropy': 10.824677467346191}, {'step': 29, 'avg_l2_distance': 2.1610090732574463, 'avg_kl_divergence': 1.5030896663665771, 'entropy': 10.824657440185547}, {'step': 30, 'avg_l2_distance': 2.1610090732574463, 'avg_kl_divergence': 1.5030896663665771, 'entropy': 10.824631690979004}, {'step': 31, 'avg_l2_distance': 2.1610090732574463, 'avg_kl_divergence': 1.5030896663665771, 'entropy': 10.824602127075195}, {'step': 32, 'avg_l2_distance': 2.1610090732574463, 'avg_kl_divergence': 1.5030896663665771, 'entropy': 10.824569702148438}, {'step': 33, 'avg_l2_distance': 2.1610090732574463, 'avg_kl_divergence': 1.5030896663665771, 'entropy': 10.824527740478516}, {'step': 34, 'avg_l2_distance': 2.1610090732574463, 'avg_kl_divergence': 1.5030896663665771, 'entropy': 10.824479103088379}, {'step': 35, 'avg_l2_distance': 2.1610090732574463, 'avg_kl_divergence': 1.5030896663665771, 'entropy': 10.824417114257812}, {'step': 36, 'avg_l2_distance': 2.1610090732574463, 'avg_kl_divergence': 1.5030896663665771, 'entropy': 10.824342727661133}, {'step': 37, 'avg_l2_distance': 2.1610090732574463, 'avg_kl_divergence': 1.5030896663665771, 'entropy': 10.824251174926758}, {'step': 38, 'avg_l2_distance': 2.1610090732574463, 'avg_kl_divergence': 1.5030896663665771, 'entropy': 10.824131965637207}, {'step': 39, 'avg_l2_distance': 2.227891445159912, 'avg_kl_divergence': 6.708826541900635, 'entropy': 10.823978424072266}, {'step': 40, 'avg_l2_distance': 2.227891445159912, 'avg_kl_divergence': 6.708826541900635, 'entropy': 10.823101997375488}, {'step': 41, 'avg_l2_distance': 2.227891445159912, 'avg_kl_divergence': 6.708826541900635, 'entropy': 10.822721481323242}, {'step': 42, 'avg_l2_distance': 2.227891445159912, 'avg_kl_divergence': 6.708826541900635, 'entropy': 10.822187423706055}, {'step': 43, 'avg_l2_distance': 2.227891445159912, 'avg_kl_divergence': 6.708826541900635, 'entropy': 10.82140827178955}, {'step': 44, 'avg_l2_distance': 2.227891445159912, 'avg_kl_divergence': 6.708826541900635, 'entropy': 10.820199012756348}, {'step': 45, 'avg_l2_distance': 2.10671067237854, 'avg_kl_divergence': 1.356554627418518, 'entropy': 10.818158149719238}, {'step': 46, 'avg_l2_distance': 2.10671067237854, 'avg_kl_divergence': 1.356554627418518, 'entropy': 10.816329956054688}, {'step': 47, 'avg_l2_distance': 2.10671067237854, 'avg_kl_divergence': 1.356554627418518, 'entropy': 10.808418273925781}, {'step': 48, 'avg_l2_distance': 2.10671067237854, 'avg_kl_divergence': 1.356554627418518, 'entropy': 10.779084205627441}, {'step': 49, 'avg_l2_distance': 2.10671067237854, 'avg_kl_divergence': 1.356554627418518, 'entropy': 10.222580909729004}]",2.10671067237854,1.356554627418518,0.0
54,policy,True,"[{'step': 0, 'avg_l2_distance': 2.539933443069458, 'avg_kl_divergence': 20.251846313476562, 'entropy': 10.82483196258545}, {'step': 1, 'avg_l2_distance': 2.539933443069458, 'avg_kl_divergence': 20.251846313476562, 'entropy': 10.8248291015625}, {'step': 2, 'avg_l2_distance': 2.6775803565979004, 'avg_kl_divergence': 15.23179817199707, 'entropy': 10.8248291015625}, {'step': 3, 'avg_l2_distance': 2.8248069286346436, 'avg_kl_divergence': 14.694540023803711, 'entropy': 10.824819564819336}, {'step': 4, 'avg_l2_distance': 2.8248069286346436, 'avg_kl_divergence': 14.694540023803711, 'entropy': 10.824824333190918}, {'step': 5, 'avg_l2_distance': 2.6080482006073, 'avg_kl_divergence': 13.273788452148438, 'entropy': 10.824820518493652}, {'step': 6, 'avg_l2_distance': 2.6080482006073, 'avg_kl_divergence': 13.273788452148438, 'entropy': 10.824796676635742}, {'step': 7, 'avg_l2_distance': 2.6080482006073, 'avg_kl_divergence': 13.273788452148438, 'entropy': 10.82479476928711}, {'step': 8, 'avg_l2_distance': 2.6080482006073, 'avg_kl_divergence': 13.273788452148438, 'entropy': 10.824790954589844}, {'step': 9, 'avg_l2_distance': 2.6080482006073, 'avg_kl_divergence': 13.273788452148438, 'entropy': 10.824789047241211}, {'step': 10, 'avg_l2_distance': 2.6080482006073, 'avg_kl_divergence': 13.273788452148438, 'entropy': 10.824784278869629}, {'step': 11, 'avg_l2_distance': 2.350776195526123, 'avg_kl_divergence': 19.649524688720703, 'entropy': 10.824779510498047}, {'step': 12, 'avg_l2_distance': 2.350776195526123, 'avg_kl_divergence': 19.649524688720703, 'entropy': 10.824793815612793}, {'step': 13, 'avg_l2_distance': 2.6505606174468994, 'avg_kl_divergence': 12.13398551940918, 'entropy': 10.824790000915527}, {'step': 14, 'avg_l2_distance': 2.6505606174468994, 'avg_kl_divergence': 12.13398551940918, 'entropy': 10.824745178222656}, {'step': 15, 'avg_l2_distance': 2.6505606174468994, 'avg_kl_divergence': 12.13398551940918, 'entropy': 10.82474136352539}, {'step': 16, 'avg_l2_distance': 2.6505606174468994, 'avg_kl_divergence': 12.13398551940918, 'entropy': 10.824732780456543}, {'step': 17, 'avg_l2_distance': 2.6505606174468994, 'avg_kl_divergence': 12.13398551940918, 'entropy': 10.824727058410645}, {'step': 18, 'avg_l2_distance': 2.6505606174468994, 'avg_kl_divergence': 12.13398551940918, 'entropy': 10.824718475341797}, {'step': 19, 'avg_l2_distance': 2.6505606174468994, 'avg_kl_divergence': 12.13398551940918, 'entropy': 10.824710845947266}, {'step': 20, 'avg_l2_distance': 2.6505606174468994, 'avg_kl_divergence': 12.13398551940918, 'entropy': 10.824701309204102}, {'step': 21, 'avg_l2_distance': 2.6505606174468994, 'avg_kl_divergence': 12.13398551940918, 'entropy': 10.824691772460938}, {'step': 22, 'avg_l2_distance': 2.6505606174468994, 'avg_kl_divergence': 12.13398551940918, 'entropy': 10.82468032836914}, {'step': 23, 'avg_l2_distance': 2.603386878967285, 'avg_kl_divergence': 13.603371620178223, 'entropy': 10.824666976928711}, {'step': 24, 'avg_l2_distance': 2.603386878967285, 'avg_kl_divergence': 13.603371620178223, 'entropy': 10.824640274047852}, {'step': 25, 'avg_l2_distance': 2.603386878967285, 'avg_kl_divergence': 13.603371620178223, 'entropy': 10.82462215423584}, {'step': 26, 'avg_l2_distance': 2.603386878967285, 'avg_kl_divergence': 13.603371620178223, 'entropy': 10.824604034423828}, {'step': 27, 'avg_l2_distance': 2.603386878967285, 'avg_kl_divergence': 13.603371620178223, 'entropy': 10.82458209991455}, {'step': 28, 'avg_l2_distance': 2.603386878967285, 'avg_kl_divergence': 13.603371620178223, 'entropy': 10.824556350708008}, {'step': 29, 'avg_l2_distance': 2.603386878967285, 'avg_kl_divergence': 13.603371620178223, 'entropy': 10.824527740478516}, {'step': 30, 'avg_l2_distance': 2.603386878967285, 'avg_kl_divergence': 13.603371620178223, 'entropy': 10.824495315551758}, {'step': 31, 'avg_l2_distance': 2.603386878967285, 'avg_kl_divergence': 13.603371620178223, 'entropy': 10.824457168579102}, {'step': 32, 'avg_l2_distance': 2.542685031890869, 'avg_kl_divergence': 6.221071720123291, 'entropy': 10.824413299560547}, {'step': 33, 'avg_l2_distance': 2.542685031890869, 'avg_kl_divergence': 6.221071720123291, 'entropy': 10.82452392578125}, {'step': 34, 'avg_l2_distance': 2.542685031890869, 'avg_kl_divergence': 6.221071720123291, 'entropy': 10.824475288391113}, {'step': 35, 'avg_l2_distance': 2.542685031890869, 'avg_kl_divergence': 6.221071720123291, 'entropy': 10.824418067932129}, {'step': 36, 'avg_l2_distance': 2.542685031890869, 'avg_kl_divergence': 6.221071720123291, 'entropy': 10.824345588684082}, {'step': 37, 'avg_l2_distance': 2.542685031890869, 'avg_kl_divergence': 6.221071720123291, 'entropy': 10.824254989624023}, {'step': 38, 'avg_l2_distance': 2.542685031890869, 'avg_kl_divergence': 6.221071720123291, 'entropy': 10.824142456054688}, {'step': 39, 'avg_l2_distance': 2.542685031890869, 'avg_kl_divergence': 6.221071720123291, 'entropy': 10.823993682861328}, {'step': 40, 'avg_l2_distance': 2.542685031890869, 'avg_kl_divergence': 6.221071720123291, 'entropy': 10.823799133300781}, {'step': 41, 'avg_l2_distance': 2.542685031890869, 'avg_kl_divergence': 6.221071720123291, 'entropy': 10.823530197143555}, {'step': 42, 'avg_l2_distance': 2.542685031890869, 'avg_kl_divergence': 6.221071720123291, 'entropy': 10.82315444946289}, {'step': 43, 'avg_l2_distance': 2.542685031890869, 'avg_kl_divergence': 6.221071720123291, 'entropy': 10.822593688964844}, {'step': 44, 'avg_l2_distance': 2.542685031890869, 'avg_kl_divergence': 6.221071720123291, 'entropy': 10.821712493896484}, {'step': 45, 'avg_l2_distance': 2.542685031890869, 'avg_kl_divergence': 6.221071720123291, 'entropy': 10.820199966430664}, {'step': 46, 'avg_l2_distance': 2.542685031890869, 'avg_kl_divergence': 6.221071720123291, 'entropy': 10.817256927490234}, {'step': 47, 'avg_l2_distance': 2.542685031890869, 'avg_kl_divergence': 6.221071720123291, 'entropy': 10.81016731262207}, {'step': 48, 'avg_l2_distance': 2.542685031890869, 'avg_kl_divergence': 6.221071720123291, 'entropy': 10.783863067626953}, {'step': 49, 'avg_l2_distance': 2.542685031890869, 'avg_kl_divergence': 6.221071720123291, 'entropy': 10.289913177490234}]",2.542685031890869,6.221071720123291,0.0
55,policy,True,"[{'step': 0, 'avg_l2_distance': 2.327054977416992, 'avg_kl_divergence': 12.137200355529785, 'entropy': 10.82480525970459}, {'step': 1, 'avg_l2_distance': 2.367548942565918, 'avg_kl_divergence': 12.105752944946289, 'entropy': 10.82480239868164}, {'step': 2, 'avg_l2_distance': 2.367548942565918, 'avg_kl_divergence': 12.105752944946289, 'entropy': 10.824831008911133}, {'step': 3, 'avg_l2_distance': 2.367548942565918, 'avg_kl_divergence': 12.105752944946289, 'entropy': 10.8248291015625}, {'step': 4, 'avg_l2_distance': 2.367548942565918, 'avg_kl_divergence': 12.105752944946289, 'entropy': 10.8248291015625}, {'step': 5, 'avg_l2_distance': 2.367548942565918, 'avg_kl_divergence': 12.105752944946289, 'entropy': 10.824827194213867}, {'step': 6, 'avg_l2_distance': 2.367548942565918, 'avg_kl_divergence': 12.105752944946289, 'entropy': 10.824823379516602}, {'step': 7, 'avg_l2_distance': 2.367548942565918, 'avg_kl_divergence': 12.105752944946289, 'entropy': 10.824822425842285}, {'step': 8, 'avg_l2_distance': 2.367548942565918, 'avg_kl_divergence': 12.105752944946289, 'entropy': 10.824819564819336}, {'step': 9, 'avg_l2_distance': 2.367548942565918, 'avg_kl_divergence': 12.105752944946289, 'entropy': 10.824817657470703}, {'step': 10, 'avg_l2_distance': 2.367548942565918, 'avg_kl_divergence': 12.105752944946289, 'entropy': 10.824814796447754}, {'step': 11, 'avg_l2_distance': 2.367548942565918, 'avg_kl_divergence': 12.105752944946289, 'entropy': 10.824810981750488}, {'step': 12, 'avg_l2_distance': 2.367548942565918, 'avg_kl_divergence': 12.105752944946289, 'entropy': 10.824808120727539}, {'step': 13, 'avg_l2_distance': 2.367548942565918, 'avg_kl_divergence': 12.105752944946289, 'entropy': 10.824804306030273}, {'step': 14, 'avg_l2_distance': 2.367548942565918, 'avg_kl_divergence': 12.105752944946289, 'entropy': 10.824801445007324}, {'step': 15, 'avg_l2_distance': 2.367548942565918, 'avg_kl_divergence': 12.105752944946289, 'entropy': 10.824796676635742}, {'step': 16, 'avg_l2_distance': 2.367548942565918, 'avg_kl_divergence': 12.105752944946289, 'entropy': 10.824792861938477}, {'step': 17, 'avg_l2_distance': 2.367548942565918, 'avg_kl_divergence': 12.105752944946289, 'entropy': 10.824786186218262}, {'step': 18, 'avg_l2_distance': 2.300132989883423, 'avg_kl_divergence': 8.239517211914062, 'entropy': 10.82478141784668}, {'step': 19, 'avg_l2_distance': 2.300132989883423, 'avg_kl_divergence': 8.239517211914062, 'entropy': 10.824668884277344}, {'step': 20, 'avg_l2_distance': 2.300132989883423, 'avg_kl_divergence': 8.239517211914062, 'entropy': 10.82465934753418}, {'step': 21, 'avg_l2_distance': 2.300132989883423, 'avg_kl_divergence': 8.239517211914062, 'entropy': 10.824646949768066}, {'step': 22, 'avg_l2_distance': 2.300132989883423, 'avg_kl_divergence': 8.239517211914062, 'entropy': 10.824633598327637}, {'step': 23, 'avg_l2_distance': 2.5543057918548584, 'avg_kl_divergence': 10.949360847473145, 'entropy': 10.82461929321289}, {'step': 24, 'avg_l2_distance': 2.5543057918548584, 'avg_kl_divergence': 10.949360847473145, 'entropy': 10.82469367980957}, {'step': 25, 'avg_l2_distance': 2.5543057918548584, 'avg_kl_divergence': 10.949360847473145, 'entropy': 10.824681282043457}, {'step': 26, 'avg_l2_distance': 2.5543057918548584, 'avg_kl_divergence': 10.949360847473145, 'entropy': 10.824665069580078}, {'step': 27, 'avg_l2_distance': 2.5543057918548584, 'avg_kl_divergence': 10.949360847473145, 'entropy': 10.8246488571167}, {'step': 28, 'avg_l2_distance': 2.5543057918548584, 'avg_kl_divergence': 10.949360847473145, 'entropy': 10.824628829956055}, {'step': 29, 'avg_l2_distance': 2.5543057918548584, 'avg_kl_divergence': 10.949360847473145, 'entropy': 10.824607849121094}, {'step': 30, 'avg_l2_distance': 2.5543057918548584, 'avg_kl_divergence': 10.949360847473145, 'entropy': 10.824583053588867}, {'step': 31, 'avg_l2_distance': 2.5543057918548584, 'avg_kl_divergence': 10.949360847473145, 'entropy': 10.824553489685059}, {'step': 32, 'avg_l2_distance': 2.5543057918548584, 'avg_kl_divergence': 10.949360847473145, 'entropy': 10.8245210647583}, {'step': 33, 'avg_l2_distance': 2.5543057918548584, 'avg_kl_divergence': 10.949360847473145, 'entropy': 10.824480056762695}, {'step': 34, 'avg_l2_distance': 2.5543057918548584, 'avg_kl_divergence': 10.949360847473145, 'entropy': 10.824432373046875}, {'step': 35, 'avg_l2_distance': 2.166252613067627, 'avg_kl_divergence': 6.700780868530273, 'entropy': 10.824373245239258}, {'step': 36, 'avg_l2_distance': 2.166252613067627, 'avg_kl_divergence': 6.700780868530273, 'entropy': 10.824156761169434}, {'step': 37, 'avg_l2_distance': 2.166252613067627, 'avg_kl_divergence': 6.700780868530273, 'entropy': 10.824058532714844}, {'step': 38, 'avg_l2_distance': 2.166252613067627, 'avg_kl_divergence': 6.700780868530273, 'entropy': 10.82393741607666}, {'step': 39, 'avg_l2_distance': 2.166252613067627, 'avg_kl_divergence': 6.700780868530273, 'entropy': 10.82378101348877}, {'step': 40, 'avg_l2_distance': 2.166252613067627, 'avg_kl_divergence': 6.700780868530273, 'entropy': 10.823577880859375}, {'step': 41, 'avg_l2_distance': 2.166252613067627, 'avg_kl_divergence': 6.700780868530273, 'entropy': 10.823305130004883}, {'step': 42, 'avg_l2_distance': 2.166252613067627, 'avg_kl_divergence': 6.700780868530273, 'entropy': 10.82292366027832}, {'step': 43, 'avg_l2_distance': 2.166252613067627, 'avg_kl_divergence': 6.700780868530273, 'entropy': 10.822369575500488}, {'step': 44, 'avg_l2_distance': 2.522531270980835, 'avg_kl_divergence': 8.244476318359375, 'entropy': 10.821511268615723}, {'step': 45, 'avg_l2_distance': 2.522531270980835, 'avg_kl_divergence': 8.244476318359375, 'entropy': 10.82046127319336}, {'step': 46, 'avg_l2_distance': 2.522531270980835, 'avg_kl_divergence': 8.244476318359375, 'entropy': 10.81783676147461}, {'step': 47, 'avg_l2_distance': 2.522531270980835, 'avg_kl_divergence': 8.244476318359375, 'entropy': 10.811637878417969}, {'step': 48, 'avg_l2_distance': 2.522531270980835, 'avg_kl_divergence': 8.244476318359375, 'entropy': 10.789546012878418}, {'step': 49, 'avg_l2_distance': 2.522531270980835, 'avg_kl_divergence': 8.244476318359375, 'entropy': 10.259199142456055}]",2.522531270980835,8.244476318359375,0.0
56,policy,True,"[{'step': 0, 'avg_l2_distance': 2.1871821880340576, 'avg_kl_divergence': 13.247384071350098, 'entropy': 10.824779510498047}, {'step': 1, 'avg_l2_distance': 2.4062962532043457, 'avg_kl_divergence': 12.472719192504883, 'entropy': 10.824776649475098}, {'step': 2, 'avg_l2_distance': 2.4062962532043457, 'avg_kl_divergence': 12.472719192504883, 'entropy': 10.824798583984375}, {'step': 3, 'avg_l2_distance': 2.4062962532043457, 'avg_kl_divergence': 12.472719192504883, 'entropy': 10.824796676635742}, {'step': 4, 'avg_l2_distance': 2.4062962532043457, 'avg_kl_divergence': 12.472719192504883, 'entropy': 10.824792861938477}, {'step': 5, 'avg_l2_distance': 2.4062962532043457, 'avg_kl_divergence': 12.472719192504883, 'entropy': 10.824790000915527}, {'step': 6, 'avg_l2_distance': 2.4062962532043457, 'avg_kl_divergence': 12.472719192504883, 'entropy': 10.824786186218262}, {'step': 7, 'avg_l2_distance': 2.4062962532043457, 'avg_kl_divergence': 12.472719192504883, 'entropy': 10.82478141784668}, {'step': 8, 'avg_l2_distance': 2.4062962532043457, 'avg_kl_divergence': 12.472719192504883, 'entropy': 10.82477855682373}, {'step': 9, 'avg_l2_distance': 2.4062962532043457, 'avg_kl_divergence': 12.472719192504883, 'entropy': 10.824773788452148}, {'step': 10, 'avg_l2_distance': 2.4062962532043457, 'avg_kl_divergence': 12.472719192504883, 'entropy': 10.824769020080566}, {'step': 11, 'avg_l2_distance': 2.4062962532043457, 'avg_kl_divergence': 12.472719192504883, 'entropy': 10.824762344360352}, {'step': 12, 'avg_l2_distance': 2.4062962532043457, 'avg_kl_divergence': 12.472719192504883, 'entropy': 10.82475757598877}, {'step': 13, 'avg_l2_distance': 2.4062962532043457, 'avg_kl_divergence': 12.472719192504883, 'entropy': 10.824750900268555}, {'step': 14, 'avg_l2_distance': 2.0919477939605713, 'avg_kl_divergence': 10.504606246948242, 'entropy': 10.824746131896973}, {'step': 15, 'avg_l2_distance': 2.0919477939605713, 'avg_kl_divergence': 10.504606246948242, 'entropy': 10.824760437011719}, {'step': 16, 'avg_l2_distance': 2.0919477939605713, 'avg_kl_divergence': 10.504606246948242, 'entropy': 10.824753761291504}, {'step': 17, 'avg_l2_distance': 2.0919477939605713, 'avg_kl_divergence': 10.504606246948242, 'entropy': 10.824745178222656}, {'step': 18, 'avg_l2_distance': 2.0919477939605713, 'avg_kl_divergence': 10.504606246948242, 'entropy': 10.824736595153809}, {'step': 19, 'avg_l2_distance': 2.958712577819824, 'avg_kl_divergence': 12.765266418457031, 'entropy': 10.824726104736328}, {'step': 20, 'avg_l2_distance': 2.958712577819824, 'avg_kl_divergence': 12.765266418457031, 'entropy': 10.824764251708984}, {'step': 21, 'avg_l2_distance': 2.958712577819824, 'avg_kl_divergence': 12.765266418457031, 'entropy': 10.824755668640137}, {'step': 22, 'avg_l2_distance': 2.958712577819824, 'avg_kl_divergence': 12.765266418457031, 'entropy': 10.824748039245605}, {'step': 23, 'avg_l2_distance': 2.958712577819824, 'avg_kl_divergence': 12.765266418457031, 'entropy': 10.824739456176758}, {'step': 24, 'avg_l2_distance': 2.958712577819824, 'avg_kl_divergence': 12.765266418457031, 'entropy': 10.824729919433594}, {'step': 25, 'avg_l2_distance': 2.958712577819824, 'avg_kl_divergence': 12.765266418457031, 'entropy': 10.824718475341797}, {'step': 26, 'avg_l2_distance': 2.958712577819824, 'avg_kl_divergence': 12.765266418457031, 'entropy': 10.824705123901367}, {'step': 27, 'avg_l2_distance': 2.958712577819824, 'avg_kl_divergence': 12.765266418457031, 'entropy': 10.824692726135254}, {'step': 28, 'avg_l2_distance': 2.958712577819824, 'avg_kl_divergence': 12.765266418457031, 'entropy': 10.824676513671875}, {'step': 29, 'avg_l2_distance': 2.958712577819824, 'avg_kl_divergence': 12.765266418457031, 'entropy': 10.824658393859863}, {'step': 30, 'avg_l2_distance': 2.958712577819824, 'avg_kl_divergence': 12.765266418457031, 'entropy': 10.82463550567627}, {'step': 31, 'avg_l2_distance': 2.958712577819824, 'avg_kl_divergence': 12.765266418457031, 'entropy': 10.82461166381836}, {'step': 32, 'avg_l2_distance': 2.958712577819824, 'avg_kl_divergence': 12.765266418457031, 'entropy': 10.824583053588867}, {'step': 33, 'avg_l2_distance': 2.958712577819824, 'avg_kl_divergence': 12.765266418457031, 'entropy': 10.824548721313477}, {'step': 34, 'avg_l2_distance': 2.6738975048065186, 'avg_kl_divergence': 10.925113677978516, 'entropy': 10.824508666992188}, {'step': 35, 'avg_l2_distance': 2.6738975048065186, 'avg_kl_divergence': 10.925113677978516, 'entropy': 10.824426651000977}, {'step': 36, 'avg_l2_distance': 2.575760841369629, 'avg_kl_divergence': 11.994569778442383, 'entropy': 10.82435417175293}, {'step': 37, 'avg_l2_distance': 2.978318929672241, 'avg_kl_divergence': 10.696352005004883, 'entropy': 10.82419204711914}, {'step': 38, 'avg_l2_distance': 2.978318929672241, 'avg_kl_divergence': 10.696352005004883, 'entropy': 10.824268341064453}, {'step': 39, 'avg_l2_distance': 2.978318929672241, 'avg_kl_divergence': 10.696352005004883, 'entropy': 10.824158668518066}, {'step': 40, 'avg_l2_distance': 2.978318929672241, 'avg_kl_divergence': 10.696352005004883, 'entropy': 10.824016571044922}, {'step': 41, 'avg_l2_distance': 2.978318929672241, 'avg_kl_divergence': 10.696352005004883, 'entropy': 10.823822021484375}, {'step': 42, 'avg_l2_distance': 2.978318929672241, 'avg_kl_divergence': 10.696352005004883, 'entropy': 10.823549270629883}, {'step': 43, 'avg_l2_distance': 2.978318929672241, 'avg_kl_divergence': 10.696352005004883, 'entropy': 10.823150634765625}, {'step': 44, 'avg_l2_distance': 2.978318929672241, 'avg_kl_divergence': 10.696352005004883, 'entropy': 10.822524070739746}, {'step': 45, 'avg_l2_distance': 2.978318929672241, 'avg_kl_divergence': 10.696352005004883, 'entropy': 10.82145881652832}, {'step': 46, 'avg_l2_distance': 2.978318929672241, 'avg_kl_divergence': 10.696352005004883, 'entropy': 10.819408416748047}, {'step': 47, 'avg_l2_distance': 2.551981210708618, 'avg_kl_divergence': 13.486368179321289, 'entropy': 10.81455135345459}, {'step': 48, 'avg_l2_distance': 2.551981210708618, 'avg_kl_divergence': 13.486368179321289, 'entropy': 10.785080909729004}, {'step': 49, 'avg_l2_distance': 2.551981210708618, 'avg_kl_divergence': 13.486368179321289, 'entropy': 10.16006088256836}]",2.551981210708618,13.486368179321289,0.0
57,policy,True,"[{'step': 0, 'avg_l2_distance': 2.3356218338012695, 'avg_kl_divergence': 9.751383781433105, 'entropy': 10.82484245300293}, {'step': 1, 'avg_l2_distance': 2.3356218338012695, 'avg_kl_divergence': 9.751383781433105, 'entropy': 10.824819564819336}, {'step': 2, 'avg_l2_distance': 2.3356218338012695, 'avg_kl_divergence': 9.751383781433105, 'entropy': 10.824817657470703}, {'step': 3, 'avg_l2_distance': 2.3949151039123535, 'avg_kl_divergence': 12.61583423614502, 'entropy': 10.82481575012207}, {'step': 4, 'avg_l2_distance': 2.3949151039123535, 'avg_kl_divergence': 12.61583423614502, 'entropy': 10.824834823608398}, {'step': 5, 'avg_l2_distance': 2.3949151039123535, 'avg_kl_divergence': 12.61583423614502, 'entropy': 10.824832916259766}, {'step': 6, 'avg_l2_distance': 2.3949151039123535, 'avg_kl_divergence': 12.61583423614502, 'entropy': 10.824831008911133}, {'step': 7, 'avg_l2_distance': 2.3491923809051514, 'avg_kl_divergence': 8.889913558959961, 'entropy': 10.8248291015625}, {'step': 8, 'avg_l2_distance': 2.2033443450927734, 'avg_kl_divergence': 15.485664367675781, 'entropy': 10.824775695800781}, {'step': 9, 'avg_l2_distance': 2.2033443450927734, 'avg_kl_divergence': 15.485664367675781, 'entropy': 10.824777603149414}, {'step': 10, 'avg_l2_distance': 2.2033443450927734, 'avg_kl_divergence': 15.485664367675781, 'entropy': 10.824774742126465}, {'step': 11, 'avg_l2_distance': 2.2033443450927734, 'avg_kl_divergence': 15.485664367675781, 'entropy': 10.824769020080566}, {'step': 12, 'avg_l2_distance': 2.2033443450927734, 'avg_kl_divergence': 15.485664367675781, 'entropy': 10.824763298034668}, {'step': 13, 'avg_l2_distance': 2.2033443450927734, 'avg_kl_divergence': 15.485664367675781, 'entropy': 10.824758529663086}, {'step': 14, 'avg_l2_distance': 2.2033443450927734, 'avg_kl_divergence': 15.485664367675781, 'entropy': 10.824752807617188}, {'step': 15, 'avg_l2_distance': 2.2033443450927734, 'avg_kl_divergence': 15.485664367675781, 'entropy': 10.824745178222656}, {'step': 16, 'avg_l2_distance': 2.2033443450927734, 'avg_kl_divergence': 15.485664367675781, 'entropy': 10.824739456176758}, {'step': 17, 'avg_l2_distance': 2.2033443450927734, 'avg_kl_divergence': 15.485664367675781, 'entropy': 10.824729919433594}, {'step': 18, 'avg_l2_distance': 2.2033443450927734, 'avg_kl_divergence': 15.485664367675781, 'entropy': 10.824722290039062}, {'step': 19, 'avg_l2_distance': 2.2033443450927734, 'avg_kl_divergence': 15.485664367675781, 'entropy': 10.824712753295898}, {'step': 20, 'avg_l2_distance': 2.2033443450927734, 'avg_kl_divergence': 15.485664367675781, 'entropy': 10.824702262878418}, {'step': 21, 'avg_l2_distance': 2.2033443450927734, 'avg_kl_divergence': 15.485664367675781, 'entropy': 10.824691772460938}, {'step': 22, 'avg_l2_distance': 2.2033443450927734, 'avg_kl_divergence': 15.485664367675781, 'entropy': 10.824679374694824}, {'step': 23, 'avg_l2_distance': 2.2033443450927734, 'avg_kl_divergence': 15.485664367675781, 'entropy': 10.824664115905762}, {'step': 24, 'avg_l2_distance': 2.2033443450927734, 'avg_kl_divergence': 15.485664367675781, 'entropy': 10.8246488571167}, {'step': 25, 'avg_l2_distance': 2.2033443450927734, 'avg_kl_divergence': 15.485664367675781, 'entropy': 10.824631690979004}, {'step': 26, 'avg_l2_distance': 2.2033443450927734, 'avg_kl_divergence': 15.485664367675781, 'entropy': 10.824612617492676}, {'step': 27, 'avg_l2_distance': 2.2033443450927734, 'avg_kl_divergence': 15.485664367675781, 'entropy': 10.824588775634766}, {'step': 28, 'avg_l2_distance': 2.2033443450927734, 'avg_kl_divergence': 15.485664367675781, 'entropy': 10.824563980102539}, {'step': 29, 'avg_l2_distance': 2.2033443450927734, 'avg_kl_divergence': 15.485664367675781, 'entropy': 10.824535369873047}, {'step': 30, 'avg_l2_distance': 2.2033443450927734, 'avg_kl_divergence': 15.485664367675781, 'entropy': 10.824501037597656}, {'step': 31, 'avg_l2_distance': 2.2033443450927734, 'avg_kl_divergence': 15.485664367675781, 'entropy': 10.824462890625}, {'step': 32, 'avg_l2_distance': 2.2033443450927734, 'avg_kl_divergence': 15.485664367675781, 'entropy': 10.824417114257812}, {'step': 33, 'avg_l2_distance': 2.2033443450927734, 'avg_kl_divergence': 15.485664367675781, 'entropy': 10.824365615844727}, {'step': 34, 'avg_l2_distance': 2.2033443450927734, 'avg_kl_divergence': 15.485664367675781, 'entropy': 10.824300765991211}, {'step': 35, 'avg_l2_distance': 2.2033443450927734, 'avg_kl_divergence': 15.485664367675781, 'entropy': 10.824224472045898}, {'step': 36, 'avg_l2_distance': 2.2033443450927734, 'avg_kl_divergence': 15.485664367675781, 'entropy': 10.824129104614258}, {'step': 37, 'avg_l2_distance': 2.2033443450927734, 'avg_kl_divergence': 15.485664367675781, 'entropy': 10.824014663696289}, {'step': 38, 'avg_l2_distance': 2.2033443450927734, 'avg_kl_divergence': 15.485664367675781, 'entropy': 10.823867797851562}, {'step': 39, 'avg_l2_distance': 2.2033443450927734, 'avg_kl_divergence': 15.485664367675781, 'entropy': 10.82368278503418}, {'step': 40, 'avg_l2_distance': 2.2033443450927734, 'avg_kl_divergence': 15.485664367675781, 'entropy': 10.823436737060547}, {'step': 41, 'avg_l2_distance': 2.5065932273864746, 'avg_kl_divergence': 14.893680572509766, 'entropy': 10.823103904724121}, {'step': 42, 'avg_l2_distance': 2.5065932273864746, 'avg_kl_divergence': 14.893680572509766, 'entropy': 10.823209762573242}, {'step': 43, 'avg_l2_distance': 2.5065932273864746, 'avg_kl_divergence': 14.893680572509766, 'entropy': 10.82269287109375}, {'step': 44, 'avg_l2_distance': 2.5065932273864746, 'avg_kl_divergence': 14.893680572509766, 'entropy': 10.821885108947754}, {'step': 45, 'avg_l2_distance': 2.5065932273864746, 'avg_kl_divergence': 14.893680572509766, 'entropy': 10.820514678955078}, {'step': 46, 'avg_l2_distance': 2.5065932273864746, 'avg_kl_divergence': 14.893680572509766, 'entropy': 10.817877769470215}, {'step': 47, 'avg_l2_distance': 2.5065932273864746, 'avg_kl_divergence': 14.893680572509766, 'entropy': 10.811662673950195}, {'step': 48, 'avg_l2_distance': 2.5065932273864746, 'avg_kl_divergence': 14.893680572509766, 'entropy': 10.789604187011719}, {'step': 49, 'avg_l2_distance': 2.5065932273864746, 'avg_kl_divergence': 14.893680572509766, 'entropy': 10.25780963897705}]",2.5065932273864746,14.893680572509766,0.0
58,policy,True,"[{'step': 0, 'avg_l2_distance': 2.364396095275879, 'avg_kl_divergence': 9.203758239746094, 'entropy': 10.82483959197998}, {'step': 1, 'avg_l2_distance': 2.364396095275879, 'avg_kl_divergence': 9.203758239746094, 'entropy': 10.824837684631348}, {'step': 2, 'avg_l2_distance': 2.156031847000122, 'avg_kl_divergence': 7.496849536895752, 'entropy': 10.824834823608398}, {'step': 3, 'avg_l2_distance': 2.4843573570251465, 'avg_kl_divergence': 8.121870040893555, 'entropy': 10.82478141784668}, {'step': 4, 'avg_l2_distance': 2.460843324661255, 'avg_kl_divergence': 9.70015811920166, 'entropy': 10.824837684631348}, {'step': 5, 'avg_l2_distance': 2.460843324661255, 'avg_kl_divergence': 9.70015811920166, 'entropy': 10.824810028076172}, {'step': 6, 'avg_l2_distance': 1.9474420547485352, 'avg_kl_divergence': 10.711311340332031, 'entropy': 10.824808120727539}, {'step': 7, 'avg_l2_distance': 1.9474420547485352, 'avg_kl_divergence': 10.711311340332031, 'entropy': 10.824766159057617}, {'step': 8, 'avg_l2_distance': 1.9474420547485352, 'avg_kl_divergence': 10.711311340332031, 'entropy': 10.824762344360352}, {'step': 9, 'avg_l2_distance': 1.9474420547485352, 'avg_kl_divergence': 10.711311340332031, 'entropy': 10.82475757598877}, {'step': 10, 'avg_l2_distance': 1.9474420547485352, 'avg_kl_divergence': 10.711311340332031, 'entropy': 10.824752807617188}, {'step': 11, 'avg_l2_distance': 1.9474420547485352, 'avg_kl_divergence': 10.711311340332031, 'entropy': 10.824748039245605}, {'step': 12, 'avg_l2_distance': 1.9474420547485352, 'avg_kl_divergence': 10.711311340332031, 'entropy': 10.824740409851074}, {'step': 13, 'avg_l2_distance': 1.9474420547485352, 'avg_kl_divergence': 10.711311340332031, 'entropy': 10.824735641479492}, {'step': 14, 'avg_l2_distance': 1.9474420547485352, 'avg_kl_divergence': 10.711311340332031, 'entropy': 10.824728012084961}, {'step': 15, 'avg_l2_distance': 1.9474420547485352, 'avg_kl_divergence': 10.711311340332031, 'entropy': 10.82472038269043}, {'step': 16, 'avg_l2_distance': 2.5931549072265625, 'avg_kl_divergence': 8.300219535827637, 'entropy': 10.824711799621582}, {'step': 17, 'avg_l2_distance': 1.769992470741272, 'avg_kl_divergence': 14.11996078491211, 'entropy': 10.824800491333008}, {'step': 18, 'avg_l2_distance': 1.769992470741272, 'avg_kl_divergence': 14.11996078491211, 'entropy': 10.82472038269043}, {'step': 19, 'avg_l2_distance': 2.5219039916992188, 'avg_kl_divergence': 9.601930618286133, 'entropy': 10.824710845947266}, {'step': 20, 'avg_l2_distance': 2.5219039916992188, 'avg_kl_divergence': 9.601930618286133, 'entropy': 10.824729919433594}, {'step': 21, 'avg_l2_distance': 2.119542121887207, 'avg_kl_divergence': 9.07483196258545, 'entropy': 10.82472038269043}, {'step': 22, 'avg_l2_distance': 2.119542121887207, 'avg_kl_divergence': 9.07483196258545, 'entropy': 10.824723243713379}, {'step': 23, 'avg_l2_distance': 2.119542121887207, 'avg_kl_divergence': 9.07483196258545, 'entropy': 10.82470989227295}, {'step': 24, 'avg_l2_distance': 2.119542121887207, 'avg_kl_divergence': 9.07483196258545, 'entropy': 10.82469654083252}, {'step': 25, 'avg_l2_distance': 2.119542121887207, 'avg_kl_divergence': 9.07483196258545, 'entropy': 10.824681282043457}, {'step': 26, 'avg_l2_distance': 1.9598467350006104, 'avg_kl_divergence': 7.562060832977295, 'entropy': 10.824664115905762}, {'step': 27, 'avg_l2_distance': 1.9598467350006104, 'avg_kl_divergence': 7.562060832977295, 'entropy': 10.824520111083984}, {'step': 28, 'avg_l2_distance': 1.9598467350006104, 'avg_kl_divergence': 7.562060832977295, 'entropy': 10.82448959350586}, {'step': 29, 'avg_l2_distance': 1.9598467350006104, 'avg_kl_divergence': 7.562060832977295, 'entropy': 10.824455261230469}, {'step': 30, 'avg_l2_distance': 1.9598467350006104, 'avg_kl_divergence': 7.562060832977295, 'entropy': 10.824417114257812}, {'step': 31, 'avg_l2_distance': 1.9598467350006104, 'avg_kl_divergence': 7.562060832977295, 'entropy': 10.824371337890625}, {'step': 32, 'avg_l2_distance': 1.923398733139038, 'avg_kl_divergence': 5.065614700317383, 'entropy': 10.824317932128906}, {'step': 33, 'avg_l2_distance': 1.923398733139038, 'avg_kl_divergence': 5.065614700317383, 'entropy': 10.824348449707031}, {'step': 34, 'avg_l2_distance': 1.923398733139038, 'avg_kl_divergence': 5.065614700317383, 'entropy': 10.824278831481934}, {'step': 35, 'avg_l2_distance': 1.923398733139038, 'avg_kl_divergence': 5.065614700317383, 'entropy': 10.824193000793457}, {'step': 36, 'avg_l2_distance': 1.923398733139038, 'avg_kl_divergence': 5.065614700317383, 'entropy': 10.824088096618652}, {'step': 37, 'avg_l2_distance': 1.923398733139038, 'avg_kl_divergence': 5.065614700317383, 'entropy': 10.823957443237305}, {'step': 38, 'avg_l2_distance': 1.923398733139038, 'avg_kl_divergence': 5.065614700317383, 'entropy': 10.82379150390625}, {'step': 39, 'avg_l2_distance': 1.923398733139038, 'avg_kl_divergence': 5.065614700317383, 'entropy': 10.823578834533691}, {'step': 40, 'avg_l2_distance': 1.923398733139038, 'avg_kl_divergence': 5.065614700317383, 'entropy': 10.823297500610352}, {'step': 41, 'avg_l2_distance': 1.923398733139038, 'avg_kl_divergence': 5.065614700317383, 'entropy': 10.82291316986084}, {'step': 42, 'avg_l2_distance': 1.923398733139038, 'avg_kl_divergence': 5.065614700317383, 'entropy': 10.822373390197754}, {'step': 43, 'avg_l2_distance': 1.923398733139038, 'avg_kl_divergence': 5.065614700317383, 'entropy': 10.821576118469238}, {'step': 44, 'avg_l2_distance': 1.923398733139038, 'avg_kl_divergence': 5.065614700317383, 'entropy': 10.820328712463379}, {'step': 45, 'avg_l2_distance': 1.923398733139038, 'avg_kl_divergence': 5.065614700317383, 'entropy': 10.81820297241211}, {'step': 46, 'avg_l2_distance': 1.923398733139038, 'avg_kl_divergence': 5.065614700317383, 'entropy': 10.814104080200195}, {'step': 47, 'avg_l2_distance': 1.923398733139038, 'avg_kl_divergence': 5.065614700317383, 'entropy': 10.804397583007812}, {'step': 48, 'avg_l2_distance': 1.923398733139038, 'avg_kl_divergence': 5.065614700317383, 'entropy': 10.770105361938477}, {'step': 49, 'avg_l2_distance': 1.923398733139038, 'avg_kl_divergence': 5.065614700317383, 'entropy': 10.309749603271484}]",1.923398733139038,5.065614700317383,0.0
59,policy,True,"[{'step': 0, 'avg_l2_distance': 2.6650986671447754, 'avg_kl_divergence': 14.918476104736328, 'entropy': 10.82484245300293}, {'step': 1, 'avg_l2_distance': 2.6650986671447754, 'avg_kl_divergence': 14.918476104736328, 'entropy': 10.824823379516602}, {'step': 2, 'avg_l2_distance': 2.6650986671447754, 'avg_kl_divergence': 14.918476104736328, 'entropy': 10.824821472167969}, {'step': 3, 'avg_l2_distance': 3.0976269245147705, 'avg_kl_divergence': 7.961281776428223, 'entropy': 10.82481861114502}, {'step': 4, 'avg_l2_distance': 3.0976269245147705, 'avg_kl_divergence': 7.961281776428223, 'entropy': 10.824840545654297}, {'step': 5, 'avg_l2_distance': 2.420332670211792, 'avg_kl_divergence': 14.059802055358887, 'entropy': 10.824838638305664}, {'step': 6, 'avg_l2_distance': 2.420332670211792, 'avg_kl_divergence': 14.059802055358887, 'entropy': 10.8248291015625}, {'step': 7, 'avg_l2_distance': 2.420332670211792, 'avg_kl_divergence': 14.059802055358887, 'entropy': 10.824825286865234}, {'step': 8, 'avg_l2_distance': 2.69439435005188, 'avg_kl_divergence': 9.63196086883545, 'entropy': 10.824823379516602}, {'step': 9, 'avg_l2_distance': 2.69439435005188, 'avg_kl_divergence': 9.63196086883545, 'entropy': 10.824785232543945}, {'step': 10, 'avg_l2_distance': 2.69439435005188, 'avg_kl_divergence': 9.63196086883545, 'entropy': 10.82478141784668}, {'step': 11, 'avg_l2_distance': 2.69439435005188, 'avg_kl_divergence': 9.63196086883545, 'entropy': 10.824777603149414}, {'step': 12, 'avg_l2_distance': 2.69439435005188, 'avg_kl_divergence': 9.63196086883545, 'entropy': 10.824773788452148}, {'step': 13, 'avg_l2_distance': 2.69439435005188, 'avg_kl_divergence': 9.63196086883545, 'entropy': 10.82476806640625}, {'step': 14, 'avg_l2_distance': 2.69439435005188, 'avg_kl_divergence': 9.63196086883545, 'entropy': 10.824763298034668}, {'step': 15, 'avg_l2_distance': 2.69439435005188, 'avg_kl_divergence': 9.63196086883545, 'entropy': 10.824758529663086}, {'step': 16, 'avg_l2_distance': 2.69439435005188, 'avg_kl_divergence': 9.63196086883545, 'entropy': 10.824752807617188}, {'step': 17, 'avg_l2_distance': 2.69439435005188, 'avg_kl_divergence': 9.63196086883545, 'entropy': 10.824745178222656}, {'step': 18, 'avg_l2_distance': 2.69439435005188, 'avg_kl_divergence': 9.63196086883545, 'entropy': 10.824739456176758}, {'step': 19, 'avg_l2_distance': 2.69439435005188, 'avg_kl_divergence': 9.63196086883545, 'entropy': 10.824731826782227}, {'step': 20, 'avg_l2_distance': 2.69439435005188, 'avg_kl_divergence': 9.63196086883545, 'entropy': 10.824723243713379}, {'step': 21, 'avg_l2_distance': 2.69439435005188, 'avg_kl_divergence': 9.63196086883545, 'entropy': 10.824712753295898}, {'step': 22, 'avg_l2_distance': 2.69439435005188, 'avg_kl_divergence': 9.63196086883545, 'entropy': 10.824703216552734}, {'step': 23, 'avg_l2_distance': 2.69439435005188, 'avg_kl_divergence': 9.63196086883545, 'entropy': 10.824691772460938}, {'step': 24, 'avg_l2_distance': 2.69439435005188, 'avg_kl_divergence': 9.63196086883545, 'entropy': 10.824679374694824}, {'step': 25, 'avg_l2_distance': 2.69439435005188, 'avg_kl_divergence': 9.63196086883545, 'entropy': 10.824665069580078}, {'step': 26, 'avg_l2_distance': 2.69439435005188, 'avg_kl_divergence': 9.63196086883545, 'entropy': 10.824649810791016}, {'step': 27, 'avg_l2_distance': 2.69439435005188, 'avg_kl_divergence': 9.63196086883545, 'entropy': 10.824631690979004}, {'step': 28, 'avg_l2_distance': 2.69439435005188, 'avg_kl_divergence': 9.63196086883545, 'entropy': 10.824610710144043}, {'step': 29, 'avg_l2_distance': 2.69439435005188, 'avg_kl_divergence': 9.63196086883545, 'entropy': 10.824586868286133}, {'step': 30, 'avg_l2_distance': 2.69439435005188, 'avg_kl_divergence': 9.63196086883545, 'entropy': 10.824560165405273}, {'step': 31, 'avg_l2_distance': 2.69439435005188, 'avg_kl_divergence': 9.63196086883545, 'entropy': 10.824528694152832}, {'step': 32, 'avg_l2_distance': 2.69439435005188, 'avg_kl_divergence': 9.63196086883545, 'entropy': 10.824492454528809}, {'step': 33, 'avg_l2_distance': 2.69439435005188, 'avg_kl_divergence': 9.63196086883545, 'entropy': 10.82444953918457}, {'step': 34, 'avg_l2_distance': 2.69439435005188, 'avg_kl_divergence': 9.63196086883545, 'entropy': 10.824398040771484}, {'step': 35, 'avg_l2_distance': 2.69439435005188, 'avg_kl_divergence': 9.63196086883545, 'entropy': 10.824337005615234}, {'step': 36, 'avg_l2_distance': 2.871058940887451, 'avg_kl_divergence': 1.0937011241912842, 'entropy': 10.824261665344238}, {'step': 37, 'avg_l2_distance': 2.871058940887451, 'avg_kl_divergence': 1.0937011241912842, 'entropy': 10.82422161102295}, {'step': 38, 'avg_l2_distance': 2.871058940887451, 'avg_kl_divergence': 1.0937011241912842, 'entropy': 10.824109077453613}, {'step': 39, 'avg_l2_distance': 2.871058940887451, 'avg_kl_divergence': 1.0937011241912842, 'entropy': 10.823966979980469}, {'step': 40, 'avg_l2_distance': 2.871058940887451, 'avg_kl_divergence': 1.0937011241912842, 'entropy': 10.823776245117188}, {'step': 41, 'avg_l2_distance': 2.871058940887451, 'avg_kl_divergence': 1.0937011241912842, 'entropy': 10.82352066040039}, {'step': 42, 'avg_l2_distance': 2.871058940887451, 'avg_kl_divergence': 1.0937011241912842, 'entropy': 10.823161125183105}, {'step': 43, 'avg_l2_distance': 2.871058940887451, 'avg_kl_divergence': 1.0937011241912842, 'entropy': 10.8226318359375}, {'step': 44, 'avg_l2_distance': 2.871058940887451, 'avg_kl_divergence': 1.0937011241912842, 'entropy': 10.821806907653809}, {'step': 45, 'avg_l2_distance': 2.871058940887451, 'avg_kl_divergence': 1.0937011241912842, 'entropy': 10.82040786743164}, {'step': 46, 'avg_l2_distance': 2.871058940887451, 'avg_kl_divergence': 1.0937011241912842, 'entropy': 10.817720413208008}, {'step': 47, 'avg_l2_distance': 2.871058940887451, 'avg_kl_divergence': 1.0937011241912842, 'entropy': 10.81137466430664}, {'step': 48, 'avg_l2_distance': 2.871058940887451, 'avg_kl_divergence': 1.0937011241912842, 'entropy': 10.788701057434082}, {'step': 49, 'avg_l2_distance': 2.871058940887451, 'avg_kl_divergence': 1.0937011241912842, 'entropy': 10.130577087402344}]",2.871058940887451,1.0937011241912842,0.0
60,policy,True,"[{'step': 0, 'avg_l2_distance': 2.6918787956237793, 'avg_kl_divergence': 14.530265808105469, 'entropy': 10.824819564819336}, {'step': 1, 'avg_l2_distance': 2.374490976333618, 'avg_kl_divergence': 7.171414375305176, 'entropy': 10.824817657470703}, {'step': 2, 'avg_l2_distance': 2.374490976333618, 'avg_kl_divergence': 7.171414375305176, 'entropy': 10.824832916259766}, {'step': 3, 'avg_l2_distance': 2.374490976333618, 'avg_kl_divergence': 7.171414375305176, 'entropy': 10.82483196258545}, {'step': 4, 'avg_l2_distance': 2.374490976333618, 'avg_kl_divergence': 7.171414375305176, 'entropy': 10.824830055236816}, {'step': 5, 'avg_l2_distance': 2.374490976333618, 'avg_kl_divergence': 7.171414375305176, 'entropy': 10.824828147888184}, {'step': 6, 'avg_l2_distance': 2.374490976333618, 'avg_kl_divergence': 7.171414375305176, 'entropy': 10.824825286865234}, {'step': 7, 'avg_l2_distance': 2.374490976333618, 'avg_kl_divergence': 7.171414375305176, 'entropy': 10.824823379516602}, {'step': 8, 'avg_l2_distance': 2.374490976333618, 'avg_kl_divergence': 7.171414375305176, 'entropy': 10.824821472167969}, {'step': 9, 'avg_l2_distance': 2.374490976333618, 'avg_kl_divergence': 7.171414375305176, 'entropy': 10.82481861114502}, {'step': 10, 'avg_l2_distance': 2.374490976333618, 'avg_kl_divergence': 7.171414375305176, 'entropy': 10.82481575012207}, {'step': 11, 'avg_l2_distance': 2.374490976333618, 'avg_kl_divergence': 7.171414375305176, 'entropy': 10.824812889099121}, {'step': 12, 'avg_l2_distance': 2.374490976333618, 'avg_kl_divergence': 7.171414375305176, 'entropy': 10.824809074401855}, {'step': 13, 'avg_l2_distance': 2.374490976333618, 'avg_kl_divergence': 7.171414375305176, 'entropy': 10.824806213378906}, {'step': 14, 'avg_l2_distance': 2.374490976333618, 'avg_kl_divergence': 7.171414375305176, 'entropy': 10.82480239868164}, {'step': 15, 'avg_l2_distance': 2.374490976333618, 'avg_kl_divergence': 7.171414375305176, 'entropy': 10.824796676635742}, {'step': 16, 'avg_l2_distance': 2.374490976333618, 'avg_kl_divergence': 7.171414375305176, 'entropy': 10.824792861938477}, {'step': 17, 'avg_l2_distance': 2.374490976333618, 'avg_kl_divergence': 7.171414375305176, 'entropy': 10.824788093566895}, {'step': 18, 'avg_l2_distance': 2.374490976333618, 'avg_kl_divergence': 7.171414375305176, 'entropy': 10.82478141784668}, {'step': 19, 'avg_l2_distance': 2.374490976333618, 'avg_kl_divergence': 7.171414375305176, 'entropy': 10.824775695800781}, {'step': 20, 'avg_l2_distance': 2.374490976333618, 'avg_kl_divergence': 7.171414375305176, 'entropy': 10.82476806640625}, {'step': 21, 'avg_l2_distance': 2.374490976333618, 'avg_kl_divergence': 7.171414375305176, 'entropy': 10.824760437011719}, {'step': 22, 'avg_l2_distance': 2.374490976333618, 'avg_kl_divergence': 7.171414375305176, 'entropy': 10.824752807617188}, {'step': 23, 'avg_l2_distance': 2.374490976333618, 'avg_kl_divergence': 7.171414375305176, 'entropy': 10.824742317199707}, {'step': 24, 'avg_l2_distance': 2.374490976333618, 'avg_kl_divergence': 7.171414375305176, 'entropy': 10.824729919433594}, {'step': 25, 'avg_l2_distance': 2.374490976333618, 'avg_kl_divergence': 7.171414375305176, 'entropy': 10.824718475341797}, {'step': 26, 'avg_l2_distance': 2.374490976333618, 'avg_kl_divergence': 7.171414375305176, 'entropy': 10.82470417022705}, {'step': 27, 'avg_l2_distance': 2.374490976333618, 'avg_kl_divergence': 7.171414375305176, 'entropy': 10.824687957763672}, {'step': 28, 'avg_l2_distance': 2.374490976333618, 'avg_kl_divergence': 7.171414375305176, 'entropy': 10.82466983795166}, {'step': 29, 'avg_l2_distance': 2.374490976333618, 'avg_kl_divergence': 7.171414375305176, 'entropy': 10.824647903442383}, {'step': 30, 'avg_l2_distance': 2.374490976333618, 'avg_kl_divergence': 7.171414375305176, 'entropy': 10.824625015258789}, {'step': 31, 'avg_l2_distance': 2.374490976333618, 'avg_kl_divergence': 7.171414375305176, 'entropy': 10.824596405029297}, {'step': 32, 'avg_l2_distance': 2.374490976333618, 'avg_kl_divergence': 7.171414375305176, 'entropy': 10.824563026428223}, {'step': 33, 'avg_l2_distance': 2.374490976333618, 'avg_kl_divergence': 7.171414375305176, 'entropy': 10.82452392578125}, {'step': 34, 'avg_l2_distance': 2.374490976333618, 'avg_kl_divergence': 7.171414375305176, 'entropy': 10.824475288391113}, {'step': 35, 'avg_l2_distance': 2.374490976333618, 'avg_kl_divergence': 7.171414375305176, 'entropy': 10.824417114257812}, {'step': 36, 'avg_l2_distance': 2.374490976333618, 'avg_kl_divergence': 7.171414375305176, 'entropy': 10.824345588684082}, {'step': 37, 'avg_l2_distance': 2.374490976333618, 'avg_kl_divergence': 7.171414375305176, 'entropy': 10.824256896972656}, {'step': 38, 'avg_l2_distance': 2.374490976333618, 'avg_kl_divergence': 7.171414375305176, 'entropy': 10.824142456054688}, {'step': 39, 'avg_l2_distance': 2.374490976333618, 'avg_kl_divergence': 7.171414375305176, 'entropy': 10.823997497558594}, {'step': 40, 'avg_l2_distance': 2.374490976333618, 'avg_kl_divergence': 7.171414375305176, 'entropy': 10.823802947998047}, {'step': 41, 'avg_l2_distance': 2.374490976333618, 'avg_kl_divergence': 7.171414375305176, 'entropy': 10.823538780212402}, {'step': 42, 'avg_l2_distance': 2.374490976333618, 'avg_kl_divergence': 7.171414375305176, 'entropy': 10.823164939880371}, {'step': 43, 'avg_l2_distance': 2.374490976333618, 'avg_kl_divergence': 7.171414375305176, 'entropy': 10.822612762451172}, {'step': 44, 'avg_l2_distance': 2.1680305004119873, 'avg_kl_divergence': 9.746416091918945, 'entropy': 10.821741104125977}, {'step': 45, 'avg_l2_distance': 2.1680305004119873, 'avg_kl_divergence': 9.746416091918945, 'entropy': 10.818244934082031}, {'step': 46, 'avg_l2_distance': 2.1680305004119873, 'avg_kl_divergence': 9.746416091918945, 'entropy': 10.814163208007812}, {'step': 47, 'avg_l2_distance': 2.1680305004119873, 'avg_kl_divergence': 9.746416091918945, 'entropy': 10.804494857788086}, {'step': 48, 'avg_l2_distance': 2.1680305004119873, 'avg_kl_divergence': 9.746416091918945, 'entropy': 10.770240783691406}, {'step': 49, 'avg_l2_distance': 2.1680305004119873, 'avg_kl_divergence': 9.746416091918945, 'entropy': 10.295829772949219}]",2.1680305004119873,9.746416091918945,0.0
61,policy,True,"[{'step': 0, 'avg_l2_distance': 2.3275294303894043, 'avg_kl_divergence': 9.515350341796875, 'entropy': 10.824825286865234}, {'step': 1, 'avg_l2_distance': 2.6029162406921387, 'avg_kl_divergence': 7.701470851898193, 'entropy': 10.824825286865234}, {'step': 2, 'avg_l2_distance': 2.6029162406921387, 'avg_kl_divergence': 7.701470851898193, 'entropy': 10.8248291015625}, {'step': 3, 'avg_l2_distance': 2.2859349250793457, 'avg_kl_divergence': 5.173859596252441, 'entropy': 10.824827194213867}, {'step': 4, 'avg_l2_distance': 2.2859349250793457, 'avg_kl_divergence': 5.173859596252441, 'entropy': 10.824824333190918}, {'step': 5, 'avg_l2_distance': 2.396519899368286, 'avg_kl_divergence': 9.702024459838867, 'entropy': 10.824821472167969}, {'step': 6, 'avg_l2_distance': 2.396519899368286, 'avg_kl_divergence': 9.702024459838867, 'entropy': 10.824790954589844}, {'step': 7, 'avg_l2_distance': 2.3952455520629883, 'avg_kl_divergence': 5.93067741394043, 'entropy': 10.824787139892578}, {'step': 8, 'avg_l2_distance': 2.695587158203125, 'avg_kl_divergence': 2.3255999088287354, 'entropy': 10.824739456176758}, {'step': 9, 'avg_l2_distance': 2.695587158203125, 'avg_kl_divergence': 2.3255999088287354, 'entropy': 10.824783325195312}, {'step': 10, 'avg_l2_distance': 2.695587158203125, 'avg_kl_divergence': 2.3255999088287354, 'entropy': 10.824779510498047}, {'step': 11, 'avg_l2_distance': 2.695587158203125, 'avg_kl_divergence': 2.3255999088287354, 'entropy': 10.824775695800781}, {'step': 12, 'avg_l2_distance': 2.695587158203125, 'avg_kl_divergence': 2.3255999088287354, 'entropy': 10.824771881103516}, {'step': 13, 'avg_l2_distance': 2.695587158203125, 'avg_kl_divergence': 2.3255999088287354, 'entropy': 10.824766159057617}, {'step': 14, 'avg_l2_distance': 2.695587158203125, 'avg_kl_divergence': 2.3255999088287354, 'entropy': 10.824761390686035}, {'step': 15, 'avg_l2_distance': 2.695587158203125, 'avg_kl_divergence': 2.3255999088287354, 'entropy': 10.824755668640137}, {'step': 16, 'avg_l2_distance': 2.695587158203125, 'avg_kl_divergence': 2.3255999088287354, 'entropy': 10.824750900268555}, {'step': 17, 'avg_l2_distance': 2.695587158203125, 'avg_kl_divergence': 2.3255999088287354, 'entropy': 10.824743270874023}, {'step': 18, 'avg_l2_distance': 2.695587158203125, 'avg_kl_divergence': 2.3255999088287354, 'entropy': 10.824735641479492}, {'step': 19, 'avg_l2_distance': 2.695587158203125, 'avg_kl_divergence': 2.3255999088287354, 'entropy': 10.824728012084961}, {'step': 20, 'avg_l2_distance': 2.695587158203125, 'avg_kl_divergence': 2.3255999088287354, 'entropy': 10.824719429016113}, {'step': 21, 'avg_l2_distance': 2.695587158203125, 'avg_kl_divergence': 2.3255999088287354, 'entropy': 10.824708938598633}, {'step': 22, 'avg_l2_distance': 2.695587158203125, 'avg_kl_divergence': 2.3255999088287354, 'entropy': 10.824697494506836}, {'step': 23, 'avg_l2_distance': 2.695587158203125, 'avg_kl_divergence': 2.3255999088287354, 'entropy': 10.824687004089355}, {'step': 24, 'avg_l2_distance': 2.695587158203125, 'avg_kl_divergence': 2.3255999088287354, 'entropy': 10.82467269897461}, {'step': 25, 'avg_l2_distance': 2.695587158203125, 'avg_kl_divergence': 2.3255999088287354, 'entropy': 10.824657440185547}, {'step': 26, 'avg_l2_distance': 2.695587158203125, 'avg_kl_divergence': 2.3255999088287354, 'entropy': 10.824642181396484}, {'step': 27, 'avg_l2_distance': 2.695587158203125, 'avg_kl_divergence': 2.3255999088287354, 'entropy': 10.824621200561523}, {'step': 28, 'avg_l2_distance': 2.695587158203125, 'avg_kl_divergence': 2.3255999088287354, 'entropy': 10.824600219726562}, {'step': 29, 'avg_l2_distance': 2.695587158203125, 'avg_kl_divergence': 2.3255999088287354, 'entropy': 10.824575424194336}, {'step': 30, 'avg_l2_distance': 2.695587158203125, 'avg_kl_divergence': 2.3255999088287354, 'entropy': 10.82454776763916}, {'step': 31, 'avg_l2_distance': 2.695587158203125, 'avg_kl_divergence': 2.3255999088287354, 'entropy': 10.824514389038086}, {'step': 32, 'avg_l2_distance': 2.695587158203125, 'avg_kl_divergence': 2.3255999088287354, 'entropy': 10.82447624206543}, {'step': 33, 'avg_l2_distance': 2.695587158203125, 'avg_kl_divergence': 2.3255999088287354, 'entropy': 10.824430465698242}, {'step': 34, 'avg_l2_distance': 2.695587158203125, 'avg_kl_divergence': 2.3255999088287354, 'entropy': 10.824377059936523}, {'step': 35, 'avg_l2_distance': 2.695587158203125, 'avg_kl_divergence': 2.3255999088287354, 'entropy': 10.824312210083008}, {'step': 36, 'avg_l2_distance': 2.695587158203125, 'avg_kl_divergence': 2.3255999088287354, 'entropy': 10.824233055114746}, {'step': 37, 'avg_l2_distance': 2.695587158203125, 'avg_kl_divergence': 2.3255999088287354, 'entropy': 10.824132919311523}, {'step': 38, 'avg_l2_distance': 2.695587158203125, 'avg_kl_divergence': 2.3255999088287354, 'entropy': 10.824010848999023}, {'step': 39, 'avg_l2_distance': 2.695587158203125, 'avg_kl_divergence': 2.3255999088287354, 'entropy': 10.823854446411133}, {'step': 40, 'avg_l2_distance': 2.695587158203125, 'avg_kl_divergence': 2.3255999088287354, 'entropy': 10.823644638061523}, {'step': 41, 'avg_l2_distance': 2.695587158203125, 'avg_kl_divergence': 2.3255999088287354, 'entropy': 10.823362350463867}, {'step': 42, 'avg_l2_distance': 2.695587158203125, 'avg_kl_divergence': 2.3255999088287354, 'entropy': 10.822967529296875}, {'step': 43, 'avg_l2_distance': 2.695587158203125, 'avg_kl_divergence': 2.3255999088287354, 'entropy': 10.8223876953125}, {'step': 44, 'avg_l2_distance': 2.695587158203125, 'avg_kl_divergence': 2.3255999088287354, 'entropy': 10.821483612060547}, {'step': 45, 'avg_l2_distance': 2.695587158203125, 'avg_kl_divergence': 2.3255999088287354, 'entropy': 10.819955825805664}, {'step': 46, 'avg_l2_distance': 2.695587158203125, 'avg_kl_divergence': 2.3255999088287354, 'entropy': 10.817031860351562}, {'step': 47, 'avg_l2_distance': 2.695587158203125, 'avg_kl_divergence': 2.3255999088287354, 'entropy': 10.810188293457031}, {'step': 48, 'avg_l2_distance': 2.695587158203125, 'avg_kl_divergence': 2.3255999088287354, 'entropy': 10.786297798156738}, {'step': 49, 'avg_l2_distance': 2.695587158203125, 'avg_kl_divergence': 2.3255999088287354, 'entropy': 9.94843864440918}]",2.695587158203125,2.3255999088287354,0.0
62,policy,True,"[{'step': 0, 'avg_l2_distance': 2.943166494369507, 'avg_kl_divergence': 1.9331740140914917, 'entropy': 10.824836730957031}, {'step': 1, 'avg_l2_distance': 2.943166494369507, 'avg_kl_divergence': 1.9331740140914917, 'entropy': 10.8248291015625}, {'step': 2, 'avg_l2_distance': 2.943166494369507, 'avg_kl_divergence': 1.9331740140914917, 'entropy': 10.824827194213867}, {'step': 3, 'avg_l2_distance': 2.872258424758911, 'avg_kl_divergence': 2.2380752563476562, 'entropy': 10.824825286865234}, {'step': 4, 'avg_l2_distance': 2.2615506649017334, 'avg_kl_divergence': 4.400583744049072, 'entropy': 10.824769973754883}, {'step': 5, 'avg_l2_distance': 2.2615506649017334, 'avg_kl_divergence': 4.400583744049072, 'entropy': 10.824830055236816}, {'step': 6, 'avg_l2_distance': 2.2615506649017334, 'avg_kl_divergence': 4.400583744049072, 'entropy': 10.824827194213867}, {'step': 7, 'avg_l2_distance': 2.2615506649017334, 'avg_kl_divergence': 4.400583744049072, 'entropy': 10.824825286865234}, {'step': 8, 'avg_l2_distance': 2.2615506649017334, 'avg_kl_divergence': 4.400583744049072, 'entropy': 10.824823379516602}, {'step': 9, 'avg_l2_distance': 2.4189393520355225, 'avg_kl_divergence': 3.514573812484741, 'entropy': 10.824820518493652}, {'step': 10, 'avg_l2_distance': 2.4189393520355225, 'avg_kl_divergence': 3.514573812484741, 'entropy': 10.824817657470703}, {'step': 11, 'avg_l2_distance': 2.4189393520355225, 'avg_kl_divergence': 3.514573812484741, 'entropy': 10.824816703796387}, {'step': 12, 'avg_l2_distance': 2.4189393520355225, 'avg_kl_divergence': 3.514573812484741, 'entropy': 10.824813842773438}, {'step': 13, 'avg_l2_distance': 2.4189393520355225, 'avg_kl_divergence': 3.514573812484741, 'entropy': 10.824811935424805}, {'step': 14, 'avg_l2_distance': 2.4189393520355225, 'avg_kl_divergence': 3.514573812484741, 'entropy': 10.824810028076172}, {'step': 15, 'avg_l2_distance': 2.4189393520355225, 'avg_kl_divergence': 3.514573812484741, 'entropy': 10.824806213378906}, {'step': 16, 'avg_l2_distance': 2.4189393520355225, 'avg_kl_divergence': 3.514573812484741, 'entropy': 10.824803352355957}, {'step': 17, 'avg_l2_distance': 2.4189393520355225, 'avg_kl_divergence': 3.514573812484741, 'entropy': 10.824798583984375}, {'step': 18, 'avg_l2_distance': 2.4189393520355225, 'avg_kl_divergence': 3.514573812484741, 'entropy': 10.824793815612793}, {'step': 19, 'avg_l2_distance': 2.4189393520355225, 'avg_kl_divergence': 3.514573812484741, 'entropy': 10.824789047241211}, {'step': 20, 'avg_l2_distance': 2.611254930496216, 'avg_kl_divergence': 4.460994720458984, 'entropy': 10.824785232543945}, {'step': 21, 'avg_l2_distance': 2.611254930496216, 'avg_kl_divergence': 4.460994720458984, 'entropy': 10.82472038269043}, {'step': 22, 'avg_l2_distance': 2.611254930496216, 'avg_kl_divergence': 4.460994720458984, 'entropy': 10.824708938598633}, {'step': 23, 'avg_l2_distance': 2.611254930496216, 'avg_kl_divergence': 4.460994720458984, 'entropy': 10.824697494506836}, {'step': 24, 'avg_l2_distance': 2.611254930496216, 'avg_kl_divergence': 4.460994720458984, 'entropy': 10.824686050415039}, {'step': 25, 'avg_l2_distance': 2.611254930496216, 'avg_kl_divergence': 4.460994720458984, 'entropy': 10.82467269897461}, {'step': 26, 'avg_l2_distance': 2.611254930496216, 'avg_kl_divergence': 4.460994720458984, 'entropy': 10.824657440185547}, {'step': 27, 'avg_l2_distance': 2.611254930496216, 'avg_kl_divergence': 4.460994720458984, 'entropy': 10.824640274047852}, {'step': 28, 'avg_l2_distance': 2.611254930496216, 'avg_kl_divergence': 4.460994720458984, 'entropy': 10.82461929321289}, {'step': 29, 'avg_l2_distance': 2.611254930496216, 'avg_kl_divergence': 4.460994720458984, 'entropy': 10.82459831237793}, {'step': 30, 'avg_l2_distance': 2.611254930496216, 'avg_kl_divergence': 4.460994720458984, 'entropy': 10.824570655822754}, {'step': 31, 'avg_l2_distance': 2.611254930496216, 'avg_kl_divergence': 4.460994720458984, 'entropy': 10.824541091918945}, {'step': 32, 'avg_l2_distance': 2.611254930496216, 'avg_kl_divergence': 4.460994720458984, 'entropy': 10.824504852294922}, {'step': 33, 'avg_l2_distance': 2.611254930496216, 'avg_kl_divergence': 4.460994720458984, 'entropy': 10.824463844299316}, {'step': 34, 'avg_l2_distance': 2.611254930496216, 'avg_kl_divergence': 4.460994720458984, 'entropy': 10.824414253234863}, {'step': 35, 'avg_l2_distance': 2.611254930496216, 'avg_kl_divergence': 4.460994720458984, 'entropy': 10.82435417175293}, {'step': 36, 'avg_l2_distance': 2.611254930496216, 'avg_kl_divergence': 4.460994720458984, 'entropy': 10.824281692504883}, {'step': 37, 'avg_l2_distance': 2.611254930496216, 'avg_kl_divergence': 4.460994720458984, 'entropy': 10.82419204711914}, {'step': 38, 'avg_l2_distance': 2.611254930496216, 'avg_kl_divergence': 4.460994720458984, 'entropy': 10.824077606201172}, {'step': 39, 'avg_l2_distance': 2.611254930496216, 'avg_kl_divergence': 4.460994720458984, 'entropy': 10.823931694030762}, {'step': 40, 'avg_l2_distance': 2.611254930496216, 'avg_kl_divergence': 4.460994720458984, 'entropy': 10.823740005493164}, {'step': 41, 'avg_l2_distance': 2.611254930496216, 'avg_kl_divergence': 4.460994720458984, 'entropy': 10.823480606079102}, {'step': 42, 'avg_l2_distance': 2.611254930496216, 'avg_kl_divergence': 4.460994720458984, 'entropy': 10.823118209838867}, {'step': 43, 'avg_l2_distance': 2.611254930496216, 'avg_kl_divergence': 4.460994720458984, 'entropy': 10.82258415222168}, {'step': 44, 'avg_l2_distance': 2.611254930496216, 'avg_kl_divergence': 4.460994720458984, 'entropy': 10.82175064086914}, {'step': 45, 'avg_l2_distance': 2.611254930496216, 'avg_kl_divergence': 4.460994720458984, 'entropy': 10.82033920288086}, {'step': 46, 'avg_l2_distance': 2.611254930496216, 'avg_kl_divergence': 4.460994720458984, 'entropy': 10.817638397216797}, {'step': 47, 'avg_l2_distance': 2.611254930496216, 'avg_kl_divergence': 4.460994720458984, 'entropy': 10.811296463012695}, {'step': 48, 'avg_l2_distance': 2.611254930496216, 'avg_kl_divergence': 4.460994720458984, 'entropy': 10.789070129394531}, {'step': 49, 'avg_l2_distance': 2.611254930496216, 'avg_kl_divergence': 4.460994720458984, 'entropy': 10.313486099243164}]",2.611254930496216,4.460994720458984,0.0
63,policy,True,"[{'step': 0, 'avg_l2_distance': 2.2105960845947266, 'avg_kl_divergence': 4.948767185211182, 'entropy': 10.824819564819336}, {'step': 1, 'avg_l2_distance': 2.2105960845947266, 'avg_kl_divergence': 4.948767185211182, 'entropy': 10.824816703796387}, {'step': 2, 'avg_l2_distance': 2.2105960845947266, 'avg_kl_divergence': 4.948767185211182, 'entropy': 10.82481575012207}, {'step': 3, 'avg_l2_distance': 2.2105960845947266, 'avg_kl_divergence': 4.948767185211182, 'entropy': 10.824811935424805}, {'step': 4, 'avg_l2_distance': 2.2105960845947266, 'avg_kl_divergence': 4.948767185211182, 'entropy': 10.824810028076172}, {'step': 5, 'avg_l2_distance': 2.2105960845947266, 'avg_kl_divergence': 4.948767185211182, 'entropy': 10.824808120727539}, {'step': 6, 'avg_l2_distance': 2.2105960845947266, 'avg_kl_divergence': 4.948767185211182, 'entropy': 10.824804306030273}, {'step': 7, 'avg_l2_distance': 2.2105960845947266, 'avg_kl_divergence': 4.948767185211182, 'entropy': 10.824801445007324}, {'step': 8, 'avg_l2_distance': 2.2105960845947266, 'avg_kl_divergence': 4.948767185211182, 'entropy': 10.824798583984375}, {'step': 9, 'avg_l2_distance': 2.2105960845947266, 'avg_kl_divergence': 4.948767185211182, 'entropy': 10.82479476928711}, {'step': 10, 'avg_l2_distance': 2.2105960845947266, 'avg_kl_divergence': 4.948767185211182, 'entropy': 10.824789047241211}, {'step': 11, 'avg_l2_distance': 2.3727123737335205, 'avg_kl_divergence': 8.179839134216309, 'entropy': 10.824786186218262}, {'step': 12, 'avg_l2_distance': 2.3727123737335205, 'avg_kl_divergence': 8.179839134216309, 'entropy': 10.824755668640137}, {'step': 13, 'avg_l2_distance': 2.3727123737335205, 'avg_kl_divergence': 8.179839134216309, 'entropy': 10.824749946594238}, {'step': 14, 'avg_l2_distance': 2.450752019882202, 'avg_kl_divergence': 7.631417274475098, 'entropy': 10.824743270874023}, {'step': 15, 'avg_l2_distance': 2.2893784046173096, 'avg_kl_divergence': 5.4384870529174805, 'entropy': 10.824786186218262}, {'step': 16, 'avg_l2_distance': 2.2893784046173096, 'avg_kl_divergence': 5.4384870529174805, 'entropy': 10.824750900268555}, {'step': 17, 'avg_l2_distance': 2.3376429080963135, 'avg_kl_divergence': 5.490792274475098, 'entropy': 10.824745178222656}, {'step': 18, 'avg_l2_distance': 2.1745400428771973, 'avg_kl_divergence': 9.741211891174316, 'entropy': 10.824729919433594}, {'step': 19, 'avg_l2_distance': 2.1745400428771973, 'avg_kl_divergence': 9.741211891174316, 'entropy': 10.82472038269043}, {'step': 20, 'avg_l2_distance': 2.1745400428771973, 'avg_kl_divergence': 9.741211891174316, 'entropy': 10.824708938598633}, {'step': 21, 'avg_l2_distance': 2.568371057510376, 'avg_kl_divergence': 4.174944877624512, 'entropy': 10.824697494506836}, {'step': 22, 'avg_l2_distance': 2.568371057510376, 'avg_kl_divergence': 4.174944877624512, 'entropy': 10.824774742126465}, {'step': 23, 'avg_l2_distance': 2.0710976123809814, 'avg_kl_divergence': 7.923877716064453, 'entropy': 10.824766159057617}, {'step': 24, 'avg_l2_distance': 2.0710976123809814, 'avg_kl_divergence': 7.923877716064453, 'entropy': 10.824584007263184}, {'step': 25, 'avg_l2_distance': 2.0710976123809814, 'avg_kl_divergence': 7.923877716064453, 'entropy': 10.824560165405273}, {'step': 26, 'avg_l2_distance': 2.0710976123809814, 'avg_kl_divergence': 7.923877716064453, 'entropy': 10.824533462524414}, {'step': 27, 'avg_l2_distance': 2.0710976123809814, 'avg_kl_divergence': 7.923877716064453, 'entropy': 10.824502944946289}, {'step': 28, 'avg_l2_distance': 2.4756698608398438, 'avg_kl_divergence': 4.736753463745117, 'entropy': 10.824468612670898}, {'step': 29, 'avg_l2_distance': 2.4756698608398438, 'avg_kl_divergence': 4.736753463745117, 'entropy': 10.824604034423828}, {'step': 30, 'avg_l2_distance': 2.4756698608398438, 'avg_kl_divergence': 4.736753463745117, 'entropy': 10.824577331542969}, {'step': 31, 'avg_l2_distance': 2.4756698608398438, 'avg_kl_divergence': 4.736753463745117, 'entropy': 10.824544906616211}, {'step': 32, 'avg_l2_distance': 2.4756698608398438, 'avg_kl_divergence': 4.736753463745117, 'entropy': 10.824506759643555}, {'step': 33, 'avg_l2_distance': 2.4780638217926025, 'avg_kl_divergence': 3.3070900440216064, 'entropy': 10.824461936950684}, {'step': 34, 'avg_l2_distance': 2.4780638217926025, 'avg_kl_divergence': 3.3070900440216064, 'entropy': 10.824556350708008}, {'step': 35, 'avg_l2_distance': 2.4780638217926025, 'avg_kl_divergence': 3.3070900440216064, 'entropy': 10.824504852294922}, {'step': 36, 'avg_l2_distance': 2.4780638217926025, 'avg_kl_divergence': 3.3070900440216064, 'entropy': 10.824441909790039}, {'step': 37, 'avg_l2_distance': 2.4780638217926025, 'avg_kl_divergence': 3.3070900440216064, 'entropy': 10.824360847473145}, {'step': 38, 'avg_l2_distance': 2.4780638217926025, 'avg_kl_divergence': 3.3070900440216064, 'entropy': 10.824259757995605}, {'step': 39, 'avg_l2_distance': 2.4780638217926025, 'avg_kl_divergence': 3.3070900440216064, 'entropy': 10.824125289916992}, {'step': 40, 'avg_l2_distance': 2.4780638217926025, 'avg_kl_divergence': 3.3070900440216064, 'entropy': 10.82394790649414}, {'step': 41, 'avg_l2_distance': 2.4780638217926025, 'avg_kl_divergence': 3.3070900440216064, 'entropy': 10.823704719543457}, {'step': 42, 'avg_l2_distance': 2.4780638217926025, 'avg_kl_divergence': 3.3070900440216064, 'entropy': 10.823356628417969}, {'step': 43, 'avg_l2_distance': 2.4780638217926025, 'avg_kl_divergence': 3.3070900440216064, 'entropy': 10.822843551635742}, {'step': 44, 'avg_l2_distance': 2.4780638217926025, 'avg_kl_divergence': 3.3070900440216064, 'entropy': 10.82203197479248}, {'step': 45, 'avg_l2_distance': 2.4780638217926025, 'avg_kl_divergence': 3.3070900440216064, 'entropy': 10.82064437866211}, {'step': 46, 'avg_l2_distance': 2.4780638217926025, 'avg_kl_divergence': 3.3070900440216064, 'entropy': 10.817965507507324}, {'step': 47, 'avg_l2_distance': 2.4780638217926025, 'avg_kl_divergence': 3.3070900440216064, 'entropy': 10.811635971069336}, {'step': 48, 'avg_l2_distance': 2.4780638217926025, 'avg_kl_divergence': 3.3070900440216064, 'entropy': 10.789350509643555}, {'step': 49, 'avg_l2_distance': 2.4780638217926025, 'avg_kl_divergence': 3.3070900440216064, 'entropy': 10.220819473266602}]",2.4780638217926025,3.3070900440216064,0.0
64,policy,True,"[{'step': 0, 'avg_l2_distance': 2.875171184539795, 'avg_kl_divergence': 3.7625701427459717, 'entropy': 10.824816703796387}, {'step': 1, 'avg_l2_distance': 3.071528434753418, 'avg_kl_divergence': 3.5512290000915527, 'entropy': 10.824814796447754}, {'step': 2, 'avg_l2_distance': 2.75872540473938, 'avg_kl_divergence': 1.1695196628570557, 'entropy': 10.824848175048828}, {'step': 3, 'avg_l2_distance': 2.83628249168396, 'avg_kl_divergence': 7.609455585479736, 'entropy': 10.82480239868164}, {'step': 4, 'avg_l2_distance': 2.83628249168396, 'avg_kl_divergence': 7.609455585479736, 'entropy': 10.824800491333008}, {'step': 5, 'avg_l2_distance': 2.83628249168396, 'avg_kl_divergence': 7.609455585479736, 'entropy': 10.824798583984375}, {'step': 6, 'avg_l2_distance': 2.678807497024536, 'avg_kl_divergence': 8.9691162109375, 'entropy': 10.824793815612793}, {'step': 7, 'avg_l2_distance': 2.678807497024536, 'avg_kl_divergence': 8.9691162109375, 'entropy': 10.824731826782227}, {'step': 8, 'avg_l2_distance': 2.678807497024536, 'avg_kl_divergence': 8.9691162109375, 'entropy': 10.824726104736328}, {'step': 9, 'avg_l2_distance': 2.678807497024536, 'avg_kl_divergence': 8.9691162109375, 'entropy': 10.824721336364746}, {'step': 10, 'avg_l2_distance': 2.678807497024536, 'avg_kl_divergence': 8.9691162109375, 'entropy': 10.824716567993164}, {'step': 11, 'avg_l2_distance': 2.678807497024536, 'avg_kl_divergence': 8.9691162109375, 'entropy': 10.824708938598633}, {'step': 12, 'avg_l2_distance': 3.054285764694214, 'avg_kl_divergence': 8.960723876953125, 'entropy': 10.824703216552734}, {'step': 13, 'avg_l2_distance': 3.054285764694214, 'avg_kl_divergence': 8.960723876953125, 'entropy': 10.824798583984375}, {'step': 14, 'avg_l2_distance': 3.054285764694214, 'avg_kl_divergence': 8.960723876953125, 'entropy': 10.82479476928711}, {'step': 15, 'avg_l2_distance': 3.054285764694214, 'avg_kl_divergence': 8.960723876953125, 'entropy': 10.824790000915527}, {'step': 16, 'avg_l2_distance': 3.054285764694214, 'avg_kl_divergence': 8.960723876953125, 'entropy': 10.824784278869629}, {'step': 17, 'avg_l2_distance': 3.054285764694214, 'avg_kl_divergence': 8.960723876953125, 'entropy': 10.824777603149414}, {'step': 18, 'avg_l2_distance': 3.054285764694214, 'avg_kl_divergence': 8.960723876953125, 'entropy': 10.824771881103516}, {'step': 19, 'avg_l2_distance': 3.054285764694214, 'avg_kl_divergence': 8.960723876953125, 'entropy': 10.8247652053833}, {'step': 20, 'avg_l2_distance': 3.054285764694214, 'avg_kl_divergence': 8.960723876953125, 'entropy': 10.824756622314453}, {'step': 21, 'avg_l2_distance': 3.054285764694214, 'avg_kl_divergence': 8.960723876953125, 'entropy': 10.824747085571289}, {'step': 22, 'avg_l2_distance': 3.054285764694214, 'avg_kl_divergence': 8.960723876953125, 'entropy': 10.824737548828125}, {'step': 23, 'avg_l2_distance': 3.054285764694214, 'avg_kl_divergence': 8.960723876953125, 'entropy': 10.824726104736328}, {'step': 24, 'avg_l2_distance': 3.054285764694214, 'avg_kl_divergence': 8.960723876953125, 'entropy': 10.824715614318848}, {'step': 25, 'avg_l2_distance': 3.054285764694214, 'avg_kl_divergence': 8.960723876953125, 'entropy': 10.824701309204102}, {'step': 26, 'avg_l2_distance': 3.054285764694214, 'avg_kl_divergence': 8.960723876953125, 'entropy': 10.824685096740723}, {'step': 27, 'avg_l2_distance': 3.054285764694214, 'avg_kl_divergence': 8.960723876953125, 'entropy': 10.824666976928711}, {'step': 28, 'avg_l2_distance': 3.054285764694214, 'avg_kl_divergence': 8.960723876953125, 'entropy': 10.824647903442383}, {'step': 29, 'avg_l2_distance': 3.054285764694214, 'avg_kl_divergence': 8.960723876953125, 'entropy': 10.824623107910156}, {'step': 30, 'avg_l2_distance': 3.054285764694214, 'avg_kl_divergence': 8.960723876953125, 'entropy': 10.824596405029297}, {'step': 31, 'avg_l2_distance': 3.054285764694214, 'avg_kl_divergence': 8.960723876953125, 'entropy': 10.824564933776855}, {'step': 32, 'avg_l2_distance': 3.054285764694214, 'avg_kl_divergence': 8.960723876953125, 'entropy': 10.824527740478516}, {'step': 33, 'avg_l2_distance': 3.054285764694214, 'avg_kl_divergence': 8.960723876953125, 'entropy': 10.824483871459961}, {'step': 34, 'avg_l2_distance': 3.054285764694214, 'avg_kl_divergence': 8.960723876953125, 'entropy': 10.824432373046875}, {'step': 35, 'avg_l2_distance': 3.054285764694214, 'avg_kl_divergence': 8.960723876953125, 'entropy': 10.824368476867676}, {'step': 36, 'avg_l2_distance': 3.054285764694214, 'avg_kl_divergence': 8.960723876953125, 'entropy': 10.824291229248047}, {'step': 37, 'avg_l2_distance': 3.054285764694214, 'avg_kl_divergence': 8.960723876953125, 'entropy': 10.824195861816406}, {'step': 38, 'avg_l2_distance': 3.054285764694214, 'avg_kl_divergence': 8.960723876953125, 'entropy': 10.824075698852539}, {'step': 39, 'avg_l2_distance': 3.054285764694214, 'avg_kl_divergence': 8.960723876953125, 'entropy': 10.823918342590332}, {'step': 40, 'avg_l2_distance': 3.054285764694214, 'avg_kl_divergence': 8.960723876953125, 'entropy': 10.823713302612305}, {'step': 41, 'avg_l2_distance': 3.054285764694214, 'avg_kl_divergence': 8.960723876953125, 'entropy': 10.823436737060547}, {'step': 42, 'avg_l2_distance': 3.054285764694214, 'avg_kl_divergence': 8.960723876953125, 'entropy': 10.823043823242188}, {'step': 43, 'avg_l2_distance': 3.054285764694214, 'avg_kl_divergence': 8.960723876953125, 'entropy': 10.822471618652344}, {'step': 44, 'avg_l2_distance': 3.054285764694214, 'avg_kl_divergence': 8.960723876953125, 'entropy': 10.821576118469238}, {'step': 45, 'avg_l2_distance': 3.054285764694214, 'avg_kl_divergence': 8.960723876953125, 'entropy': 10.820058822631836}, {'step': 46, 'avg_l2_distance': 3.054285764694214, 'avg_kl_divergence': 8.960723876953125, 'entropy': 10.817151069641113}, {'step': 47, 'avg_l2_distance': 3.054285764694214, 'avg_kl_divergence': 8.960723876953125, 'entropy': 10.810300827026367}, {'step': 48, 'avg_l2_distance': 3.054285764694214, 'avg_kl_divergence': 8.960723876953125, 'entropy': 10.785950660705566}, {'step': 49, 'avg_l2_distance': 3.054285764694214, 'avg_kl_divergence': 8.960723876953125, 'entropy': 10.153127670288086}]",3.054285764694214,8.960723876953125,0.0
65,policy,True,"[{'step': 0, 'avg_l2_distance': 2.4989490509033203, 'avg_kl_divergence': 10.533811569213867, 'entropy': 10.824816703796387}, {'step': 1, 'avg_l2_distance': 2.2707793712615967, 'avg_kl_divergence': 7.2392578125, 'entropy': 10.824848175048828}, {'step': 2, 'avg_l2_distance': 2.2707793712615967, 'avg_kl_divergence': 7.2392578125, 'entropy': 10.824810028076172}, {'step': 3, 'avg_l2_distance': 2.2707793712615967, 'avg_kl_divergence': 7.2392578125, 'entropy': 10.824807167053223}, {'step': 4, 'avg_l2_distance': 2.44364857673645, 'avg_kl_divergence': 9.867339134216309, 'entropy': 10.82480525970459}, {'step': 5, 'avg_l2_distance': 2.4416940212249756, 'avg_kl_divergence': 4.024603366851807, 'entropy': 10.824787139892578}, {'step': 6, 'avg_l2_distance': 2.4416940212249756, 'avg_kl_divergence': 4.024603366851807, 'entropy': 10.824779510498047}, {'step': 7, 'avg_l2_distance': 2.399488925933838, 'avg_kl_divergence': 3.6835269927978516, 'entropy': 10.824775695800781}, {'step': 8, 'avg_l2_distance': 2.399488925933838, 'avg_kl_divergence': 3.6835269927978516, 'entropy': 10.824796676635742}, {'step': 9, 'avg_l2_distance': 2.399488925933838, 'avg_kl_divergence': 3.6835269927978516, 'entropy': 10.82479476928711}, {'step': 10, 'avg_l2_distance': 2.312185764312744, 'avg_kl_divergence': 5.980335712432861, 'entropy': 10.824790000915527}, {'step': 11, 'avg_l2_distance': 2.312185764312744, 'avg_kl_divergence': 5.980335712432861, 'entropy': 10.824785232543945}, {'step': 12, 'avg_l2_distance': 2.312185764312744, 'avg_kl_divergence': 5.980335712432861, 'entropy': 10.824779510498047}, {'step': 13, 'avg_l2_distance': 2.312185764312744, 'avg_kl_divergence': 5.980335712432861, 'entropy': 10.824773788452148}, {'step': 14, 'avg_l2_distance': 2.312185764312744, 'avg_kl_divergence': 5.980335712432861, 'entropy': 10.824769973754883}, {'step': 15, 'avg_l2_distance': 2.312185764312744, 'avg_kl_divergence': 5.980335712432861, 'entropy': 10.824762344360352}, {'step': 16, 'avg_l2_distance': 2.0028579235076904, 'avg_kl_divergence': 6.211658954620361, 'entropy': 10.824755668640137}, {'step': 17, 'avg_l2_distance': 2.0028579235076904, 'avg_kl_divergence': 6.211658954620361, 'entropy': 10.824758529663086}, {'step': 18, 'avg_l2_distance': 2.0028579235076904, 'avg_kl_divergence': 6.211658954620361, 'entropy': 10.824750900268555}, {'step': 19, 'avg_l2_distance': 2.0028579235076904, 'avg_kl_divergence': 6.211658954620361, 'entropy': 10.824743270874023}, {'step': 20, 'avg_l2_distance': 2.0028579235076904, 'avg_kl_divergence': 6.211658954620361, 'entropy': 10.824735641479492}, {'step': 21, 'avg_l2_distance': 2.0028579235076904, 'avg_kl_divergence': 6.211658954620361, 'entropy': 10.824725151062012}, {'step': 22, 'avg_l2_distance': 2.0028579235076904, 'avg_kl_divergence': 6.211658954620361, 'entropy': 10.824713706970215}, {'step': 23, 'avg_l2_distance': 2.0028579235076904, 'avg_kl_divergence': 6.211658954620361, 'entropy': 10.824703216552734}, {'step': 24, 'avg_l2_distance': 2.0028579235076904, 'avg_kl_divergence': 6.211658954620361, 'entropy': 10.824688911437988}, {'step': 25, 'avg_l2_distance': 2.0028579235076904, 'avg_kl_divergence': 6.211658954620361, 'entropy': 10.824674606323242}, {'step': 26, 'avg_l2_distance': 2.0028579235076904, 'avg_kl_divergence': 6.211658954620361, 'entropy': 10.824657440185547}, {'step': 27, 'avg_l2_distance': 2.430199146270752, 'avg_kl_divergence': 4.994685649871826, 'entropy': 10.824638366699219}, {'step': 28, 'avg_l2_distance': 2.430199146270752, 'avg_kl_divergence': 4.994685649871826, 'entropy': 10.824565887451172}, {'step': 29, 'avg_l2_distance': 2.430199146270752, 'avg_kl_divergence': 4.994685649871826, 'entropy': 10.824538230895996}, {'step': 30, 'avg_l2_distance': 2.430199146270752, 'avg_kl_divergence': 4.994685649871826, 'entropy': 10.824505805969238}, {'step': 31, 'avg_l2_distance': 2.430199146270752, 'avg_kl_divergence': 4.994685649871826, 'entropy': 10.824469566345215}, {'step': 32, 'avg_l2_distance': 2.430199146270752, 'avg_kl_divergence': 4.994685649871826, 'entropy': 10.824427604675293}, {'step': 33, 'avg_l2_distance': 2.430199146270752, 'avg_kl_divergence': 4.994685649871826, 'entropy': 10.824377059936523}, {'step': 34, 'avg_l2_distance': 2.430199146270752, 'avg_kl_divergence': 4.994685649871826, 'entropy': 10.824316024780273}, {'step': 35, 'avg_l2_distance': 2.430199146270752, 'avg_kl_divergence': 4.994685649871826, 'entropy': 10.82424259185791}, {'step': 36, 'avg_l2_distance': 2.430199146270752, 'avg_kl_divergence': 4.994685649871826, 'entropy': 10.824155807495117}, {'step': 37, 'avg_l2_distance': 2.430199146270752, 'avg_kl_divergence': 4.994685649871826, 'entropy': 10.82404613494873}, {'step': 38, 'avg_l2_distance': 2.430199146270752, 'avg_kl_divergence': 4.994685649871826, 'entropy': 10.823906898498535}, {'step': 39, 'avg_l2_distance': 2.430199146270752, 'avg_kl_divergence': 4.994685649871826, 'entropy': 10.82373046875}, {'step': 40, 'avg_l2_distance': 2.430199146270752, 'avg_kl_divergence': 4.994685649871826, 'entropy': 10.823497772216797}, {'step': 41, 'avg_l2_distance': 2.430199146270752, 'avg_kl_divergence': 4.994685649871826, 'entropy': 10.82318115234375}, {'step': 42, 'avg_l2_distance': 2.430199146270752, 'avg_kl_divergence': 4.994685649871826, 'entropy': 10.822738647460938}, {'step': 43, 'avg_l2_distance': 2.430199146270752, 'avg_kl_divergence': 4.994685649871826, 'entropy': 10.822088241577148}, {'step': 44, 'avg_l2_distance': 2.430199146270752, 'avg_kl_divergence': 4.994685649871826, 'entropy': 10.821075439453125}, {'step': 45, 'avg_l2_distance': 2.430199146270752, 'avg_kl_divergence': 4.994685649871826, 'entropy': 10.819356918334961}, {'step': 46, 'avg_l2_distance': 2.430199146270752, 'avg_kl_divergence': 4.994685649871826, 'entropy': 10.816061019897461}, {'step': 47, 'avg_l2_distance': 2.430199146270752, 'avg_kl_divergence': 4.994685649871826, 'entropy': 10.808313369750977}, {'step': 48, 'avg_l2_distance': 2.430199146270752, 'avg_kl_divergence': 4.994685649871826, 'entropy': 10.78115463256836}, {'step': 49, 'avg_l2_distance': 2.430199146270752, 'avg_kl_divergence': 4.994685649871826, 'entropy': 10.226515769958496}]",2.430199146270752,4.994685649871826,0.0
66,policy,True,"[{'step': 0, 'avg_l2_distance': 2.047154188156128, 'avg_kl_divergence': 9.37119197845459, 'entropy': 10.8248291015625}, {'step': 1, 'avg_l2_distance': 2.047154188156128, 'avg_kl_divergence': 9.37119197845459, 'entropy': 10.824827194213867}, {'step': 2, 'avg_l2_distance': 2.047154188156128, 'avg_kl_divergence': 9.37119197845459, 'entropy': 10.824825286865234}, {'step': 3, 'avg_l2_distance': 2.047154188156128, 'avg_kl_divergence': 9.37119197845459, 'entropy': 10.824823379516602}, {'step': 4, 'avg_l2_distance': 2.047154188156128, 'avg_kl_divergence': 9.37119197845459, 'entropy': 10.824821472167969}, {'step': 5, 'avg_l2_distance': 2.047154188156128, 'avg_kl_divergence': 9.37119197845459, 'entropy': 10.82481861114502}, {'step': 6, 'avg_l2_distance': 2.047154188156128, 'avg_kl_divergence': 9.37119197845459, 'entropy': 10.824817657470703}, {'step': 7, 'avg_l2_distance': 2.047154188156128, 'avg_kl_divergence': 9.37119197845459, 'entropy': 10.824813842773438}, {'step': 8, 'avg_l2_distance': 2.047154188156128, 'avg_kl_divergence': 9.37119197845459, 'entropy': 10.824810981750488}, {'step': 9, 'avg_l2_distance': 2.047154188156128, 'avg_kl_divergence': 9.37119197845459, 'entropy': 10.824807167053223}, {'step': 10, 'avg_l2_distance': 2.047154188156128, 'avg_kl_divergence': 9.37119197845459, 'entropy': 10.824803352355957}, {'step': 11, 'avg_l2_distance': 2.047154188156128, 'avg_kl_divergence': 9.37119197845459, 'entropy': 10.824800491333008}, {'step': 12, 'avg_l2_distance': 2.047154188156128, 'avg_kl_divergence': 9.37119197845459, 'entropy': 10.824796676635742}, {'step': 13, 'avg_l2_distance': 2.047154188156128, 'avg_kl_divergence': 9.37119197845459, 'entropy': 10.824792861938477}, {'step': 14, 'avg_l2_distance': 2.047154188156128, 'avg_kl_divergence': 9.37119197845459, 'entropy': 10.824787139892578}, {'step': 15, 'avg_l2_distance': 2.3819334506988525, 'avg_kl_divergence': 8.243074417114258, 'entropy': 10.82478141784668}, {'step': 16, 'avg_l2_distance': 2.3819334506988525, 'avg_kl_divergence': 8.243074417114258, 'entropy': 10.82473373413086}, {'step': 17, 'avg_l2_distance': 2.3819334506988525, 'avg_kl_divergence': 8.243074417114258, 'entropy': 10.824726104736328}, {'step': 18, 'avg_l2_distance': 2.305595636367798, 'avg_kl_divergence': 4.359910011291504, 'entropy': 10.82471752166748}, {'step': 19, 'avg_l2_distance': 2.305595636367798, 'avg_kl_divergence': 4.359910011291504, 'entropy': 10.824692726135254}, {'step': 20, 'avg_l2_distance': 2.305595636367798, 'avg_kl_divergence': 4.359910011291504, 'entropy': 10.824682235717773}, {'step': 21, 'avg_l2_distance': 2.305595636367798, 'avg_kl_divergence': 4.359910011291504, 'entropy': 10.824670791625977}, {'step': 22, 'avg_l2_distance': 2.305595636367798, 'avg_kl_divergence': 4.359910011291504, 'entropy': 10.824660301208496}, {'step': 23, 'avg_l2_distance': 2.305595636367798, 'avg_kl_divergence': 4.359910011291504, 'entropy': 10.82464599609375}, {'step': 24, 'avg_l2_distance': 2.305595636367798, 'avg_kl_divergence': 4.359910011291504, 'entropy': 10.824630737304688}, {'step': 25, 'avg_l2_distance': 2.305595636367798, 'avg_kl_divergence': 4.359910011291504, 'entropy': 10.824614524841309}, {'step': 26, 'avg_l2_distance': 2.305595636367798, 'avg_kl_divergence': 4.359910011291504, 'entropy': 10.824594497680664}, {'step': 27, 'avg_l2_distance': 2.305595636367798, 'avg_kl_divergence': 4.359910011291504, 'entropy': 10.824573516845703}, {'step': 28, 'avg_l2_distance': 2.1735494136810303, 'avg_kl_divergence': 2.5857627391815186, 'entropy': 10.824549674987793}, {'step': 29, 'avg_l2_distance': 2.1735494136810303, 'avg_kl_divergence': 2.5857627391815186, 'entropy': 10.824602127075195}, {'step': 30, 'avg_l2_distance': 2.1735494136810303, 'avg_kl_divergence': 2.5857627391815186, 'entropy': 10.824575424194336}, {'step': 31, 'avg_l2_distance': 2.1735494136810303, 'avg_kl_divergence': 2.5857627391815186, 'entropy': 10.824542999267578}, {'step': 32, 'avg_l2_distance': 2.1735494136810303, 'avg_kl_divergence': 2.5857627391815186, 'entropy': 10.824507713317871}, {'step': 33, 'avg_l2_distance': 2.1735494136810303, 'avg_kl_divergence': 2.5857627391815186, 'entropy': 10.824463844299316}, {'step': 34, 'avg_l2_distance': 2.1735494136810303, 'avg_kl_divergence': 2.5857627391815186, 'entropy': 10.824411392211914}, {'step': 35, 'avg_l2_distance': 2.1735494136810303, 'avg_kl_divergence': 2.5857627391815186, 'entropy': 10.824348449707031}, {'step': 36, 'avg_l2_distance': 2.1735494136810303, 'avg_kl_divergence': 2.5857627391815186, 'entropy': 10.824270248413086}, {'step': 37, 'avg_l2_distance': 2.1735494136810303, 'avg_kl_divergence': 2.5857627391815186, 'entropy': 10.824174880981445}, {'step': 38, 'avg_l2_distance': 2.1735494136810303, 'avg_kl_divergence': 2.5857627391815186, 'entropy': 10.824052810668945}, {'step': 39, 'avg_l2_distance': 2.1735494136810303, 'avg_kl_divergence': 2.5857627391815186, 'entropy': 10.823898315429688}, {'step': 40, 'avg_l2_distance': 2.1735494136810303, 'avg_kl_divergence': 2.5857627391815186, 'entropy': 10.82369327545166}, {'step': 41, 'avg_l2_distance': 2.1735494136810303, 'avg_kl_divergence': 2.5857627391815186, 'entropy': 10.823413848876953}, {'step': 42, 'avg_l2_distance': 2.1735494136810303, 'avg_kl_divergence': 2.5857627391815186, 'entropy': 10.823023796081543}, {'step': 43, 'avg_l2_distance': 2.1735494136810303, 'avg_kl_divergence': 2.5857627391815186, 'entropy': 10.822446823120117}, {'step': 44, 'avg_l2_distance': 2.1735494136810303, 'avg_kl_divergence': 2.5857627391815186, 'entropy': 10.821545600891113}, {'step': 45, 'avg_l2_distance': 2.1735494136810303, 'avg_kl_divergence': 2.5857627391815186, 'entropy': 10.820015907287598}, {'step': 46, 'avg_l2_distance': 2.1735494136810303, 'avg_kl_divergence': 2.5857627391815186, 'entropy': 10.81707763671875}, {'step': 47, 'avg_l2_distance': 2.1735494136810303, 'avg_kl_divergence': 2.5857627391815186, 'entropy': 10.810164451599121}, {'step': 48, 'avg_l2_distance': 2.1735494136810303, 'avg_kl_divergence': 2.5857627391815186, 'entropy': 10.78597354888916}, {'step': 49, 'avg_l2_distance': 2.1735494136810303, 'avg_kl_divergence': 2.5857627391815186, 'entropy': 10.447946548461914}]",2.1735494136810303,2.5857627391815186,0.0
67,policy,True,"[{'step': 0, 'avg_l2_distance': 1.7375162839889526, 'avg_kl_divergence': 14.069853782653809, 'entropy': 10.824798583984375}, {'step': 1, 'avg_l2_distance': 1.7375162839889526, 'avg_kl_divergence': 14.069853782653809, 'entropy': 10.824743270874023}, {'step': 2, 'avg_l2_distance': 1.7375162839889526, 'avg_kl_divergence': 14.069853782653809, 'entropy': 10.824739456176758}, {'step': 3, 'avg_l2_distance': 1.7375162839889526, 'avg_kl_divergence': 14.069853782653809, 'entropy': 10.824734687805176}, {'step': 4, 'avg_l2_distance': 1.7375162839889526, 'avg_kl_divergence': 14.069853782653809, 'entropy': 10.824729919433594}, {'step': 5, 'avg_l2_distance': 1.7375162839889526, 'avg_kl_divergence': 14.069853782653809, 'entropy': 10.824726104736328}, {'step': 6, 'avg_l2_distance': 1.7375162839889526, 'avg_kl_divergence': 14.069853782653809, 'entropy': 10.824719429016113}, {'step': 7, 'avg_l2_distance': 2.188220500946045, 'avg_kl_divergence': 10.284900665283203, 'entropy': 10.824715614318848}, {'step': 8, 'avg_l2_distance': 2.188220500946045, 'avg_kl_divergence': 10.284900665283203, 'entropy': 10.82478141784668}, {'step': 9, 'avg_l2_distance': 2.188220500946045, 'avg_kl_divergence': 10.284900665283203, 'entropy': 10.824779510498047}, {'step': 10, 'avg_l2_distance': 2.188220500946045, 'avg_kl_divergence': 10.284900665283203, 'entropy': 10.824772834777832}, {'step': 11, 'avg_l2_distance': 2.188220500946045, 'avg_kl_divergence': 10.284900665283203, 'entropy': 10.82476806640625}, {'step': 12, 'avg_l2_distance': 2.188220500946045, 'avg_kl_divergence': 10.284900665283203, 'entropy': 10.824763298034668}, {'step': 13, 'avg_l2_distance': 2.188220500946045, 'avg_kl_divergence': 10.284900665283203, 'entropy': 10.824756622314453}, {'step': 14, 'avg_l2_distance': 2.4936094284057617, 'avg_kl_divergence': 5.846525192260742, 'entropy': 10.824752807617188}, {'step': 15, 'avg_l2_distance': 2.4936094284057617, 'avg_kl_divergence': 5.846525192260742, 'entropy': 10.824827194213867}, {'step': 16, 'avg_l2_distance': 2.295856475830078, 'avg_kl_divergence': 10.305368423461914, 'entropy': 10.824824333190918}, {'step': 17, 'avg_l2_distance': 2.295856475830078, 'avg_kl_divergence': 10.305368423461914, 'entropy': 10.82479476928711}, {'step': 18, 'avg_l2_distance': 2.295856475830078, 'avg_kl_divergence': 10.305368423461914, 'entropy': 10.824789047241211}, {'step': 19, 'avg_l2_distance': 2.295856475830078, 'avg_kl_divergence': 10.305368423461914, 'entropy': 10.824783325195312}, {'step': 20, 'avg_l2_distance': 2.295856475830078, 'avg_kl_divergence': 10.305368423461914, 'entropy': 10.824776649475098}, {'step': 21, 'avg_l2_distance': 2.295856475830078, 'avg_kl_divergence': 10.305368423461914, 'entropy': 10.82476806640625}, {'step': 22, 'avg_l2_distance': 2.295856475830078, 'avg_kl_divergence': 10.305368423461914, 'entropy': 10.82475757598877}, {'step': 23, 'avg_l2_distance': 2.295856475830078, 'avg_kl_divergence': 10.305368423461914, 'entropy': 10.824748992919922}, {'step': 24, 'avg_l2_distance': 2.295856475830078, 'avg_kl_divergence': 10.305368423461914, 'entropy': 10.824737548828125}, {'step': 25, 'avg_l2_distance': 2.295856475830078, 'avg_kl_divergence': 10.305368423461914, 'entropy': 10.824725151062012}, {'step': 26, 'avg_l2_distance': 2.8154072761535645, 'avg_kl_divergence': 4.956036567687988, 'entropy': 10.824710845947266}, {'step': 27, 'avg_l2_distance': 2.8154072761535645, 'avg_kl_divergence': 4.956036567687988, 'entropy': 10.824731826782227}, {'step': 28, 'avg_l2_distance': 2.8154072761535645, 'avg_kl_divergence': 4.956036567687988, 'entropy': 10.824718475341797}, {'step': 29, 'avg_l2_distance': 2.8154072761535645, 'avg_kl_divergence': 4.956036567687988, 'entropy': 10.824702262878418}, {'step': 30, 'avg_l2_distance': 2.8154072761535645, 'avg_kl_divergence': 4.956036567687988, 'entropy': 10.824686050415039}, {'step': 31, 'avg_l2_distance': 2.8154072761535645, 'avg_kl_divergence': 4.956036567687988, 'entropy': 10.824664115905762}, {'step': 32, 'avg_l2_distance': 2.8154072761535645, 'avg_kl_divergence': 4.956036567687988, 'entropy': 10.824640274047852}, {'step': 33, 'avg_l2_distance': 2.8154072761535645, 'avg_kl_divergence': 4.956036567687988, 'entropy': 10.82461166381836}, {'step': 34, 'avg_l2_distance': 2.8154072761535645, 'avg_kl_divergence': 4.956036567687988, 'entropy': 10.824577331542969}, {'step': 35, 'avg_l2_distance': 2.8154072761535645, 'avg_kl_divergence': 4.956036567687988, 'entropy': 10.82453441619873}, {'step': 36, 'avg_l2_distance': 2.8154072761535645, 'avg_kl_divergence': 4.956036567687988, 'entropy': 10.824483871459961}, {'step': 37, 'avg_l2_distance': 2.8154072761535645, 'avg_kl_divergence': 4.956036567687988, 'entropy': 10.824417114257812}, {'step': 38, 'avg_l2_distance': 2.8154072761535645, 'avg_kl_divergence': 4.956036567687988, 'entropy': 10.824336051940918}, {'step': 39, 'avg_l2_distance': 2.8154072761535645, 'avg_kl_divergence': 4.956036567687988, 'entropy': 10.82423210144043}, {'step': 40, 'avg_l2_distance': 2.2980940341949463, 'avg_kl_divergence': 5.053928375244141, 'entropy': 10.824090957641602}, {'step': 41, 'avg_l2_distance': 2.2980940341949463, 'avg_kl_divergence': 5.053928375244141, 'entropy': 10.823179244995117}, {'step': 42, 'avg_l2_distance': 2.2980940341949463, 'avg_kl_divergence': 5.053928375244141, 'entropy': 10.822734832763672}, {'step': 43, 'avg_l2_distance': 2.2980940341949463, 'avg_kl_divergence': 5.053928375244141, 'entropy': 10.822078704833984}, {'step': 44, 'avg_l2_distance': 2.2083241939544678, 'avg_kl_divergence': 4.228696346282959, 'entropy': 10.821056365966797}, {'step': 45, 'avg_l2_distance': 2.2083241939544678, 'avg_kl_divergence': 4.228696346282959, 'entropy': 10.819097518920898}, {'step': 46, 'avg_l2_distance': 2.2083241939544678, 'avg_kl_divergence': 4.228696346282959, 'entropy': 10.815600395202637}, {'step': 47, 'avg_l2_distance': 2.2083241939544678, 'avg_kl_divergence': 4.228696346282959, 'entropy': 10.807371139526367}, {'step': 48, 'avg_l2_distance': 2.2083241939544678, 'avg_kl_divergence': 4.228696346282959, 'entropy': 10.778572082519531}, {'step': 49, 'avg_l2_distance': 2.2083241939544678, 'avg_kl_divergence': 4.228696346282959, 'entropy': 10.31850814819336}]",2.2083241939544678,4.228696346282959,0.0
68,policy,True,"[{'step': 0, 'avg_l2_distance': 2.401583671569824, 'avg_kl_divergence': 9.956587791442871, 'entropy': 10.824823379516602}, {'step': 1, 'avg_l2_distance': 2.6941840648651123, 'avg_kl_divergence': 10.20817756652832, 'entropy': 10.824821472167969}, {'step': 2, 'avg_l2_distance': 2.6941840648651123, 'avg_kl_divergence': 10.20817756652832, 'entropy': 10.824825286865234}, {'step': 3, 'avg_l2_distance': 2.770359992980957, 'avg_kl_divergence': 11.857680320739746, 'entropy': 10.824823379516602}, {'step': 4, 'avg_l2_distance': 2.770359992980957, 'avg_kl_divergence': 11.857680320739746, 'entropy': 10.824787139892578}, {'step': 5, 'avg_l2_distance': 2.770359992980957, 'avg_kl_divergence': 11.857680320739746, 'entropy': 10.824783325195312}, {'step': 6, 'avg_l2_distance': 2.770359992980957, 'avg_kl_divergence': 11.857680320739746, 'entropy': 10.824779510498047}, {'step': 7, 'avg_l2_distance': 2.2510855197906494, 'avg_kl_divergence': 7.95883846282959, 'entropy': 10.824777603149414}, {'step': 8, 'avg_l2_distance': 2.2510855197906494, 'avg_kl_divergence': 7.95883846282959, 'entropy': 10.824792861938477}, {'step': 9, 'avg_l2_distance': 2.2510855197906494, 'avg_kl_divergence': 7.95883846282959, 'entropy': 10.824787139892578}, {'step': 10, 'avg_l2_distance': 2.2510855197906494, 'avg_kl_divergence': 7.95883846282959, 'entropy': 10.824783325195312}, {'step': 11, 'avg_l2_distance': 2.2510855197906494, 'avg_kl_divergence': 7.95883846282959, 'entropy': 10.824779510498047}, {'step': 12, 'avg_l2_distance': 2.2510855197906494, 'avg_kl_divergence': 7.95883846282959, 'entropy': 10.824773788452148}, {'step': 13, 'avg_l2_distance': 2.2510855197906494, 'avg_kl_divergence': 7.95883846282959, 'entropy': 10.82476806640625}, {'step': 14, 'avg_l2_distance': 2.2510855197906494, 'avg_kl_divergence': 7.95883846282959, 'entropy': 10.824761390686035}, {'step': 15, 'avg_l2_distance': 2.2510855197906494, 'avg_kl_divergence': 7.95883846282959, 'entropy': 10.82475471496582}, {'step': 16, 'avg_l2_distance': 2.2510855197906494, 'avg_kl_divergence': 7.95883846282959, 'entropy': 10.824747085571289}, {'step': 17, 'avg_l2_distance': 2.3666515350341797, 'avg_kl_divergence': 9.089251518249512, 'entropy': 10.824739456176758}, {'step': 18, 'avg_l2_distance': 2.3666515350341797, 'avg_kl_divergence': 9.089251518249512, 'entropy': 10.82479476928711}, {'step': 19, 'avg_l2_distance': 2.3471763134002686, 'avg_kl_divergence': 11.689364433288574, 'entropy': 10.824790000915527}, {'step': 20, 'avg_l2_distance': 2.3471763134002686, 'avg_kl_divergence': 11.689364433288574, 'entropy': 10.824743270874023}, {'step': 21, 'avg_l2_distance': 2.9920554161071777, 'avg_kl_divergence': 9.9730806350708, 'entropy': 10.82473373413086}, {'step': 22, 'avg_l2_distance': 2.7665200233459473, 'avg_kl_divergence': 12.456178665161133, 'entropy': 10.824774742126465}, {'step': 23, 'avg_l2_distance': 2.7665200233459473, 'avg_kl_divergence': 12.456178665161133, 'entropy': 10.824716567993164}, {'step': 24, 'avg_l2_distance': 2.5340778827667236, 'avg_kl_divergence': 12.373013496398926, 'entropy': 10.82470703125}, {'step': 25, 'avg_l2_distance': 2.5340778827667236, 'avg_kl_divergence': 12.373013496398926, 'entropy': 10.824727058410645}, {'step': 26, 'avg_l2_distance': 2.5340778827667236, 'avg_kl_divergence': 12.373013496398926, 'entropy': 10.824713706970215}, {'step': 27, 'avg_l2_distance': 2.5340778827667236, 'avg_kl_divergence': 12.373013496398926, 'entropy': 10.824697494506836}, {'step': 28, 'avg_l2_distance': 2.5340778827667236, 'avg_kl_divergence': 12.373013496398926, 'entropy': 10.82468032836914}, {'step': 29, 'avg_l2_distance': 2.5340778827667236, 'avg_kl_divergence': 12.373013496398926, 'entropy': 10.82465934753418}, {'step': 30, 'avg_l2_distance': 2.5340778827667236, 'avg_kl_divergence': 12.373013496398926, 'entropy': 10.824636459350586}, {'step': 31, 'avg_l2_distance': 2.5340778827667236, 'avg_kl_divergence': 12.373013496398926, 'entropy': 10.824609756469727}, {'step': 32, 'avg_l2_distance': 2.5340778827667236, 'avg_kl_divergence': 12.373013496398926, 'entropy': 10.824576377868652}, {'step': 33, 'avg_l2_distance': 2.5340778827667236, 'avg_kl_divergence': 12.373013496398926, 'entropy': 10.824539184570312}, {'step': 34, 'avg_l2_distance': 2.5340778827667236, 'avg_kl_divergence': 12.373013496398926, 'entropy': 10.824491500854492}, {'step': 35, 'avg_l2_distance': 2.5340778827667236, 'avg_kl_divergence': 12.373013496398926, 'entropy': 10.82443618774414}, {'step': 36, 'avg_l2_distance': 2.5340778827667236, 'avg_kl_divergence': 12.373013496398926, 'entropy': 10.82436752319336}, {'step': 37, 'avg_l2_distance': 2.5340778827667236, 'avg_kl_divergence': 12.373013496398926, 'entropy': 10.824281692504883}, {'step': 38, 'avg_l2_distance': 2.5340778827667236, 'avg_kl_divergence': 12.373013496398926, 'entropy': 10.824173927307129}, {'step': 39, 'avg_l2_distance': 2.5340778827667236, 'avg_kl_divergence': 12.373013496398926, 'entropy': 10.8240327835083}, {'step': 40, 'avg_l2_distance': 2.5340778827667236, 'avg_kl_divergence': 12.373013496398926, 'entropy': 10.823845863342285}, {'step': 41, 'avg_l2_distance': 2.5340778827667236, 'avg_kl_divergence': 12.373013496398926, 'entropy': 10.823594093322754}, {'step': 42, 'avg_l2_distance': 2.5340778827667236, 'avg_kl_divergence': 12.373013496398926, 'entropy': 10.823234558105469}, {'step': 43, 'avg_l2_distance': 2.5340778827667236, 'avg_kl_divergence': 12.373013496398926, 'entropy': 10.82270622253418}, {'step': 44, 'avg_l2_distance': 2.5340778827667236, 'avg_kl_divergence': 12.373013496398926, 'entropy': 10.82187557220459}, {'step': 45, 'avg_l2_distance': 2.5340778827667236, 'avg_kl_divergence': 12.373013496398926, 'entropy': 10.820460319519043}, {'step': 46, 'avg_l2_distance': 2.5340778827667236, 'avg_kl_divergence': 12.373013496398926, 'entropy': 10.817737579345703}, {'step': 47, 'avg_l2_distance': 2.5340778827667236, 'avg_kl_divergence': 12.373013496398926, 'entropy': 10.811319351196289}, {'step': 48, 'avg_l2_distance': 2.5340778827667236, 'avg_kl_divergence': 12.373013496398926, 'entropy': 10.788818359375}, {'step': 49, 'avg_l2_distance': 2.2878379821777344, 'avg_kl_divergence': 18.523059844970703, 'entropy': 10.415079116821289}]",2.2878379821777344,18.523059844970703,0.0
69,policy,True,"[{'step': 0, 'avg_l2_distance': 2.162198066711426, 'avg_kl_divergence': 9.02102279663086, 'entropy': 10.824836730957031}, {'step': 1, 'avg_l2_distance': 2.245529890060425, 'avg_kl_divergence': 9.86186695098877, 'entropy': 10.82481861114502}, {'step': 2, 'avg_l2_distance': 2.245529890060425, 'avg_kl_divergence': 9.86186695098877, 'entropy': 10.824821472167969}, {'step': 3, 'avg_l2_distance': 1.8324482440948486, 'avg_kl_divergence': 10.501798629760742, 'entropy': 10.824819564819336}, {'step': 4, 'avg_l2_distance': 1.8324482440948486, 'avg_kl_divergence': 10.501798629760742, 'entropy': 10.824728965759277}, {'step': 5, 'avg_l2_distance': 1.8324482440948486, 'avg_kl_divergence': 10.501798629760742, 'entropy': 10.824724197387695}, {'step': 6, 'avg_l2_distance': 1.8324482440948486, 'avg_kl_divergence': 10.501798629760742, 'entropy': 10.82472038269043}, {'step': 7, 'avg_l2_distance': 1.8324482440948486, 'avg_kl_divergence': 10.501798629760742, 'entropy': 10.824713706970215}, {'step': 8, 'avg_l2_distance': 1.8324482440948486, 'avg_kl_divergence': 10.501798629760742, 'entropy': 10.824708938598633}, {'step': 9, 'avg_l2_distance': 1.8324482440948486, 'avg_kl_divergence': 10.501798629760742, 'entropy': 10.824701309204102}, {'step': 10, 'avg_l2_distance': 1.8324482440948486, 'avg_kl_divergence': 10.501798629760742, 'entropy': 10.824695587158203}, {'step': 11, 'avg_l2_distance': 2.4560396671295166, 'avg_kl_divergence': 7.193937301635742, 'entropy': 10.824687957763672}, {'step': 12, 'avg_l2_distance': 2.4560396671295166, 'avg_kl_divergence': 7.193937301635742, 'entropy': 10.824804306030273}, {'step': 13, 'avg_l2_distance': 2.4560396671295166, 'avg_kl_divergence': 7.193937301635742, 'entropy': 10.824800491333008}, {'step': 14, 'avg_l2_distance': 2.7553956508636475, 'avg_kl_divergence': 7.182535171508789, 'entropy': 10.824795722961426}, {'step': 15, 'avg_l2_distance': 2.7553956508636475, 'avg_kl_divergence': 7.182535171508789, 'entropy': 10.824810028076172}, {'step': 16, 'avg_l2_distance': 2.7553956508636475, 'avg_kl_divergence': 7.182535171508789, 'entropy': 10.82480525970459}, {'step': 17, 'avg_l2_distance': 2.7553956508636475, 'avg_kl_divergence': 7.182535171508789, 'entropy': 10.824800491333008}, {'step': 18, 'avg_l2_distance': 2.7553956508636475, 'avg_kl_divergence': 7.182535171508789, 'entropy': 10.82479476928711}, {'step': 19, 'avg_l2_distance': 2.7553956508636475, 'avg_kl_divergence': 7.182535171508789, 'entropy': 10.824789047241211}, {'step': 20, 'avg_l2_distance': 2.7553956508636475, 'avg_kl_divergence': 7.182535171508789, 'entropy': 10.824782371520996}, {'step': 21, 'avg_l2_distance': 2.7553956508636475, 'avg_kl_divergence': 7.182535171508789, 'entropy': 10.824775695800781}, {'step': 22, 'avg_l2_distance': 2.7553956508636475, 'avg_kl_divergence': 7.182535171508789, 'entropy': 10.82476806640625}, {'step': 23, 'avg_l2_distance': 2.7553956508636475, 'avg_kl_divergence': 7.182535171508789, 'entropy': 10.824758529663086}, {'step': 24, 'avg_l2_distance': 2.7553956508636475, 'avg_kl_divergence': 7.182535171508789, 'entropy': 10.824748992919922}, {'step': 25, 'avg_l2_distance': 2.7553956508636475, 'avg_kl_divergence': 7.182535171508789, 'entropy': 10.824736595153809}, {'step': 26, 'avg_l2_distance': 2.7553956508636475, 'avg_kl_divergence': 7.182535171508789, 'entropy': 10.824723243713379}, {'step': 27, 'avg_l2_distance': 2.7553956508636475, 'avg_kl_divergence': 7.182535171508789, 'entropy': 10.824708938598633}, {'step': 28, 'avg_l2_distance': 2.7553956508636475, 'avg_kl_divergence': 7.182535171508789, 'entropy': 10.824691772460938}, {'step': 29, 'avg_l2_distance': 2.7553956508636475, 'avg_kl_divergence': 7.182535171508789, 'entropy': 10.82467269897461}, {'step': 30, 'avg_l2_distance': 2.7553956508636475, 'avg_kl_divergence': 7.182535171508789, 'entropy': 10.824649810791016}, {'step': 31, 'avg_l2_distance': 2.7553956508636475, 'avg_kl_divergence': 7.182535171508789, 'entropy': 10.824624061584473}, {'step': 32, 'avg_l2_distance': 2.7553956508636475, 'avg_kl_divergence': 7.182535171508789, 'entropy': 10.824590682983398}, {'step': 33, 'avg_l2_distance': 2.7553956508636475, 'avg_kl_divergence': 7.182535171508789, 'entropy': 10.824555397033691}, {'step': 34, 'avg_l2_distance': 2.7553956508636475, 'avg_kl_divergence': 7.182535171508789, 'entropy': 10.82451057434082}, {'step': 35, 'avg_l2_distance': 2.7553956508636475, 'avg_kl_divergence': 7.182535171508789, 'entropy': 10.824457168579102}, {'step': 36, 'avg_l2_distance': 2.7553956508636475, 'avg_kl_divergence': 7.182535171508789, 'entropy': 10.82439136505127}, {'step': 37, 'avg_l2_distance': 2.7553956508636475, 'avg_kl_divergence': 7.182535171508789, 'entropy': 10.82430648803711}, {'step': 38, 'avg_l2_distance': 2.7553956508636475, 'avg_kl_divergence': 7.182535171508789, 'entropy': 10.824202537536621}, {'step': 39, 'avg_l2_distance': 2.7553956508636475, 'avg_kl_divergence': 7.182535171508789, 'entropy': 10.824066162109375}, {'step': 40, 'avg_l2_distance': 2.7553956508636475, 'avg_kl_divergence': 7.182535171508789, 'entropy': 10.823884963989258}, {'step': 41, 'avg_l2_distance': 2.7553956508636475, 'avg_kl_divergence': 7.182535171508789, 'entropy': 10.823638916015625}, {'step': 42, 'avg_l2_distance': 2.7553956508636475, 'avg_kl_divergence': 7.182535171508789, 'entropy': 10.823290824890137}, {'step': 43, 'avg_l2_distance': 2.7553956508636475, 'avg_kl_divergence': 7.182535171508789, 'entropy': 10.822775840759277}, {'step': 44, 'avg_l2_distance': 2.238428831100464, 'avg_kl_divergence': 6.187679290771484, 'entropy': 10.821968078613281}, {'step': 45, 'avg_l2_distance': 2.238428831100464, 'avg_kl_divergence': 6.187679290771484, 'entropy': 10.81865406036377}, {'step': 46, 'avg_l2_distance': 2.238428831100464, 'avg_kl_divergence': 6.187679290771484, 'entropy': 10.815023422241211}, {'step': 47, 'avg_l2_distance': 2.238428831100464, 'avg_kl_divergence': 6.187679290771484, 'entropy': 10.806516647338867}, {'step': 48, 'avg_l2_distance': 2.238428831100464, 'avg_kl_divergence': 6.187679290771484, 'entropy': 10.776799201965332}, {'step': 49, 'avg_l2_distance': 1.817372441291809, 'avg_kl_divergence': 9.529729843139648, 'entropy': 10.339258193969727}]",1.817372441291809,9.529729843139648,0.0
70,policy,True,"[{'step': 0, 'avg_l2_distance': 2.7146711349487305, 'avg_kl_divergence': 4.713637351989746, 'entropy': 10.824827194213867}, {'step': 1, 'avg_l2_distance': 2.7223806381225586, 'avg_kl_divergence': 6.838569641113281, 'entropy': 10.824825286865234}, {'step': 2, 'avg_l2_distance': 2.7223806381225586, 'avg_kl_divergence': 6.838569641113281, 'entropy': 10.824800491333008}, {'step': 3, 'avg_l2_distance': 2.7223806381225586, 'avg_kl_divergence': 6.838569641113281, 'entropy': 10.824796676635742}, {'step': 4, 'avg_l2_distance': 2.576554536819458, 'avg_kl_divergence': 7.1123785972595215, 'entropy': 10.824795722961426}, {'step': 5, 'avg_l2_distance': 2.650224447250366, 'avg_kl_divergence': 8.95991039276123, 'entropy': 10.82479476928711}, {'step': 6, 'avg_l2_distance': 2.6599326133728027, 'avg_kl_divergence': 8.213562965393066, 'entropy': 10.824813842773438}, {'step': 7, 'avg_l2_distance': 2.6599326133728027, 'avg_kl_divergence': 8.213562965393066, 'entropy': 10.824827194213867}, {'step': 8, 'avg_l2_distance': 2.6599326133728027, 'avg_kl_divergence': 8.213562965393066, 'entropy': 10.824825286865234}, {'step': 9, 'avg_l2_distance': 2.6599326133728027, 'avg_kl_divergence': 8.213562965393066, 'entropy': 10.824822425842285}, {'step': 10, 'avg_l2_distance': 2.6599326133728027, 'avg_kl_divergence': 8.213562965393066, 'entropy': 10.824819564819336}, {'step': 11, 'avg_l2_distance': 2.6599326133728027, 'avg_kl_divergence': 8.213562965393066, 'entropy': 10.82481575012207}, {'step': 12, 'avg_l2_distance': 2.6599326133728027, 'avg_kl_divergence': 8.213562965393066, 'entropy': 10.824813842773438}, {'step': 13, 'avg_l2_distance': 2.6599326133728027, 'avg_kl_divergence': 8.213562965393066, 'entropy': 10.824810028076172}, {'step': 14, 'avg_l2_distance': 2.6599326133728027, 'avg_kl_divergence': 8.213562965393066, 'entropy': 10.824806213378906}, {'step': 15, 'avg_l2_distance': 2.6599326133728027, 'avg_kl_divergence': 8.213562965393066, 'entropy': 10.82480239868164}, {'step': 16, 'avg_l2_distance': 2.6599326133728027, 'avg_kl_divergence': 8.213562965393066, 'entropy': 10.824797630310059}, {'step': 17, 'avg_l2_distance': 2.6599326133728027, 'avg_kl_divergence': 8.213562965393066, 'entropy': 10.824792861938477}, {'step': 18, 'avg_l2_distance': 2.6599326133728027, 'avg_kl_divergence': 8.213562965393066, 'entropy': 10.824786186218262}, {'step': 19, 'avg_l2_distance': 2.5573983192443848, 'avg_kl_divergence': 3.100332736968994, 'entropy': 10.82478141784668}, {'step': 20, 'avg_l2_distance': 2.5573983192443848, 'avg_kl_divergence': 3.100332736968994, 'entropy': 10.824699401855469}, {'step': 21, 'avg_l2_distance': 2.5573983192443848, 'avg_kl_divergence': 3.100332736968994, 'entropy': 10.824687957763672}, {'step': 22, 'avg_l2_distance': 2.5573983192443848, 'avg_kl_divergence': 3.100332736968994, 'entropy': 10.824674606323242}, {'step': 23, 'avg_l2_distance': 2.5573983192443848, 'avg_kl_divergence': 3.100332736968994, 'entropy': 10.824662208557129}, {'step': 24, 'avg_l2_distance': 2.5573983192443848, 'avg_kl_divergence': 3.100332736968994, 'entropy': 10.82464599609375}, {'step': 25, 'avg_l2_distance': 2.5573983192443848, 'avg_kl_divergence': 3.100332736968994, 'entropy': 10.824630737304688}, {'step': 26, 'avg_l2_distance': 2.5573983192443848, 'avg_kl_divergence': 3.100332736968994, 'entropy': 10.824610710144043}, {'step': 27, 'avg_l2_distance': 2.5573983192443848, 'avg_kl_divergence': 3.100332736968994, 'entropy': 10.824588775634766}, {'step': 28, 'avg_l2_distance': 2.5573983192443848, 'avg_kl_divergence': 3.100332736968994, 'entropy': 10.824563980102539}, {'step': 29, 'avg_l2_distance': 2.5573983192443848, 'avg_kl_divergence': 3.100332736968994, 'entropy': 10.824536323547363}, {'step': 30, 'avg_l2_distance': 2.5573983192443848, 'avg_kl_divergence': 3.100332736968994, 'entropy': 10.824504852294922}, {'step': 31, 'avg_l2_distance': 2.5573983192443848, 'avg_kl_divergence': 3.100332736968994, 'entropy': 10.824467658996582}, {'step': 32, 'avg_l2_distance': 2.5573983192443848, 'avg_kl_divergence': 3.100332736968994, 'entropy': 10.824423789978027}, {'step': 33, 'avg_l2_distance': 2.5573983192443848, 'avg_kl_divergence': 3.100332736968994, 'entropy': 10.824373245239258}, {'step': 34, 'avg_l2_distance': 2.5573983192443848, 'avg_kl_divergence': 3.100332736968994, 'entropy': 10.824312210083008}, {'step': 35, 'avg_l2_distance': 2.5573983192443848, 'avg_kl_divergence': 3.100332736968994, 'entropy': 10.824239730834961}, {'step': 36, 'avg_l2_distance': 2.5573983192443848, 'avg_kl_divergence': 3.100332736968994, 'entropy': 10.824149131774902}, {'step': 37, 'avg_l2_distance': 2.5573983192443848, 'avg_kl_divergence': 3.100332736968994, 'entropy': 10.8240385055542}, {'step': 38, 'avg_l2_distance': 2.5573983192443848, 'avg_kl_divergence': 3.100332736968994, 'entropy': 10.82390022277832}, {'step': 39, 'avg_l2_distance': 2.5573983192443848, 'avg_kl_divergence': 3.100332736968994, 'entropy': 10.823721885681152}, {'step': 40, 'avg_l2_distance': 2.5573983192443848, 'avg_kl_divergence': 3.100332736968994, 'entropy': 10.823487281799316}, {'step': 41, 'avg_l2_distance': 2.5573983192443848, 'avg_kl_divergence': 3.100332736968994, 'entropy': 10.823171615600586}, {'step': 42, 'avg_l2_distance': 2.5573983192443848, 'avg_kl_divergence': 3.100332736968994, 'entropy': 10.822729110717773}, {'step': 43, 'avg_l2_distance': 2.5573983192443848, 'avg_kl_divergence': 3.100332736968994, 'entropy': 10.822081565856934}, {'step': 44, 'avg_l2_distance': 2.5573983192443848, 'avg_kl_divergence': 3.100332736968994, 'entropy': 10.821075439453125}, {'step': 45, 'avg_l2_distance': 2.5573983192443848, 'avg_kl_divergence': 3.100332736968994, 'entropy': 10.81937313079834}, {'step': 46, 'avg_l2_distance': 2.5573983192443848, 'avg_kl_divergence': 3.100332736968994, 'entropy': 10.816123962402344}, {'step': 47, 'avg_l2_distance': 2.5573983192443848, 'avg_kl_divergence': 3.100332736968994, 'entropy': 10.808517456054688}, {'step': 48, 'avg_l2_distance': 2.5573983192443848, 'avg_kl_divergence': 3.100332736968994, 'entropy': 10.781991958618164}, {'step': 49, 'avg_l2_distance': 2.5573983192443848, 'avg_kl_divergence': 3.100332736968994, 'entropy': 10.348627090454102}]",2.5573983192443848,3.100332736968994,0.0
71,policy,True,"[{'step': 0, 'avg_l2_distance': 2.625211715698242, 'avg_kl_divergence': 2.5740914344787598, 'entropy': 10.824843406677246}, {'step': 1, 'avg_l2_distance': 2.625211715698242, 'avg_kl_divergence': 2.5740914344787598, 'entropy': 10.824841499328613}, {'step': 2, 'avg_l2_distance': 2.625211715698242, 'avg_kl_divergence': 2.5740914344787598, 'entropy': 10.82484245300293}, {'step': 3, 'avg_l2_distance': 2.2809536457061768, 'avg_kl_divergence': 0.4344349801540375, 'entropy': 10.824838638305664}, {'step': 4, 'avg_l2_distance': 2.2809536457061768, 'avg_kl_divergence': 0.4344349801540375, 'entropy': 10.824798583984375}, {'step': 5, 'avg_l2_distance': 2.2809536457061768, 'avg_kl_divergence': 0.4344349801540375, 'entropy': 10.82479476928711}, {'step': 6, 'avg_l2_distance': 2.2809536457061768, 'avg_kl_divergence': 0.4344349801540375, 'entropy': 10.824792861938477}, {'step': 7, 'avg_l2_distance': 2.2809536457061768, 'avg_kl_divergence': 0.4344349801540375, 'entropy': 10.824789047241211}, {'step': 8, 'avg_l2_distance': 2.2809536457061768, 'avg_kl_divergence': 0.4344349801540375, 'entropy': 10.824785232543945}, {'step': 9, 'avg_l2_distance': 2.2809536457061768, 'avg_kl_divergence': 0.4344349801540375, 'entropy': 10.824780464172363}, {'step': 10, 'avg_l2_distance': 2.4959805011749268, 'avg_kl_divergence': 4.116114139556885, 'entropy': 10.824775695800781}, {'step': 11, 'avg_l2_distance': 2.4959805011749268, 'avg_kl_divergence': 4.116114139556885, 'entropy': 10.824827194213867}, {'step': 12, 'avg_l2_distance': 2.4959805011749268, 'avg_kl_divergence': 4.116114139556885, 'entropy': 10.824825286865234}, {'step': 13, 'avg_l2_distance': 2.4959805011749268, 'avg_kl_divergence': 4.116114139556885, 'entropy': 10.824821472167969}, {'step': 14, 'avg_l2_distance': 2.4959805011749268, 'avg_kl_divergence': 4.116114139556885, 'entropy': 10.824817657470703}, {'step': 15, 'avg_l2_distance': 2.4959805011749268, 'avg_kl_divergence': 4.116114139556885, 'entropy': 10.824814796447754}, {'step': 16, 'avg_l2_distance': 2.4959805011749268, 'avg_kl_divergence': 4.116114139556885, 'entropy': 10.824810028076172}, {'step': 17, 'avg_l2_distance': 2.4959805011749268, 'avg_kl_divergence': 4.116114139556885, 'entropy': 10.824804306030273}, {'step': 18, 'avg_l2_distance': 2.4959805011749268, 'avg_kl_divergence': 4.116114139556885, 'entropy': 10.824799537658691}, {'step': 19, 'avg_l2_distance': 2.4959805011749268, 'avg_kl_divergence': 4.116114139556885, 'entropy': 10.824793815612793}, {'step': 20, 'avg_l2_distance': 2.4959805011749268, 'avg_kl_divergence': 4.116114139556885, 'entropy': 10.824787139892578}, {'step': 21, 'avg_l2_distance': 2.2388179302215576, 'avg_kl_divergence': 1.2443400621414185, 'entropy': 10.824779510498047}, {'step': 22, 'avg_l2_distance': 2.2388179302215576, 'avg_kl_divergence': 1.2443400621414185, 'entropy': 10.824769020080566}, {'step': 23, 'avg_l2_distance': 2.2388179302215576, 'avg_kl_divergence': 1.2443400621414185, 'entropy': 10.824760437011719}, {'step': 24, 'avg_l2_distance': 2.2388179302215576, 'avg_kl_divergence': 1.2443400621414185, 'entropy': 10.824748992919922}, {'step': 25, 'avg_l2_distance': 2.2388179302215576, 'avg_kl_divergence': 1.2443400621414185, 'entropy': 10.824737548828125}, {'step': 26, 'avg_l2_distance': 2.4877142906188965, 'avg_kl_divergence': 0.8607128262519836, 'entropy': 10.824724197387695}, {'step': 27, 'avg_l2_distance': 2.7340269088745117, 'avg_kl_divergence': 0.44522973895072937, 'entropy': 10.82467269897461}, {'step': 28, 'avg_l2_distance': 2.7340269088745117, 'avg_kl_divergence': 0.44522973895072937, 'entropy': 10.824676513671875}, {'step': 29, 'avg_l2_distance': 2.7340269088745117, 'avg_kl_divergence': 0.44522973895072937, 'entropy': 10.824657440185547}, {'step': 30, 'avg_l2_distance': 2.7340269088745117, 'avg_kl_divergence': 0.44522973895072937, 'entropy': 10.824636459350586}, {'step': 31, 'avg_l2_distance': 2.7340269088745117, 'avg_kl_divergence': 0.44522973895072937, 'entropy': 10.82461166381836}, {'step': 32, 'avg_l2_distance': 2.7340269088745117, 'avg_kl_divergence': 0.44522973895072937, 'entropy': 10.824581146240234}, {'step': 33, 'avg_l2_distance': 2.7340269088745117, 'avg_kl_divergence': 0.44522973895072937, 'entropy': 10.824546813964844}, {'step': 34, 'avg_l2_distance': 2.7340269088745117, 'avg_kl_divergence': 0.44522973895072937, 'entropy': 10.824504852294922}, {'step': 35, 'avg_l2_distance': 2.7340269088745117, 'avg_kl_divergence': 0.44522973895072937, 'entropy': 10.824455261230469}, {'step': 36, 'avg_l2_distance': 2.7340269088745117, 'avg_kl_divergence': 0.44522973895072937, 'entropy': 10.824394226074219}, {'step': 37, 'avg_l2_distance': 2.7340269088745117, 'avg_kl_divergence': 0.44522973895072937, 'entropy': 10.824317932128906}, {'step': 38, 'avg_l2_distance': 2.7340269088745117, 'avg_kl_divergence': 0.44522973895072937, 'entropy': 10.824222564697266}, {'step': 39, 'avg_l2_distance': 2.7340269088745117, 'avg_kl_divergence': 0.44522973895072937, 'entropy': 10.82409954071045}, {'step': 40, 'avg_l2_distance': 2.7340269088745117, 'avg_kl_divergence': 0.44522973895072937, 'entropy': 10.823936462402344}, {'step': 41, 'avg_l2_distance': 2.7340269088745117, 'avg_kl_divergence': 0.44522973895072937, 'entropy': 10.823715209960938}, {'step': 42, 'avg_l2_distance': 2.7340269088745117, 'avg_kl_divergence': 0.44522973895072937, 'entropy': 10.823405265808105}, {'step': 43, 'avg_l2_distance': 2.7340269088745117, 'avg_kl_divergence': 0.44522973895072937, 'entropy': 10.822949409484863}, {'step': 44, 'avg_l2_distance': 2.7340269088745117, 'avg_kl_divergence': 0.44522973895072937, 'entropy': 10.822236061096191}, {'step': 45, 'avg_l2_distance': 2.7340269088745117, 'avg_kl_divergence': 0.44522973895072937, 'entropy': 10.821027755737305}, {'step': 46, 'avg_l2_distance': 2.7340269088745117, 'avg_kl_divergence': 0.44522973895072937, 'entropy': 10.818709373474121}, {'step': 47, 'avg_l2_distance': 2.7340269088745117, 'avg_kl_divergence': 0.44522973895072937, 'entropy': 10.813243865966797}, {'step': 48, 'avg_l2_distance': 2.7340269088745117, 'avg_kl_divergence': 0.44522973895072937, 'entropy': 10.79374885559082}, {'step': 49, 'avg_l2_distance': 2.7340269088745117, 'avg_kl_divergence': 0.44522973895072937, 'entropy': 9.822206497192383}]",2.7340269088745117,0.44522973895072937,0.0
72,policy,True,"[{'step': 0, 'avg_l2_distance': 2.4179375171661377, 'avg_kl_divergence': 5.964035511016846, 'entropy': 10.824825286865234}, {'step': 1, 'avg_l2_distance': 2.4179375171661377, 'avg_kl_divergence': 5.964035511016846, 'entropy': 10.824823379516602}, {'step': 2, 'avg_l2_distance': 2.4179375171661377, 'avg_kl_divergence': 5.964035511016846, 'entropy': 10.824820518493652}, {'step': 3, 'avg_l2_distance': 2.3375730514526367, 'avg_kl_divergence': 7.160914421081543, 'entropy': 10.824817657470703}, {'step': 4, 'avg_l2_distance': 2.3375730514526367, 'avg_kl_divergence': 7.160914421081543, 'entropy': 10.824797630310059}, {'step': 5, 'avg_l2_distance': 2.3375730514526367, 'avg_kl_divergence': 7.160914421081543, 'entropy': 10.82479476928711}, {'step': 6, 'avg_l2_distance': 2.3375730514526367, 'avg_kl_divergence': 7.160914421081543, 'entropy': 10.824790954589844}, {'step': 7, 'avg_l2_distance': 2.3375730514526367, 'avg_kl_divergence': 7.160914421081543, 'entropy': 10.824788093566895}, {'step': 8, 'avg_l2_distance': 2.3375730514526367, 'avg_kl_divergence': 7.160914421081543, 'entropy': 10.824784278869629}, {'step': 9, 'avg_l2_distance': 2.3375730514526367, 'avg_kl_divergence': 7.160914421081543, 'entropy': 10.824779510498047}, {'step': 10, 'avg_l2_distance': 2.3375730514526367, 'avg_kl_divergence': 7.160914421081543, 'entropy': 10.824776649475098}, {'step': 11, 'avg_l2_distance': 2.3375730514526367, 'avg_kl_divergence': 7.160914421081543, 'entropy': 10.824771881103516}, {'step': 12, 'avg_l2_distance': 2.3375730514526367, 'avg_kl_divergence': 7.160914421081543, 'entropy': 10.824767112731934}, {'step': 13, 'avg_l2_distance': 2.3375730514526367, 'avg_kl_divergence': 7.160914421081543, 'entropy': 10.824762344360352}, {'step': 14, 'avg_l2_distance': 2.3375730514526367, 'avg_kl_divergence': 7.160914421081543, 'entropy': 10.824756622314453}, {'step': 15, 'avg_l2_distance': 2.3375730514526367, 'avg_kl_divergence': 7.160914421081543, 'entropy': 10.824748992919922}, {'step': 16, 'avg_l2_distance': 2.3375730514526367, 'avg_kl_divergence': 7.160914421081543, 'entropy': 10.824742317199707}, {'step': 17, 'avg_l2_distance': 2.3375730514526367, 'avg_kl_divergence': 7.160914421081543, 'entropy': 10.824735641479492}, {'step': 18, 'avg_l2_distance': 2.3375730514526367, 'avg_kl_divergence': 7.160914421081543, 'entropy': 10.824727058410645}, {'step': 19, 'avg_l2_distance': 2.3375730514526367, 'avg_kl_divergence': 7.160914421081543, 'entropy': 10.824718475341797}, {'step': 20, 'avg_l2_distance': 2.3375730514526367, 'avg_kl_divergence': 7.160914421081543, 'entropy': 10.824708938598633}, {'step': 21, 'avg_l2_distance': 2.3375730514526367, 'avg_kl_divergence': 7.160914421081543, 'entropy': 10.824697494506836}, {'step': 22, 'avg_l2_distance': 2.3375730514526367, 'avg_kl_divergence': 7.160914421081543, 'entropy': 10.824686050415039}, {'step': 23, 'avg_l2_distance': 2.3375730514526367, 'avg_kl_divergence': 7.160914421081543, 'entropy': 10.82467269897461}, {'step': 24, 'avg_l2_distance': 2.3375730514526367, 'avg_kl_divergence': 7.160914421081543, 'entropy': 10.824657440185547}, {'step': 25, 'avg_l2_distance': 2.3375730514526367, 'avg_kl_divergence': 7.160914421081543, 'entropy': 10.824642181396484}, {'step': 26, 'avg_l2_distance': 2.3375730514526367, 'avg_kl_divergence': 7.160914421081543, 'entropy': 10.824623107910156}, {'step': 27, 'avg_l2_distance': 2.3375730514526367, 'avg_kl_divergence': 7.160914421081543, 'entropy': 10.824600219726562}, {'step': 28, 'avg_l2_distance': 2.3375730514526367, 'avg_kl_divergence': 7.160914421081543, 'entropy': 10.824577331542969}, {'step': 29, 'avg_l2_distance': 2.3375730514526367, 'avg_kl_divergence': 7.160914421081543, 'entropy': 10.824548721313477}, {'step': 30, 'avg_l2_distance': 2.3375730514526367, 'avg_kl_divergence': 7.160914421081543, 'entropy': 10.824516296386719}, {'step': 31, 'avg_l2_distance': 2.3375730514526367, 'avg_kl_divergence': 7.160914421081543, 'entropy': 10.824481010437012}, {'step': 32, 'avg_l2_distance': 2.3375730514526367, 'avg_kl_divergence': 7.160914421081543, 'entropy': 10.82443618774414}, {'step': 33, 'avg_l2_distance': 2.3375730514526367, 'avg_kl_divergence': 7.160914421081543, 'entropy': 10.824384689331055}, {'step': 34, 'avg_l2_distance': 2.3375730514526367, 'avg_kl_divergence': 7.160914421081543, 'entropy': 10.824325561523438}, {'step': 35, 'avg_l2_distance': 2.3375730514526367, 'avg_kl_divergence': 7.160914421081543, 'entropy': 10.824251174926758}, {'step': 36, 'avg_l2_distance': 2.3375730514526367, 'avg_kl_divergence': 7.160914421081543, 'entropy': 10.8241605758667}, {'step': 37, 'avg_l2_distance': 2.3375730514526367, 'avg_kl_divergence': 7.160914421081543, 'entropy': 10.82404899597168}, {'step': 38, 'avg_l2_distance': 2.3375730514526367, 'avg_kl_divergence': 7.160914421081543, 'entropy': 10.823909759521484}, {'step': 39, 'avg_l2_distance': 2.3375730514526367, 'avg_kl_divergence': 7.160914421081543, 'entropy': 10.823728561401367}, {'step': 40, 'avg_l2_distance': 2.3375730514526367, 'avg_kl_divergence': 7.160914421081543, 'entropy': 10.823490142822266}, {'step': 41, 'avg_l2_distance': 2.3375730514526367, 'avg_kl_divergence': 7.160914421081543, 'entropy': 10.823168754577637}, {'step': 42, 'avg_l2_distance': 2.3375730514526367, 'avg_kl_divergence': 7.160914421081543, 'entropy': 10.822714805603027}, {'step': 43, 'avg_l2_distance': 2.3375730514526367, 'avg_kl_divergence': 7.160914421081543, 'entropy': 10.822050094604492}, {'step': 44, 'avg_l2_distance': 2.3375730514526367, 'avg_kl_divergence': 7.160914421081543, 'entropy': 10.82101058959961}, {'step': 45, 'avg_l2_distance': 2.3375730514526367, 'avg_kl_divergence': 7.160914421081543, 'entropy': 10.819246292114258}, {'step': 46, 'avg_l2_distance': 2.3375730514526367, 'avg_kl_divergence': 7.160914421081543, 'entropy': 10.815855979919434}, {'step': 47, 'avg_l2_distance': 2.3375730514526367, 'avg_kl_divergence': 7.160914421081543, 'entropy': 10.80787467956543}, {'step': 48, 'avg_l2_distance': 2.3375730514526367, 'avg_kl_divergence': 7.160914421081543, 'entropy': 10.77987289428711}, {'step': 49, 'avg_l2_distance': 2.3375730514526367, 'avg_kl_divergence': 7.160914421081543, 'entropy': 10.3855562210083}]",2.3375730514526367,7.160914421081543,0.0
73,policy,True,"[{'step': 0, 'avg_l2_distance': 2.244854211807251, 'avg_kl_divergence': 7.159628868103027, 'entropy': 10.824798583984375}, {'step': 1, 'avg_l2_distance': 2.5930609703063965, 'avg_kl_divergence': 10.969234466552734, 'entropy': 10.824795722961426}, {'step': 2, 'avg_l2_distance': 2.5930609703063965, 'avg_kl_divergence': 10.969234466552734, 'entropy': 10.824783325195312}, {'step': 3, 'avg_l2_distance': 2.5930609703063965, 'avg_kl_divergence': 10.969234466552734, 'entropy': 10.82478141784668}, {'step': 4, 'avg_l2_distance': 1.7123589515686035, 'avg_kl_divergence': 7.141742706298828, 'entropy': 10.82477855682373}, {'step': 5, 'avg_l2_distance': 1.7123589515686035, 'avg_kl_divergence': 7.141742706298828, 'entropy': 10.824816703796387}, {'step': 6, 'avg_l2_distance': 2.0846195220947266, 'avg_kl_divergence': 15.900007247924805, 'entropy': 10.824813842773438}, {'step': 7, 'avg_l2_distance': 2.0846195220947266, 'avg_kl_divergence': 15.900007247924805, 'entropy': 10.824724197387695}, {'step': 8, 'avg_l2_distance': 2.0846195220947266, 'avg_kl_divergence': 15.900007247924805, 'entropy': 10.82472038269043}, {'step': 9, 'avg_l2_distance': 2.0846195220947266, 'avg_kl_divergence': 15.900007247924805, 'entropy': 10.824714660644531}, {'step': 10, 'avg_l2_distance': 2.0846195220947266, 'avg_kl_divergence': 15.900007247924805, 'entropy': 10.824708938598633}, {'step': 11, 'avg_l2_distance': 2.0846195220947266, 'avg_kl_divergence': 15.900007247924805, 'entropy': 10.824703216552734}, {'step': 12, 'avg_l2_distance': 2.0846195220947266, 'avg_kl_divergence': 15.900007247924805, 'entropy': 10.824697494506836}, {'step': 13, 'avg_l2_distance': 2.0846195220947266, 'avg_kl_divergence': 15.900007247924805, 'entropy': 10.824689865112305}, {'step': 14, 'avg_l2_distance': 2.0846195220947266, 'avg_kl_divergence': 15.900007247924805, 'entropy': 10.82468032836914}, {'step': 15, 'avg_l2_distance': 2.0846195220947266, 'avg_kl_divergence': 15.900007247924805, 'entropy': 10.824673652648926}, {'step': 16, 'avg_l2_distance': 2.0846195220947266, 'avg_kl_divergence': 15.900007247924805, 'entropy': 10.824666023254395}, {'step': 17, 'avg_l2_distance': 2.0846195220947266, 'avg_kl_divergence': 15.900007247924805, 'entropy': 10.82465648651123}, {'step': 18, 'avg_l2_distance': 2.0846195220947266, 'avg_kl_divergence': 15.900007247924805, 'entropy': 10.82464599609375}, {'step': 19, 'avg_l2_distance': 2.0846195220947266, 'avg_kl_divergence': 15.900007247924805, 'entropy': 10.824633598327637}, {'step': 20, 'avg_l2_distance': 2.0846195220947266, 'avg_kl_divergence': 15.900007247924805, 'entropy': 10.824623107910156}, {'step': 21, 'avg_l2_distance': 2.0846195220947266, 'avg_kl_divergence': 15.900007247924805, 'entropy': 10.82460880279541}, {'step': 22, 'avg_l2_distance': 2.0846195220947266, 'avg_kl_divergence': 15.900007247924805, 'entropy': 10.824592590332031}, {'step': 23, 'avg_l2_distance': 2.0846195220947266, 'avg_kl_divergence': 15.900007247924805, 'entropy': 10.824577331542969}, {'step': 24, 'avg_l2_distance': 2.0846195220947266, 'avg_kl_divergence': 15.900007247924805, 'entropy': 10.824559211730957}, {'step': 25, 'avg_l2_distance': 2.0846195220947266, 'avg_kl_divergence': 15.900007247924805, 'entropy': 10.824538230895996}, {'step': 26, 'avg_l2_distance': 2.3162434101104736, 'avg_kl_divergence': 2.815814733505249, 'entropy': 10.824516296386719}, {'step': 27, 'avg_l2_distance': 2.3162434101104736, 'avg_kl_divergence': 2.815814733505249, 'entropy': 10.824588775634766}, {'step': 28, 'avg_l2_distance': 2.3162434101104736, 'avg_kl_divergence': 2.815814733505249, 'entropy': 10.824563980102539}, {'step': 29, 'avg_l2_distance': 2.3162434101104736, 'avg_kl_divergence': 2.815814733505249, 'entropy': 10.82453727722168}, {'step': 30, 'avg_l2_distance': 2.3162434101104736, 'avg_kl_divergence': 2.815814733505249, 'entropy': 10.824504852294922}, {'step': 31, 'avg_l2_distance': 2.3162434101104736, 'avg_kl_divergence': 2.815814733505249, 'entropy': 10.824469566345215}, {'step': 32, 'avg_l2_distance': 2.3162434101104736, 'avg_kl_divergence': 2.815814733505249, 'entropy': 10.824426651000977}, {'step': 33, 'avg_l2_distance': 2.3162434101104736, 'avg_kl_divergence': 2.815814733505249, 'entropy': 10.824377059936523}, {'step': 34, 'avg_l2_distance': 2.5182580947875977, 'avg_kl_divergence': 3.23508882522583, 'entropy': 10.824317932128906}, {'step': 35, 'avg_l2_distance': 2.5182580947875977, 'avg_kl_divergence': 3.23508882522583, 'entropy': 10.824350357055664}, {'step': 36, 'avg_l2_distance': 2.5182580947875977, 'avg_kl_divergence': 3.23508882522583, 'entropy': 10.824277877807617}, {'step': 37, 'avg_l2_distance': 2.5182580947875977, 'avg_kl_divergence': 3.23508882522583, 'entropy': 10.824186325073242}, {'step': 38, 'avg_l2_distance': 2.5182580947875977, 'avg_kl_divergence': 3.23508882522583, 'entropy': 10.824073791503906}, {'step': 39, 'avg_l2_distance': 2.5182580947875977, 'avg_kl_divergence': 3.23508882522583, 'entropy': 10.823929786682129}, {'step': 40, 'avg_l2_distance': 2.5182580947875977, 'avg_kl_divergence': 3.23508882522583, 'entropy': 10.823738098144531}, {'step': 41, 'avg_l2_distance': 2.5182580947875977, 'avg_kl_divergence': 3.23508882522583, 'entropy': 10.823480606079102}, {'step': 42, 'avg_l2_distance': 2.5182580947875977, 'avg_kl_divergence': 3.23508882522583, 'entropy': 10.823118209838867}, {'step': 43, 'avg_l2_distance': 2.5182580947875977, 'avg_kl_divergence': 3.23508882522583, 'entropy': 10.822587013244629}, {'step': 44, 'avg_l2_distance': 2.5182580947875977, 'avg_kl_divergence': 3.23508882522583, 'entropy': 10.821760177612305}, {'step': 45, 'avg_l2_distance': 2.5182580947875977, 'avg_kl_divergence': 3.23508882522583, 'entropy': 10.820359230041504}, {'step': 46, 'avg_l2_distance': 2.167545795440674, 'avg_kl_divergence': 4.730556964874268, 'entropy': 10.817672729492188}, {'step': 47, 'avg_l2_distance': 2.167545795440674, 'avg_kl_divergence': 4.730556964874268, 'entropy': 10.808368682861328}, {'step': 48, 'avg_l2_distance': 2.167545795440674, 'avg_kl_divergence': 4.730556964874268, 'entropy': 10.780791282653809}, {'step': 49, 'avg_l2_distance': 2.167545795440674, 'avg_kl_divergence': 4.730556964874268, 'entropy': 10.333456039428711}]",2.167545795440674,4.730556964874268,0.0
74,policy,True,"[{'step': 0, 'avg_l2_distance': 2.2248117923736572, 'avg_kl_divergence': 9.636065483093262, 'entropy': 10.824817657470703}, {'step': 1, 'avg_l2_distance': 2.64463210105896, 'avg_kl_divergence': 2.073289632797241, 'entropy': 10.824830055236816}, {'step': 2, 'avg_l2_distance': 2.64463210105896, 'avg_kl_divergence': 2.073289632797241, 'entropy': 10.824750900268555}, {'step': 3, 'avg_l2_distance': 2.64463210105896, 'avg_kl_divergence': 2.073289632797241, 'entropy': 10.824748992919922}, {'step': 4, 'avg_l2_distance': 2.64463210105896, 'avg_kl_divergence': 2.073289632797241, 'entropy': 10.82474422454834}, {'step': 5, 'avg_l2_distance': 2.64463210105896, 'avg_kl_divergence': 2.073289632797241, 'entropy': 10.82474136352539}, {'step': 6, 'avg_l2_distance': 2.64463210105896, 'avg_kl_divergence': 2.073289632797241, 'entropy': 10.824739456176758}, {'step': 7, 'avg_l2_distance': 2.64463210105896, 'avg_kl_divergence': 2.073289632797241, 'entropy': 10.824735641479492}, {'step': 8, 'avg_l2_distance': 2.64463210105896, 'avg_kl_divergence': 2.073289632797241, 'entropy': 10.824731826782227}, {'step': 9, 'avg_l2_distance': 2.64463210105896, 'avg_kl_divergence': 2.073289632797241, 'entropy': 10.824728012084961}, {'step': 10, 'avg_l2_distance': 2.3790764808654785, 'avg_kl_divergence': 5.082137107849121, 'entropy': 10.824722290039062}, {'step': 11, 'avg_l2_distance': 2.744053840637207, 'avg_kl_divergence': 1.2326301336288452, 'entropy': 10.824798583984375}, {'step': 12, 'avg_l2_distance': 2.744053840637207, 'avg_kl_divergence': 1.2326301336288452, 'entropy': 10.824828147888184}, {'step': 13, 'avg_l2_distance': 2.559739351272583, 'avg_kl_divergence': 1.3086636066436768, 'entropy': 10.824825286865234}, {'step': 14, 'avg_l2_distance': 2.559739351272583, 'avg_kl_divergence': 1.3086636066436768, 'entropy': 10.824823379516602}, {'step': 15, 'avg_l2_distance': 2.559739351272583, 'avg_kl_divergence': 1.3086636066436768, 'entropy': 10.824820518493652}, {'step': 16, 'avg_l2_distance': 2.559739351272583, 'avg_kl_divergence': 1.3086636066436768, 'entropy': 10.824816703796387}, {'step': 17, 'avg_l2_distance': 2.559739351272583, 'avg_kl_divergence': 1.3086636066436768, 'entropy': 10.824811935424805}, {'step': 18, 'avg_l2_distance': 2.559739351272583, 'avg_kl_divergence': 1.3086636066436768, 'entropy': 10.824808120727539}, {'step': 19, 'avg_l2_distance': 2.559739351272583, 'avg_kl_divergence': 1.3086636066436768, 'entropy': 10.82480239868164}, {'step': 20, 'avg_l2_distance': 2.559739351272583, 'avg_kl_divergence': 1.3086636066436768, 'entropy': 10.82479476928711}, {'step': 21, 'avg_l2_distance': 2.559739351272583, 'avg_kl_divergence': 1.3086636066436768, 'entropy': 10.824789047241211}, {'step': 22, 'avg_l2_distance': 2.559739351272583, 'avg_kl_divergence': 1.3086636066436768, 'entropy': 10.82478141784668}, {'step': 23, 'avg_l2_distance': 2.559739351272583, 'avg_kl_divergence': 1.3086636066436768, 'entropy': 10.824772834777832}, {'step': 24, 'avg_l2_distance': 2.559739351272583, 'avg_kl_divergence': 1.3086636066436768, 'entropy': 10.824762344360352}, {'step': 25, 'avg_l2_distance': 2.559739351272583, 'avg_kl_divergence': 1.3086636066436768, 'entropy': 10.824753761291504}, {'step': 26, 'avg_l2_distance': 2.559739351272583, 'avg_kl_divergence': 1.3086636066436768, 'entropy': 10.824740409851074}, {'step': 27, 'avg_l2_distance': 2.559739351272583, 'avg_kl_divergence': 1.3086636066436768, 'entropy': 10.824726104736328}, {'step': 28, 'avg_l2_distance': 2.559739351272583, 'avg_kl_divergence': 1.3086636066436768, 'entropy': 10.824708938598633}, {'step': 29, 'avg_l2_distance': 2.559739351272583, 'avg_kl_divergence': 1.3086636066436768, 'entropy': 10.824690818786621}, {'step': 30, 'avg_l2_distance': 2.559739351272583, 'avg_kl_divergence': 1.3086636066436768, 'entropy': 10.824667930603027}, {'step': 31, 'avg_l2_distance': 2.559739351272583, 'avg_kl_divergence': 1.3086636066436768, 'entropy': 10.824641227722168}, {'step': 32, 'avg_l2_distance': 2.335688352584839, 'avg_kl_divergence': 6.088569164276123, 'entropy': 10.824609756469727}, {'step': 33, 'avg_l2_distance': 2.335688352584839, 'avg_kl_divergence': 6.088569164276123, 'entropy': 10.824481964111328}, {'step': 34, 'avg_l2_distance': 2.335688352584839, 'avg_kl_divergence': 6.088569164276123, 'entropy': 10.82442855834961}, {'step': 35, 'avg_l2_distance': 2.335688352584839, 'avg_kl_divergence': 6.088569164276123, 'entropy': 10.824361801147461}, {'step': 36, 'avg_l2_distance': 2.335688352584839, 'avg_kl_divergence': 6.088569164276123, 'entropy': 10.824281692504883}, {'step': 37, 'avg_l2_distance': 2.335688352584839, 'avg_kl_divergence': 6.088569164276123, 'entropy': 10.824180603027344}, {'step': 38, 'avg_l2_distance': 2.335688352584839, 'avg_kl_divergence': 6.088569164276123, 'entropy': 10.824054718017578}, {'step': 39, 'avg_l2_distance': 2.335688352584839, 'avg_kl_divergence': 6.088569164276123, 'entropy': 10.823890686035156}, {'step': 40, 'avg_l2_distance': 2.335688352584839, 'avg_kl_divergence': 6.088569164276123, 'entropy': 10.8236722946167}, {'step': 41, 'avg_l2_distance': 2.335688352584839, 'avg_kl_divergence': 6.088569164276123, 'entropy': 10.823376655578613}, {'step': 42, 'avg_l2_distance': 2.335688352584839, 'avg_kl_divergence': 6.088569164276123, 'entropy': 10.822957992553711}, {'step': 43, 'avg_l2_distance': 2.335688352584839, 'avg_kl_divergence': 6.088569164276123, 'entropy': 10.822341918945312}, {'step': 44, 'avg_l2_distance': 2.335688352584839, 'avg_kl_divergence': 6.088569164276123, 'entropy': 10.82137680053711}, {'step': 45, 'avg_l2_distance': 2.335688352584839, 'avg_kl_divergence': 6.088569164276123, 'entropy': 10.819734573364258}, {'step': 46, 'avg_l2_distance': 2.335688352584839, 'avg_kl_divergence': 6.088569164276123, 'entropy': 10.81657886505127}, {'step': 47, 'avg_l2_distance': 2.335688352584839, 'avg_kl_divergence': 6.088569164276123, 'entropy': 10.809146881103516}, {'step': 48, 'avg_l2_distance': 2.335688352584839, 'avg_kl_divergence': 6.088569164276123, 'entropy': 10.78310489654541}, {'step': 49, 'avg_l2_distance': 2.335688352584839, 'avg_kl_divergence': 6.088569164276123, 'entropy': 10.308791160583496}]",2.335688352584839,6.088569164276123,0.0
75,policy,True,"[{'step': 0, 'avg_l2_distance': 2.6739046573638916, 'avg_kl_divergence': 4.648663520812988, 'entropy': 10.8248291015625}, {'step': 1, 'avg_l2_distance': 2.6739046573638916, 'avg_kl_divergence': 4.648663520812988, 'entropy': 10.824808120727539}, {'step': 2, 'avg_l2_distance': 2.6739046573638916, 'avg_kl_divergence': 4.648663520812988, 'entropy': 10.824808120727539}, {'step': 3, 'avg_l2_distance': 2.6739046573638916, 'avg_kl_divergence': 4.648663520812988, 'entropy': 10.824804306030273}, {'step': 4, 'avg_l2_distance': 2.6739046573638916, 'avg_kl_divergence': 4.648663520812988, 'entropy': 10.82480239868164}, {'step': 5, 'avg_l2_distance': 2.6739046573638916, 'avg_kl_divergence': 4.648663520812988, 'entropy': 10.824800491333008}, {'step': 6, 'avg_l2_distance': 2.6739046573638916, 'avg_kl_divergence': 4.648663520812988, 'entropy': 10.824796676635742}, {'step': 7, 'avg_l2_distance': 2.6739046573638916, 'avg_kl_divergence': 4.648663520812988, 'entropy': 10.824793815612793}, {'step': 8, 'avg_l2_distance': 2.6739046573638916, 'avg_kl_divergence': 4.648663520812988, 'entropy': 10.824790954589844}, {'step': 9, 'avg_l2_distance': 2.6739046573638916, 'avg_kl_divergence': 4.648663520812988, 'entropy': 10.824787139892578}, {'step': 10, 'avg_l2_distance': 2.6739046573638916, 'avg_kl_divergence': 4.648663520812988, 'entropy': 10.824784278869629}, {'step': 11, 'avg_l2_distance': 2.6739046573638916, 'avg_kl_divergence': 4.648663520812988, 'entropy': 10.824780464172363}, {'step': 12, 'avg_l2_distance': 2.6739046573638916, 'avg_kl_divergence': 4.648663520812988, 'entropy': 10.824775695800781}, {'step': 13, 'avg_l2_distance': 2.42478609085083, 'avg_kl_divergence': 7.074882507324219, 'entropy': 10.824771881103516}, {'step': 14, 'avg_l2_distance': 2.42478609085083, 'avg_kl_divergence': 7.074882507324219, 'entropy': 10.82474422454834}, {'step': 15, 'avg_l2_distance': 2.42478609085083, 'avg_kl_divergence': 7.074882507324219, 'entropy': 10.824736595153809}, {'step': 16, 'avg_l2_distance': 2.653477191925049, 'avg_kl_divergence': 5.869691371917725, 'entropy': 10.824728965759277}, {'step': 17, 'avg_l2_distance': 2.653477191925049, 'avg_kl_divergence': 5.869691371917725, 'entropy': 10.82470417022705}, {'step': 18, 'avg_l2_distance': 2.653477191925049, 'avg_kl_divergence': 5.869691371917725, 'entropy': 10.824694633483887}, {'step': 19, 'avg_l2_distance': 2.653477191925049, 'avg_kl_divergence': 5.869691371917725, 'entropy': 10.824685096740723}, {'step': 20, 'avg_l2_distance': 2.653477191925049, 'avg_kl_divergence': 5.869691371917725, 'entropy': 10.824675559997559}, {'step': 21, 'avg_l2_distance': 2.653477191925049, 'avg_kl_divergence': 5.869691371917725, 'entropy': 10.824665069580078}, {'step': 22, 'avg_l2_distance': 2.653477191925049, 'avg_kl_divergence': 5.869691371917725, 'entropy': 10.824650764465332}, {'step': 23, 'avg_l2_distance': 2.5463082790374756, 'avg_kl_divergence': 2.269383192062378, 'entropy': 10.824637413024902}, {'step': 24, 'avg_l2_distance': 2.5463082790374756, 'avg_kl_divergence': 2.269383192062378, 'entropy': 10.824628829956055}, {'step': 25, 'avg_l2_distance': 2.7960474491119385, 'avg_kl_divergence': 2.2398838996887207, 'entropy': 10.82461166381836}, {'step': 26, 'avg_l2_distance': 2.7960474491119385, 'avg_kl_divergence': 2.2398838996887207, 'entropy': 10.824617385864258}, {'step': 27, 'avg_l2_distance': 2.7960474491119385, 'avg_kl_divergence': 2.2398838996887207, 'entropy': 10.824596405029297}, {'step': 28, 'avg_l2_distance': 2.7960474491119385, 'avg_kl_divergence': 2.2398838996887207, 'entropy': 10.824573516845703}, {'step': 29, 'avg_l2_distance': 2.7960474491119385, 'avg_kl_divergence': 2.2398838996887207, 'entropy': 10.824546813964844}, {'step': 30, 'avg_l2_distance': 2.7960474491119385, 'avg_kl_divergence': 2.2398838996887207, 'entropy': 10.824514389038086}, {'step': 31, 'avg_l2_distance': 2.7960474491119385, 'avg_kl_divergence': 2.2398838996887207, 'entropy': 10.824478149414062}, {'step': 32, 'avg_l2_distance': 2.7960474491119385, 'avg_kl_divergence': 2.2398838996887207, 'entropy': 10.82443618774414}, {'step': 33, 'avg_l2_distance': 2.7960474491119385, 'avg_kl_divergence': 2.2398838996887207, 'entropy': 10.824386596679688}, {'step': 34, 'avg_l2_distance': 2.7960474491119385, 'avg_kl_divergence': 2.2398838996887207, 'entropy': 10.82432746887207}, {'step': 35, 'avg_l2_distance': 2.7960474491119385, 'avg_kl_divergence': 2.2398838996887207, 'entropy': 10.824256896972656}, {'step': 36, 'avg_l2_distance': 2.7960474491119385, 'avg_kl_divergence': 2.2398838996887207, 'entropy': 10.82417106628418}, {'step': 37, 'avg_l2_distance': 2.7960474491119385, 'avg_kl_divergence': 2.2398838996887207, 'entropy': 10.82406234741211}, {'step': 38, 'avg_l2_distance': 2.7960474491119385, 'avg_kl_divergence': 2.2398838996887207, 'entropy': 10.82392692565918}, {'step': 39, 'avg_l2_distance': 2.7960474491119385, 'avg_kl_divergence': 2.2398838996887207, 'entropy': 10.823753356933594}, {'step': 40, 'avg_l2_distance': 2.7960474491119385, 'avg_kl_divergence': 2.2398838996887207, 'entropy': 10.823524475097656}, {'step': 41, 'avg_l2_distance': 2.7960474491119385, 'avg_kl_divergence': 2.2398838996887207, 'entropy': 10.823213577270508}, {'step': 42, 'avg_l2_distance': 2.7960474491119385, 'avg_kl_divergence': 2.2398838996887207, 'entropy': 10.82278060913086}, {'step': 43, 'avg_l2_distance': 2.7960474491119385, 'avg_kl_divergence': 2.2398838996887207, 'entropy': 10.8221435546875}, {'step': 44, 'avg_l2_distance': 2.7960474491119385, 'avg_kl_divergence': 2.2398838996887207, 'entropy': 10.821149826049805}, {'step': 45, 'avg_l2_distance': 2.7960474491119385, 'avg_kl_divergence': 2.2398838996887207, 'entropy': 10.819465637207031}, {'step': 46, 'avg_l2_distance': 2.7960474491119385, 'avg_kl_divergence': 2.2398838996887207, 'entropy': 10.816238403320312}, {'step': 47, 'avg_l2_distance': 2.7960474491119385, 'avg_kl_divergence': 2.2398838996887207, 'entropy': 10.808660507202148}, {'step': 48, 'avg_l2_distance': 2.5607104301452637, 'avg_kl_divergence': 4.295377731323242, 'entropy': 10.782137870788574}, {'step': 49, 'avg_l2_distance': 2.5607104301452637, 'avg_kl_divergence': 4.295377731323242, 'entropy': 10.281927108764648}]",2.5607104301452637,4.295377731323242,0.0
76,policy,True,"[{'step': 0, 'avg_l2_distance': 2.989849328994751, 'avg_kl_divergence': 8.283283233642578, 'entropy': 10.82483196258545}, {'step': 1, 'avg_l2_distance': 2.989849328994751, 'avg_kl_divergence': 8.283283233642578, 'entropy': 10.824831008911133}, {'step': 2, 'avg_l2_distance': 2.989849328994751, 'avg_kl_divergence': 8.283283233642578, 'entropy': 10.8248291015625}, {'step': 3, 'avg_l2_distance': 2.989849328994751, 'avg_kl_divergence': 8.283283233642578, 'entropy': 10.824827194213867}, {'step': 4, 'avg_l2_distance': 2.8774991035461426, 'avg_kl_divergence': 7.908790588378906, 'entropy': 10.824825286865234}, {'step': 5, 'avg_l2_distance': 2.8774991035461426, 'avg_kl_divergence': 7.908790588378906, 'entropy': 10.824813842773438}, {'step': 6, 'avg_l2_distance': 2.8774991035461426, 'avg_kl_divergence': 7.908790588378906, 'entropy': 10.824813842773438}, {'step': 7, 'avg_l2_distance': 2.8774991035461426, 'avg_kl_divergence': 7.908790588378906, 'entropy': 10.824810981750488}, {'step': 8, 'avg_l2_distance': 2.8774991035461426, 'avg_kl_divergence': 7.908790588378906, 'entropy': 10.824809074401855}, {'step': 9, 'avg_l2_distance': 2.7956273555755615, 'avg_kl_divergence': 9.01822566986084, 'entropy': 10.824806213378906}, {'step': 10, 'avg_l2_distance': 2.7956273555755615, 'avg_kl_divergence': 9.01822566986084, 'entropy': 10.824779510498047}, {'step': 11, 'avg_l2_distance': 2.7956273555755615, 'avg_kl_divergence': 9.01822566986084, 'entropy': 10.824775695800781}, {'step': 12, 'avg_l2_distance': 2.7956273555755615, 'avg_kl_divergence': 9.01822566986084, 'entropy': 10.824771881103516}, {'step': 13, 'avg_l2_distance': 2.7956273555755615, 'avg_kl_divergence': 9.01822566986084, 'entropy': 10.82476806640625}, {'step': 14, 'avg_l2_distance': 2.7956273555755615, 'avg_kl_divergence': 9.01822566986084, 'entropy': 10.824763298034668}, {'step': 15, 'avg_l2_distance': 2.7956273555755615, 'avg_kl_divergence': 9.01822566986084, 'entropy': 10.82475757598877}, {'step': 16, 'avg_l2_distance': 2.7956273555755615, 'avg_kl_divergence': 9.01822566986084, 'entropy': 10.824752807617188}, {'step': 17, 'avg_l2_distance': 2.7956273555755615, 'avg_kl_divergence': 9.01822566986084, 'entropy': 10.824747085571289}, {'step': 18, 'avg_l2_distance': 2.7956273555755615, 'avg_kl_divergence': 9.01822566986084, 'entropy': 10.824739456176758}, {'step': 19, 'avg_l2_distance': 2.7956273555755615, 'avg_kl_divergence': 9.01822566986084, 'entropy': 10.824731826782227}, {'step': 20, 'avg_l2_distance': 2.7956273555755615, 'avg_kl_divergence': 9.01822566986084, 'entropy': 10.824726104736328}, {'step': 21, 'avg_l2_distance': 2.7956273555755615, 'avg_kl_divergence': 9.01822566986084, 'entropy': 10.824716567993164}, {'step': 22, 'avg_l2_distance': 2.7956273555755615, 'avg_kl_divergence': 9.01822566986084, 'entropy': 10.824706077575684}, {'step': 23, 'avg_l2_distance': 2.7956273555755615, 'avg_kl_divergence': 9.01822566986084, 'entropy': 10.82469654083252}, {'step': 24, 'avg_l2_distance': 2.7956273555755615, 'avg_kl_divergence': 9.01822566986084, 'entropy': 10.824684143066406}, {'step': 25, 'avg_l2_distance': 2.7956273555755615, 'avg_kl_divergence': 9.01822566986084, 'entropy': 10.824670791625977}, {'step': 26, 'avg_l2_distance': 2.7956273555755615, 'avg_kl_divergence': 9.01822566986084, 'entropy': 10.824655532836914}, {'step': 27, 'avg_l2_distance': 2.7956273555755615, 'avg_kl_divergence': 9.01822566986084, 'entropy': 10.824639320373535}, {'step': 28, 'avg_l2_distance': 2.7956273555755615, 'avg_kl_divergence': 9.01822566986084, 'entropy': 10.824621200561523}, {'step': 29, 'avg_l2_distance': 2.7956273555755615, 'avg_kl_divergence': 9.01822566986084, 'entropy': 10.824599266052246}, {'step': 30, 'avg_l2_distance': 2.7956273555755615, 'avg_kl_divergence': 9.01822566986084, 'entropy': 10.824573516845703}, {'step': 31, 'avg_l2_distance': 2.7956273555755615, 'avg_kl_divergence': 9.01822566986084, 'entropy': 10.824544906616211}, {'step': 32, 'avg_l2_distance': 2.7956273555755615, 'avg_kl_divergence': 9.01822566986084, 'entropy': 10.82451057434082}, {'step': 33, 'avg_l2_distance': 2.7956273555755615, 'avg_kl_divergence': 9.01822566986084, 'entropy': 10.824470520019531}, {'step': 34, 'avg_l2_distance': 2.7956273555755615, 'avg_kl_divergence': 9.01822566986084, 'entropy': 10.824424743652344}, {'step': 35, 'avg_l2_distance': 2.7956273555755615, 'avg_kl_divergence': 9.01822566986084, 'entropy': 10.824369430541992}, {'step': 36, 'avg_l2_distance': 2.7956273555755615, 'avg_kl_divergence': 9.01822566986084, 'entropy': 10.824298858642578}, {'step': 37, 'avg_l2_distance': 2.7956273555755615, 'avg_kl_divergence': 9.01822566986084, 'entropy': 10.824214935302734}, {'step': 38, 'avg_l2_distance': 2.7956273555755615, 'avg_kl_divergence': 9.01822566986084, 'entropy': 10.824108123779297}, {'step': 39, 'avg_l2_distance': 2.7956273555755615, 'avg_kl_divergence': 9.01822566986084, 'entropy': 10.82397174835205}, {'step': 40, 'avg_l2_distance': 2.7956273555755615, 'avg_kl_divergence': 9.01822566986084, 'entropy': 10.823792457580566}, {'step': 41, 'avg_l2_distance': 2.7956273555755615, 'avg_kl_divergence': 9.01822566986084, 'entropy': 10.823549270629883}, {'step': 42, 'avg_l2_distance': 2.7956273555755615, 'avg_kl_divergence': 9.01822566986084, 'entropy': 10.823209762573242}, {'step': 43, 'avg_l2_distance': 2.7956273555755615, 'avg_kl_divergence': 9.01822566986084, 'entropy': 10.822713851928711}, {'step': 44, 'avg_l2_distance': 2.7956273555755615, 'avg_kl_divergence': 9.01822566986084, 'entropy': 10.821941375732422}, {'step': 45, 'avg_l2_distance': 2.7956273555755615, 'avg_kl_divergence': 9.01822566986084, 'entropy': 10.820635795593262}, {'step': 46, 'avg_l2_distance': 2.7956273555755615, 'avg_kl_divergence': 9.01822566986084, 'entropy': 10.818140983581543}, {'step': 47, 'avg_l2_distance': 2.7956273555755615, 'avg_kl_divergence': 9.01822566986084, 'entropy': 10.812284469604492}, {'step': 48, 'avg_l2_distance': 2.7956273555755615, 'avg_kl_divergence': 9.01822566986084, 'entropy': 10.791569709777832}, {'step': 49, 'avg_l2_distance': 2.7956273555755615, 'avg_kl_divergence': 9.01822566986084, 'entropy': 10.021825790405273}]",2.7956273555755615,9.01822566986084,0.0
77,policy,True,"[{'step': 0, 'avg_l2_distance': 2.3530325889587402, 'avg_kl_divergence': 6.202025890350342, 'entropy': 10.824773788452148}, {'step': 1, 'avg_l2_distance': 2.816754102706909, 'avg_kl_divergence': 5.159336090087891, 'entropy': 10.8247709274292}, {'step': 2, 'avg_l2_distance': 2.816754102706909, 'avg_kl_divergence': 5.159336090087891, 'entropy': 10.824819564819336}, {'step': 3, 'avg_l2_distance': 2.739931344985962, 'avg_kl_divergence': 8.845317840576172, 'entropy': 10.824817657470703}, {'step': 4, 'avg_l2_distance': 2.739931344985962, 'avg_kl_divergence': 8.845317840576172, 'entropy': 10.824812889099121}, {'step': 5, 'avg_l2_distance': 2.4553236961364746, 'avg_kl_divergence': 7.0429911613464355, 'entropy': 10.824810981750488}, {'step': 6, 'avg_l2_distance': 2.49748158454895, 'avg_kl_divergence': 8.0477876663208, 'entropy': 10.824824333190918}, {'step': 7, 'avg_l2_distance': 2.8413825035095215, 'avg_kl_divergence': 8.694073677062988, 'entropy': 10.824827194213867}, {'step': 8, 'avg_l2_distance': 2.8413825035095215, 'avg_kl_divergence': 8.694073677062988, 'entropy': 10.824787139892578}, {'step': 9, 'avg_l2_distance': 2.8413825035095215, 'avg_kl_divergence': 8.694073677062988, 'entropy': 10.824783325195312}, {'step': 10, 'avg_l2_distance': 2.8413825035095215, 'avg_kl_divergence': 8.694073677062988, 'entropy': 10.824780464172363}, {'step': 11, 'avg_l2_distance': 2.8413825035095215, 'avg_kl_divergence': 8.694073677062988, 'entropy': 10.824776649475098}, {'step': 12, 'avg_l2_distance': 2.8413825035095215, 'avg_kl_divergence': 8.694073677062988, 'entropy': 10.824773788452148}, {'step': 13, 'avg_l2_distance': 2.473384380340576, 'avg_kl_divergence': 7.50111722946167, 'entropy': 10.824769973754883}, {'step': 14, 'avg_l2_distance': 2.473384380340576, 'avg_kl_divergence': 7.50111722946167, 'entropy': 10.824772834777832}, {'step': 15, 'avg_l2_distance': 2.473384380340576, 'avg_kl_divergence': 7.50111722946167, 'entropy': 10.82476806640625}, {'step': 16, 'avg_l2_distance': 2.473384380340576, 'avg_kl_divergence': 7.50111722946167, 'entropy': 10.824762344360352}, {'step': 17, 'avg_l2_distance': 2.473384380340576, 'avg_kl_divergence': 7.50111722946167, 'entropy': 10.82475471496582}, {'step': 18, 'avg_l2_distance': 2.473384380340576, 'avg_kl_divergence': 7.50111722946167, 'entropy': 10.824748039245605}, {'step': 19, 'avg_l2_distance': 2.811473846435547, 'avg_kl_divergence': 7.348852157592773, 'entropy': 10.82474136352539}, {'step': 20, 'avg_l2_distance': 2.811473846435547, 'avg_kl_divergence': 7.348852157592773, 'entropy': 10.824762344360352}, {'step': 21, 'avg_l2_distance': 2.6970255374908447, 'avg_kl_divergence': 5.825939655303955, 'entropy': 10.82475471496582}, {'step': 22, 'avg_l2_distance': 1.9150832891464233, 'avg_kl_divergence': 9.378158569335938, 'entropy': 10.824729919433594}, {'step': 23, 'avg_l2_distance': 1.9150832891464233, 'avg_kl_divergence': 9.378158569335938, 'entropy': 10.824604034423828}, {'step': 24, 'avg_l2_distance': 1.9150832891464233, 'avg_kl_divergence': 9.378158569335938, 'entropy': 10.824584007263184}, {'step': 25, 'avg_l2_distance': 1.9150832891464233, 'avg_kl_divergence': 9.378158569335938, 'entropy': 10.824563980102539}, {'step': 26, 'avg_l2_distance': 1.9150832891464233, 'avg_kl_divergence': 9.378158569335938, 'entropy': 10.824539184570312}, {'step': 27, 'avg_l2_distance': 1.9150832891464233, 'avg_kl_divergence': 9.378158569335938, 'entropy': 10.82451057434082}, {'step': 28, 'avg_l2_distance': 2.1258180141448975, 'avg_kl_divergence': 6.625393867492676, 'entropy': 10.824481964111328}, {'step': 29, 'avg_l2_distance': 2.1258180141448975, 'avg_kl_divergence': 6.625393867492676, 'entropy': 10.824533462524414}, {'step': 30, 'avg_l2_distance': 2.1258180141448975, 'avg_kl_divergence': 6.625393867492676, 'entropy': 10.824499130249023}, {'step': 31, 'avg_l2_distance': 2.1258180141448975, 'avg_kl_divergence': 6.625393867492676, 'entropy': 10.824455261230469}, {'step': 32, 'avg_l2_distance': 2.630951404571533, 'avg_kl_divergence': 6.480225086212158, 'entropy': 10.824405670166016}, {'step': 33, 'avg_l2_distance': 2.630951404571533, 'avg_kl_divergence': 6.480225086212158, 'entropy': 10.824466705322266}, {'step': 34, 'avg_l2_distance': 2.630951404571533, 'avg_kl_divergence': 6.480225086212158, 'entropy': 10.82441520690918}, {'step': 35, 'avg_l2_distance': 2.630951404571533, 'avg_kl_divergence': 6.480225086212158, 'entropy': 10.824355125427246}, {'step': 36, 'avg_l2_distance': 2.630951404571533, 'avg_kl_divergence': 6.480225086212158, 'entropy': 10.82427978515625}, {'step': 37, 'avg_l2_distance': 2.630951404571533, 'avg_kl_divergence': 6.480225086212158, 'entropy': 10.824186325073242}, {'step': 38, 'avg_l2_distance': 2.630951404571533, 'avg_kl_divergence': 6.480225086212158, 'entropy': 10.824070930480957}, {'step': 39, 'avg_l2_distance': 2.630951404571533, 'avg_kl_divergence': 6.480225086212158, 'entropy': 10.823921203613281}, {'step': 40, 'avg_l2_distance': 2.630951404571533, 'avg_kl_divergence': 6.480225086212158, 'entropy': 10.823724746704102}, {'step': 41, 'avg_l2_distance': 2.630951404571533, 'avg_kl_divergence': 6.480225086212158, 'entropy': 10.82345962524414}, {'step': 42, 'avg_l2_distance': 2.630951404571533, 'avg_kl_divergence': 6.480225086212158, 'entropy': 10.823087692260742}, {'step': 43, 'avg_l2_distance': 2.630951404571533, 'avg_kl_divergence': 6.480225086212158, 'entropy': 10.822543144226074}, {'step': 44, 'avg_l2_distance': 2.630951404571533, 'avg_kl_divergence': 6.480225086212158, 'entropy': 10.821694374084473}, {'step': 45, 'avg_l2_distance': 2.630951404571533, 'avg_kl_divergence': 6.480225086212158, 'entropy': 10.82026195526123}, {'step': 46, 'avg_l2_distance': 2.630951404571533, 'avg_kl_divergence': 6.480225086212158, 'entropy': 10.817523002624512}, {'step': 47, 'avg_l2_distance': 2.630951404571533, 'avg_kl_divergence': 6.480225086212158, 'entropy': 10.811098098754883}, {'step': 48, 'avg_l2_distance': 2.630951404571533, 'avg_kl_divergence': 6.480225086212158, 'entropy': 10.78842830657959}, {'step': 49, 'avg_l2_distance': 2.630951404571533, 'avg_kl_divergence': 6.480225086212158, 'entropy': 10.211502075195312}]",2.630951404571533,6.480225086212158,0.0
78,policy,True,"[{'step': 0, 'avg_l2_distance': 2.384777307510376, 'avg_kl_divergence': 7.286559104919434, 'entropy': 10.824789047241211}, {'step': 1, 'avg_l2_distance': 2.384777307510376, 'avg_kl_divergence': 7.286559104919434, 'entropy': 10.824787139892578}, {'step': 2, 'avg_l2_distance': 2.384777307510376, 'avg_kl_divergence': 7.286559104919434, 'entropy': 10.824784278869629}, {'step': 3, 'avg_l2_distance': 2.384777307510376, 'avg_kl_divergence': 7.286559104919434, 'entropy': 10.824780464172363}, {'step': 4, 'avg_l2_distance': 2.384777307510376, 'avg_kl_divergence': 7.286559104919434, 'entropy': 10.824777603149414}, {'step': 5, 'avg_l2_distance': 2.384777307510376, 'avg_kl_divergence': 7.286559104919434, 'entropy': 10.824775695800781}, {'step': 6, 'avg_l2_distance': 2.384777307510376, 'avg_kl_divergence': 7.286559104919434, 'entropy': 10.824771881103516}, {'step': 7, 'avg_l2_distance': 2.384777307510376, 'avg_kl_divergence': 7.286559104919434, 'entropy': 10.82476806640625}, {'step': 8, 'avg_l2_distance': 2.384777307510376, 'avg_kl_divergence': 7.286559104919434, 'entropy': 10.824764251708984}, {'step': 9, 'avg_l2_distance': 2.384777307510376, 'avg_kl_divergence': 7.286559104919434, 'entropy': 10.824759483337402}, {'step': 10, 'avg_l2_distance': 2.124737024307251, 'avg_kl_divergence': 7.243390083312988, 'entropy': 10.82475471496582}, {'step': 11, 'avg_l2_distance': 2.124737024307251, 'avg_kl_divergence': 7.243390083312988, 'entropy': 10.82476806640625}, {'step': 12, 'avg_l2_distance': 2.124737024307251, 'avg_kl_divergence': 7.243390083312988, 'entropy': 10.824762344360352}, {'step': 13, 'avg_l2_distance': 2.124737024307251, 'avg_kl_divergence': 7.243390083312988, 'entropy': 10.82475471496582}, {'step': 14, 'avg_l2_distance': 2.124737024307251, 'avg_kl_divergence': 7.243390083312988, 'entropy': 10.824748039245605}, {'step': 15, 'avg_l2_distance': 2.124737024307251, 'avg_kl_divergence': 7.243390083312988, 'entropy': 10.82474136352539}, {'step': 16, 'avg_l2_distance': 2.124737024307251, 'avg_kl_divergence': 7.243390083312988, 'entropy': 10.82473373413086}, {'step': 17, 'avg_l2_distance': 2.124737024307251, 'avg_kl_divergence': 7.243390083312988, 'entropy': 10.824724197387695}, {'step': 18, 'avg_l2_distance': 2.124737024307251, 'avg_kl_divergence': 7.243390083312988, 'entropy': 10.824713706970215}, {'step': 19, 'avg_l2_distance': 2.124737024307251, 'avg_kl_divergence': 7.243390083312988, 'entropy': 10.824703216552734}, {'step': 20, 'avg_l2_distance': 2.124737024307251, 'avg_kl_divergence': 7.243390083312988, 'entropy': 10.824690818786621}, {'step': 21, 'avg_l2_distance': 2.124737024307251, 'avg_kl_divergence': 7.243390083312988, 'entropy': 10.824678421020508}, {'step': 22, 'avg_l2_distance': 2.124737024307251, 'avg_kl_divergence': 7.243390083312988, 'entropy': 10.824663162231445}, {'step': 23, 'avg_l2_distance': 2.124737024307251, 'avg_kl_divergence': 7.243390083312988, 'entropy': 10.824647903442383}, {'step': 24, 'avg_l2_distance': 2.124737024307251, 'avg_kl_divergence': 7.243390083312988, 'entropy': 10.824629783630371}, {'step': 25, 'avg_l2_distance': 2.124737024307251, 'avg_kl_divergence': 7.243390083312988, 'entropy': 10.824609756469727}, {'step': 26, 'avg_l2_distance': 2.124737024307251, 'avg_kl_divergence': 7.243390083312988, 'entropy': 10.824586868286133}, {'step': 27, 'avg_l2_distance': 2.124737024307251, 'avg_kl_divergence': 7.243390083312988, 'entropy': 10.824562072753906}, {'step': 28, 'avg_l2_distance': 2.124737024307251, 'avg_kl_divergence': 7.243390083312988, 'entropy': 10.824531555175781}, {'step': 29, 'avg_l2_distance': 2.124737024307251, 'avg_kl_divergence': 7.243390083312988, 'entropy': 10.824499130249023}, {'step': 30, 'avg_l2_distance': 2.124737024307251, 'avg_kl_divergence': 7.243390083312988, 'entropy': 10.824459075927734}, {'step': 31, 'avg_l2_distance': 2.124737024307251, 'avg_kl_divergence': 7.243390083312988, 'entropy': 10.82441520690918}, {'step': 32, 'avg_l2_distance': 2.124737024307251, 'avg_kl_divergence': 7.243390083312988, 'entropy': 10.824361801147461}, {'step': 33, 'avg_l2_distance': 2.124737024307251, 'avg_kl_divergence': 7.243390083312988, 'entropy': 10.824298858642578}, {'step': 34, 'avg_l2_distance': 2.124737024307251, 'avg_kl_divergence': 7.243390083312988, 'entropy': 10.824226379394531}, {'step': 35, 'avg_l2_distance': 2.124737024307251, 'avg_kl_divergence': 7.243390083312988, 'entropy': 10.824136734008789}, {'step': 36, 'avg_l2_distance': 2.124737024307251, 'avg_kl_divergence': 7.243390083312988, 'entropy': 10.824028015136719}, {'step': 37, 'avg_l2_distance': 2.124737024307251, 'avg_kl_divergence': 7.243390083312988, 'entropy': 10.823893547058105}, {'step': 38, 'avg_l2_distance': 2.124737024307251, 'avg_kl_divergence': 7.243390083312988, 'entropy': 10.823723793029785}, {'step': 39, 'avg_l2_distance': 2.124737024307251, 'avg_kl_divergence': 7.243390083312988, 'entropy': 10.823505401611328}, {'step': 40, 'avg_l2_distance': 2.124737024307251, 'avg_kl_divergence': 7.243390083312988, 'entropy': 10.823219299316406}, {'step': 41, 'avg_l2_distance': 2.124737024307251, 'avg_kl_divergence': 7.243390083312988, 'entropy': 10.822834014892578}, {'step': 42, 'avg_l2_distance': 2.124737024307251, 'avg_kl_divergence': 7.243390083312988, 'entropy': 10.822291374206543}, {'step': 43, 'avg_l2_distance': 2.124737024307251, 'avg_kl_divergence': 7.243390083312988, 'entropy': 10.821497917175293}, {'step': 44, 'avg_l2_distance': 2.124737024307251, 'avg_kl_divergence': 7.243390083312988, 'entropy': 10.820261001586914}, {'step': 45, 'avg_l2_distance': 2.124737024307251, 'avg_kl_divergence': 7.243390083312988, 'entropy': 10.818167686462402}, {'step': 46, 'avg_l2_distance': 2.124737024307251, 'avg_kl_divergence': 7.243390083312988, 'entropy': 10.814148902893066}, {'step': 47, 'avg_l2_distance': 2.124737024307251, 'avg_kl_divergence': 7.243390083312988, 'entropy': 10.804661750793457}, {'step': 48, 'avg_l2_distance': 2.124737024307251, 'avg_kl_divergence': 7.243390083312988, 'entropy': 10.77103328704834}, {'step': 49, 'avg_l2_distance': 2.124737024307251, 'avg_kl_divergence': 7.243390083312988, 'entropy': 10.31633186340332}]",2.124737024307251,7.243390083312988,0.0
79,policy,True,"[{'step': 0, 'avg_l2_distance': 2.8188209533691406, 'avg_kl_divergence': 0.8029776811599731, 'entropy': 10.824821472167969}, {'step': 1, 'avg_l2_distance': 2.3182294368743896, 'avg_kl_divergence': 2.22585129737854, 'entropy': 10.82481575012207}, {'step': 2, 'avg_l2_distance': 2.3182294368743896, 'avg_kl_divergence': 2.22585129737854, 'entropy': 10.824816703796387}, {'step': 3, 'avg_l2_distance': 2.757201910018921, 'avg_kl_divergence': 5.297833442687988, 'entropy': 10.824812889099121}, {'step': 4, 'avg_l2_distance': 2.757201910018921, 'avg_kl_divergence': 5.297833442687988, 'entropy': 10.824788093566895}, {'step': 5, 'avg_l2_distance': 2.757201910018921, 'avg_kl_divergence': 5.297833442687988, 'entropy': 10.824783325195312}, {'step': 6, 'avg_l2_distance': 2.757201910018921, 'avg_kl_divergence': 5.297833442687988, 'entropy': 10.82478141784668}, {'step': 7, 'avg_l2_distance': 2.757201910018921, 'avg_kl_divergence': 5.297833442687988, 'entropy': 10.824779510498047}, {'step': 8, 'avg_l2_distance': 2.757201910018921, 'avg_kl_divergence': 5.297833442687988, 'entropy': 10.824773788452148}, {'step': 9, 'avg_l2_distance': 2.757201910018921, 'avg_kl_divergence': 5.297833442687988, 'entropy': 10.8247709274292}, {'step': 10, 'avg_l2_distance': 2.757201910018921, 'avg_kl_divergence': 5.297833442687988, 'entropy': 10.824767112731934}, {'step': 11, 'avg_l2_distance': 2.757201910018921, 'avg_kl_divergence': 5.297833442687988, 'entropy': 10.824763298034668}, {'step': 12, 'avg_l2_distance': 2.757201910018921, 'avg_kl_divergence': 5.297833442687988, 'entropy': 10.824758529663086}, {'step': 13, 'avg_l2_distance': 2.7564804553985596, 'avg_kl_divergence': 8.53738021850586, 'entropy': 10.824752807617188}, {'step': 14, 'avg_l2_distance': 2.7564804553985596, 'avg_kl_divergence': 8.53738021850586, 'entropy': 10.824755668640137}, {'step': 15, 'avg_l2_distance': 2.7564804553985596, 'avg_kl_divergence': 8.53738021850586, 'entropy': 10.824750900268555}, {'step': 16, 'avg_l2_distance': 2.7564804553985596, 'avg_kl_divergence': 8.53738021850586, 'entropy': 10.82474422454834}, {'step': 17, 'avg_l2_distance': 2.7564804553985596, 'avg_kl_divergence': 8.53738021850586, 'entropy': 10.824737548828125}, {'step': 18, 'avg_l2_distance': 2.7564804553985596, 'avg_kl_divergence': 8.53738021850586, 'entropy': 10.82473087310791}, {'step': 19, 'avg_l2_distance': 2.7564804553985596, 'avg_kl_divergence': 8.53738021850586, 'entropy': 10.824722290039062}, {'step': 20, 'avg_l2_distance': 2.7564804553985596, 'avg_kl_divergence': 8.53738021850586, 'entropy': 10.824713706970215}, {'step': 21, 'avg_l2_distance': 2.7564804553985596, 'avg_kl_divergence': 8.53738021850586, 'entropy': 10.824703216552734}, {'step': 22, 'avg_l2_distance': 2.7564804553985596, 'avg_kl_divergence': 8.53738021850586, 'entropy': 10.82469367980957}, {'step': 23, 'avg_l2_distance': 2.7564804553985596, 'avg_kl_divergence': 8.53738021850586, 'entropy': 10.824681282043457}, {'step': 24, 'avg_l2_distance': 2.7564804553985596, 'avg_kl_divergence': 8.53738021850586, 'entropy': 10.824667930603027}, {'step': 25, 'avg_l2_distance': 2.7564804553985596, 'avg_kl_divergence': 8.53738021850586, 'entropy': 10.824652671813965}, {'step': 26, 'avg_l2_distance': 2.7564804553985596, 'avg_kl_divergence': 8.53738021850586, 'entropy': 10.824636459350586}, {'step': 27, 'avg_l2_distance': 2.7564804553985596, 'avg_kl_divergence': 8.53738021850586, 'entropy': 10.824617385864258}, {'step': 28, 'avg_l2_distance': 2.7564804553985596, 'avg_kl_divergence': 8.53738021850586, 'entropy': 10.824596405029297}, {'step': 29, 'avg_l2_distance': 2.7564804553985596, 'avg_kl_divergence': 8.53738021850586, 'entropy': 10.824570655822754}, {'step': 30, 'avg_l2_distance': 2.7564804553985596, 'avg_kl_divergence': 8.53738021850586, 'entropy': 10.824542999267578}, {'step': 31, 'avg_l2_distance': 2.7564804553985596, 'avg_kl_divergence': 8.53738021850586, 'entropy': 10.824511528015137}, {'step': 32, 'avg_l2_distance': 2.7564804553985596, 'avg_kl_divergence': 8.53738021850586, 'entropy': 10.824472427368164}, {'step': 33, 'avg_l2_distance': 2.7564804553985596, 'avg_kl_divergence': 8.53738021850586, 'entropy': 10.824427604675293}, {'step': 34, 'avg_l2_distance': 2.7564804553985596, 'avg_kl_divergence': 8.53738021850586, 'entropy': 10.824373245239258}, {'step': 35, 'avg_l2_distance': 2.7564804553985596, 'avg_kl_divergence': 8.53738021850586, 'entropy': 10.824308395385742}, {'step': 36, 'avg_l2_distance': 2.7564804553985596, 'avg_kl_divergence': 8.53738021850586, 'entropy': 10.824230194091797}, {'step': 37, 'avg_l2_distance': 2.7564804553985596, 'avg_kl_divergence': 8.53738021850586, 'entropy': 10.824132919311523}, {'step': 38, 'avg_l2_distance': 2.7564804553985596, 'avg_kl_divergence': 8.53738021850586, 'entropy': 10.82400894165039}, {'step': 39, 'avg_l2_distance': 2.7564804553985596, 'avg_kl_divergence': 8.53738021850586, 'entropy': 10.8238525390625}, {'step': 40, 'avg_l2_distance': 2.7564804553985596, 'avg_kl_divergence': 8.53738021850586, 'entropy': 10.823644638061523}, {'step': 41, 'avg_l2_distance': 2.7564804553985596, 'avg_kl_divergence': 8.53738021850586, 'entropy': 10.8233642578125}, {'step': 42, 'avg_l2_distance': 2.7564804553985596, 'avg_kl_divergence': 8.53738021850586, 'entropy': 10.822970390319824}, {'step': 43, 'avg_l2_distance': 2.3325183391571045, 'avg_kl_divergence': 5.328243255615234, 'entropy': 10.822393417358398}, {'step': 44, 'avg_l2_distance': 2.3325183391571045, 'avg_kl_divergence': 5.328243255615234, 'entropy': 10.820384979248047}, {'step': 45, 'avg_l2_distance': 2.3325183391571045, 'avg_kl_divergence': 5.328243255615234, 'entropy': 10.818296432495117}, {'step': 46, 'avg_l2_distance': 2.3325183391571045, 'avg_kl_divergence': 5.328243255615234, 'entropy': 10.814262390136719}, {'step': 47, 'avg_l2_distance': 2.3325183391571045, 'avg_kl_divergence': 5.328243255615234, 'entropy': 10.80467414855957}, {'step': 48, 'avg_l2_distance': 2.3325183391571045, 'avg_kl_divergence': 5.328243255615234, 'entropy': 10.770430564880371}, {'step': 49, 'avg_l2_distance': 2.3325183391571045, 'avg_kl_divergence': 5.328243255615234, 'entropy': 10.29923152923584}]",2.3325183391571045,5.328243255615234,0.0
80,policy,True,"[{'step': 0, 'avg_l2_distance': 2.4578230381011963, 'avg_kl_divergence': 12.082110404968262, 'entropy': 10.8248291015625}, {'step': 1, 'avg_l2_distance': 2.788811445236206, 'avg_kl_divergence': 9.856733322143555, 'entropy': 10.824827194213867}, {'step': 2, 'avg_l2_distance': 2.788811445236206, 'avg_kl_divergence': 9.856733322143555, 'entropy': 10.824827194213867}, {'step': 3, 'avg_l2_distance': 2.788811445236206, 'avg_kl_divergence': 9.856733322143555, 'entropy': 10.824825286865234}, {'step': 4, 'avg_l2_distance': 2.5848710536956787, 'avg_kl_divergence': 6.13485050201416, 'entropy': 10.824823379516602}, {'step': 5, 'avg_l2_distance': 2.5848710536956787, 'avg_kl_divergence': 6.13485050201416, 'entropy': 10.824779510498047}, {'step': 6, 'avg_l2_distance': 2.439816951751709, 'avg_kl_divergence': 7.530043601989746, 'entropy': 10.824777603149414}, {'step': 7, 'avg_l2_distance': 2.439816951751709, 'avg_kl_divergence': 7.530043601989746, 'entropy': 10.824748992919922}, {'step': 8, 'avg_l2_distance': 2.4520983695983887, 'avg_kl_divergence': 10.508920669555664, 'entropy': 10.824745178222656}, {'step': 9, 'avg_l2_distance': 2.4520983695983887, 'avg_kl_divergence': 10.508920669555664, 'entropy': 10.824764251708984}, {'step': 10, 'avg_l2_distance': 2.4520983695983887, 'avg_kl_divergence': 10.508920669555664, 'entropy': 10.824760437011719}, {'step': 11, 'avg_l2_distance': 2.4520983695983887, 'avg_kl_divergence': 10.508920669555664, 'entropy': 10.82475471496582}, {'step': 12, 'avg_l2_distance': 2.4520983695983887, 'avg_kl_divergence': 10.508920669555664, 'entropy': 10.824748992919922}, {'step': 13, 'avg_l2_distance': 2.4520983695983887, 'avg_kl_divergence': 10.508920669555664, 'entropy': 10.824743270874023}, {'step': 14, 'avg_l2_distance': 2.4520983695983887, 'avg_kl_divergence': 10.508920669555664, 'entropy': 10.824737548828125}, {'step': 15, 'avg_l2_distance': 2.4520983695983887, 'avg_kl_divergence': 10.508920669555664, 'entropy': 10.824729919433594}, {'step': 16, 'avg_l2_distance': 2.4520983695983887, 'avg_kl_divergence': 10.508920669555664, 'entropy': 10.824723243713379}, {'step': 17, 'avg_l2_distance': 2.4520983695983887, 'avg_kl_divergence': 10.508920669555664, 'entropy': 10.824714660644531}, {'step': 18, 'avg_l2_distance': 2.4520983695983887, 'avg_kl_divergence': 10.508920669555664, 'entropy': 10.82470703125}, {'step': 19, 'avg_l2_distance': 2.4520983695983887, 'avg_kl_divergence': 10.508920669555664, 'entropy': 10.824697494506836}, {'step': 20, 'avg_l2_distance': 2.501114845275879, 'avg_kl_divergence': 4.460692405700684, 'entropy': 10.824686050415039}, {'step': 21, 'avg_l2_distance': 2.501114845275879, 'avg_kl_divergence': 4.460692405700684, 'entropy': 10.824644088745117}, {'step': 22, 'avg_l2_distance': 2.501114845275879, 'avg_kl_divergence': 4.460692405700684, 'entropy': 10.824630737304688}, {'step': 23, 'avg_l2_distance': 2.501114845275879, 'avg_kl_divergence': 4.460692405700684, 'entropy': 10.824616432189941}, {'step': 24, 'avg_l2_distance': 2.501114845275879, 'avg_kl_divergence': 4.460692405700684, 'entropy': 10.82459831237793}, {'step': 25, 'avg_l2_distance': 2.501114845275879, 'avg_kl_divergence': 4.460692405700684, 'entropy': 10.824581146240234}, {'step': 26, 'avg_l2_distance': 2.501114845275879, 'avg_kl_divergence': 4.460692405700684, 'entropy': 10.82455825805664}, {'step': 27, 'avg_l2_distance': 2.501114845275879, 'avg_kl_divergence': 4.460692405700684, 'entropy': 10.824535369873047}, {'step': 28, 'avg_l2_distance': 2.501114845275879, 'avg_kl_divergence': 4.460692405700684, 'entropy': 10.824508666992188}, {'step': 29, 'avg_l2_distance': 2.501114845275879, 'avg_kl_divergence': 4.460692405700684, 'entropy': 10.824478149414062}, {'step': 30, 'avg_l2_distance': 2.501114845275879, 'avg_kl_divergence': 4.460692405700684, 'entropy': 10.824442863464355}, {'step': 31, 'avg_l2_distance': 2.501114845275879, 'avg_kl_divergence': 4.460692405700684, 'entropy': 10.82440185546875}, {'step': 32, 'avg_l2_distance': 2.501114845275879, 'avg_kl_divergence': 4.460692405700684, 'entropy': 10.824356079101562}, {'step': 33, 'avg_l2_distance': 2.501114845275879, 'avg_kl_divergence': 4.460692405700684, 'entropy': 10.824299812316895}, {'step': 34, 'avg_l2_distance': 2.501114845275879, 'avg_kl_divergence': 4.460692405700684, 'entropy': 10.824234008789062}, {'step': 35, 'avg_l2_distance': 2.501114845275879, 'avg_kl_divergence': 4.460692405700684, 'entropy': 10.824155807495117}, {'step': 36, 'avg_l2_distance': 2.501114845275879, 'avg_kl_divergence': 4.460692405700684, 'entropy': 10.824058532714844}, {'step': 37, 'avg_l2_distance': 2.501114845275879, 'avg_kl_divergence': 4.460692405700684, 'entropy': 10.823941230773926}, {'step': 38, 'avg_l2_distance': 2.501114845275879, 'avg_kl_divergence': 4.460692405700684, 'entropy': 10.823793411254883}, {'step': 39, 'avg_l2_distance': 2.501114845275879, 'avg_kl_divergence': 4.460692405700684, 'entropy': 10.823602676391602}, {'step': 40, 'avg_l2_distance': 2.501114845275879, 'avg_kl_divergence': 4.460692405700684, 'entropy': 10.823355674743652}, {'step': 41, 'avg_l2_distance': 2.501114845275879, 'avg_kl_divergence': 4.460692405700684, 'entropy': 10.823020935058594}, {'step': 42, 'avg_l2_distance': 2.653019428253174, 'avg_kl_divergence': 4.885044097900391, 'entropy': 10.822554588317871}, {'step': 43, 'avg_l2_distance': 2.653019428253174, 'avg_kl_divergence': 4.885044097900391, 'entropy': 10.822314262390137}, {'step': 44, 'avg_l2_distance': 2.653019428253174, 'avg_kl_divergence': 4.885044097900391, 'entropy': 10.82138729095459}, {'step': 45, 'avg_l2_distance': 2.653019428253174, 'avg_kl_divergence': 4.885044097900391, 'entropy': 10.81982135772705}, {'step': 46, 'avg_l2_distance': 2.653019428253174, 'avg_kl_divergence': 4.885044097900391, 'entropy': 10.816829681396484}, {'step': 47, 'avg_l2_distance': 2.653019428253174, 'avg_kl_divergence': 4.885044097900391, 'entropy': 10.809831619262695}, {'step': 48, 'avg_l2_distance': 2.653019428253174, 'avg_kl_divergence': 4.885044097900391, 'entropy': 10.785455703735352}, {'step': 49, 'avg_l2_distance': 2.653019428253174, 'avg_kl_divergence': 4.885044097900391, 'entropy': 10.246511459350586}]",2.653019428253174,4.885044097900391,0.0
81,policy,True,"[{'step': 0, 'avg_l2_distance': 2.4821231365203857, 'avg_kl_divergence': 2.3767905235290527, 'entropy': 10.824838638305664}, {'step': 1, 'avg_l2_distance': 2.5199739933013916, 'avg_kl_divergence': 2.20801043510437, 'entropy': 10.824836730957031}, {'step': 2, 'avg_l2_distance': 2.5199739933013916, 'avg_kl_divergence': 2.20801043510437, 'entropy': 10.82479476928711}, {'step': 3, 'avg_l2_distance': 2.5199739933013916, 'avg_kl_divergence': 2.20801043510437, 'entropy': 10.824790954589844}, {'step': 4, 'avg_l2_distance': 2.5199739933013916, 'avg_kl_divergence': 2.20801043510437, 'entropy': 10.824790000915527}, {'step': 5, 'avg_l2_distance': 2.5199739933013916, 'avg_kl_divergence': 2.20801043510437, 'entropy': 10.824785232543945}, {'step': 6, 'avg_l2_distance': 2.5199739933013916, 'avg_kl_divergence': 2.20801043510437, 'entropy': 10.824783325195312}, {'step': 7, 'avg_l2_distance': 2.5199739933013916, 'avg_kl_divergence': 2.20801043510437, 'entropy': 10.824779510498047}, {'step': 8, 'avg_l2_distance': 2.5199739933013916, 'avg_kl_divergence': 2.20801043510437, 'entropy': 10.824775695800781}, {'step': 9, 'avg_l2_distance': 2.5199739933013916, 'avg_kl_divergence': 2.20801043510437, 'entropy': 10.824771881103516}, {'step': 10, 'avg_l2_distance': 2.5199739933013916, 'avg_kl_divergence': 2.20801043510437, 'entropy': 10.824767112731934}, {'step': 11, 'avg_l2_distance': 2.5342748165130615, 'avg_kl_divergence': 2.4887044429779053, 'entropy': 10.824762344360352}, {'step': 12, 'avg_l2_distance': 2.5342748165130615, 'avg_kl_divergence': 2.4887044429779053, 'entropy': 10.824827194213867}, {'step': 13, 'avg_l2_distance': 2.5342748165130615, 'avg_kl_divergence': 2.4887044429779053, 'entropy': 10.824825286865234}, {'step': 14, 'avg_l2_distance': 2.5342748165130615, 'avg_kl_divergence': 2.4887044429779053, 'entropy': 10.824821472167969}, {'step': 15, 'avg_l2_distance': 2.5342748165130615, 'avg_kl_divergence': 2.4887044429779053, 'entropy': 10.824817657470703}, {'step': 16, 'avg_l2_distance': 2.5342748165130615, 'avg_kl_divergence': 2.4887044429779053, 'entropy': 10.824813842773438}, {'step': 17, 'avg_l2_distance': 2.5342748165130615, 'avg_kl_divergence': 2.4887044429779053, 'entropy': 10.824807167053223}, {'step': 18, 'avg_l2_distance': 2.5265305042266846, 'avg_kl_divergence': 1.9946637153625488, 'entropy': 10.82480239868164}, {'step': 19, 'avg_l2_distance': 2.5265305042266846, 'avg_kl_divergence': 1.9946637153625488, 'entropy': 10.824748992919922}, {'step': 20, 'avg_l2_distance': 2.5265305042266846, 'avg_kl_divergence': 1.9946637153625488, 'entropy': 10.82474136352539}, {'step': 21, 'avg_l2_distance': 2.5265305042266846, 'avg_kl_divergence': 1.9946637153625488, 'entropy': 10.824731826782227}, {'step': 22, 'avg_l2_distance': 2.5265305042266846, 'avg_kl_divergence': 1.9946637153625488, 'entropy': 10.824721336364746}, {'step': 23, 'avg_l2_distance': 2.5265305042266846, 'avg_kl_divergence': 1.9946637153625488, 'entropy': 10.82470989227295}, {'step': 24, 'avg_l2_distance': 2.5265305042266846, 'avg_kl_divergence': 1.9946637153625488, 'entropy': 10.824695587158203}, {'step': 25, 'avg_l2_distance': 2.5265305042266846, 'avg_kl_divergence': 1.9946637153625488, 'entropy': 10.82468032836914}, {'step': 26, 'avg_l2_distance': 2.5265305042266846, 'avg_kl_divergence': 1.9946637153625488, 'entropy': 10.824665069580078}, {'step': 27, 'avg_l2_distance': 2.5265305042266846, 'avg_kl_divergence': 1.9946637153625488, 'entropy': 10.82464599609375}, {'step': 28, 'avg_l2_distance': 2.5265305042266846, 'avg_kl_divergence': 1.9946637153625488, 'entropy': 10.824625015258789}, {'step': 29, 'avg_l2_distance': 2.5265305042266846, 'avg_kl_divergence': 1.9946637153625488, 'entropy': 10.824600219726562}, {'step': 30, 'avg_l2_distance': 2.5265305042266846, 'avg_kl_divergence': 1.9946637153625488, 'entropy': 10.82457160949707}, {'step': 31, 'avg_l2_distance': 2.5265305042266846, 'avg_kl_divergence': 1.9946637153625488, 'entropy': 10.82453727722168}, {'step': 32, 'avg_l2_distance': 2.3824052810668945, 'avg_kl_divergence': 1.8022358417510986, 'entropy': 10.82449722290039}, {'step': 33, 'avg_l2_distance': 2.3824052810668945, 'avg_kl_divergence': 1.8022358417510986, 'entropy': 10.824504852294922}, {'step': 34, 'avg_l2_distance': 2.3824052810668945, 'avg_kl_divergence': 1.8022358417510986, 'entropy': 10.824453353881836}, {'step': 35, 'avg_l2_distance': 2.3824052810668945, 'avg_kl_divergence': 1.8022358417510986, 'entropy': 10.824390411376953}, {'step': 36, 'avg_l2_distance': 2.3824052810668945, 'avg_kl_divergence': 1.8022358417510986, 'entropy': 10.824312210083008}, {'step': 37, 'avg_l2_distance': 2.4709513187408447, 'avg_kl_divergence': 2.0678930282592773, 'entropy': 10.824214935302734}, {'step': 38, 'avg_l2_distance': 2.4709513187408447, 'avg_kl_divergence': 2.0678930282592773, 'entropy': 10.824049949645996}, {'step': 39, 'avg_l2_distance': 2.4709513187408447, 'avg_kl_divergence': 2.0678930282592773, 'entropy': 10.823892593383789}, {'step': 40, 'avg_l2_distance': 2.4709513187408447, 'avg_kl_divergence': 2.0678930282592773, 'entropy': 10.823684692382812}, {'step': 41, 'avg_l2_distance': 2.4709513187408447, 'avg_kl_divergence': 2.0678930282592773, 'entropy': 10.82340145111084}, {'step': 42, 'avg_l2_distance': 2.4709513187408447, 'avg_kl_divergence': 2.0678930282592773, 'entropy': 10.823005676269531}, {'step': 43, 'avg_l2_distance': 2.4709513187408447, 'avg_kl_divergence': 2.0678930282592773, 'entropy': 10.822420120239258}, {'step': 44, 'avg_l2_distance': 2.4709513187408447, 'avg_kl_divergence': 2.0678930282592773, 'entropy': 10.821508407592773}, {'step': 45, 'avg_l2_distance': 2.4709513187408447, 'avg_kl_divergence': 2.0678930282592773, 'entropy': 10.819961547851562}, {'step': 46, 'avg_l2_distance': 2.4709513187408447, 'avg_kl_divergence': 2.0678930282592773, 'entropy': 10.817001342773438}, {'step': 47, 'avg_l2_distance': 2.4709513187408447, 'avg_kl_divergence': 2.0678930282592773, 'entropy': 10.810063362121582}, {'step': 48, 'avg_l2_distance': 2.4709513187408447, 'avg_kl_divergence': 2.0678930282592773, 'entropy': 10.785850524902344}, {'step': 49, 'avg_l2_distance': 2.4709513187408447, 'avg_kl_divergence': 2.0678930282592773, 'entropy': 10.304086685180664}]",2.4709513187408447,2.0678930282592773,0.0
82,policy,True,"[{'step': 0, 'avg_l2_distance': 2.554504632949829, 'avg_kl_divergence': 14.385397911071777, 'entropy': 10.824823379516602}, {'step': 1, 'avg_l2_distance': 2.5429868698120117, 'avg_kl_divergence': 20.76179313659668, 'entropy': 10.824838638305664}, {'step': 2, 'avg_l2_distance': 2.5429868698120117, 'avg_kl_divergence': 20.76179313659668, 'entropy': 10.824810981750488}, {'step': 3, 'avg_l2_distance': 2.5429868698120117, 'avg_kl_divergence': 20.76179313659668, 'entropy': 10.824808120727539}, {'step': 4, 'avg_l2_distance': 2.241151809692383, 'avg_kl_divergence': 15.5306978225708, 'entropy': 10.824806213378906}, {'step': 5, 'avg_l2_distance': 2.241151809692383, 'avg_kl_divergence': 15.5306978225708, 'entropy': 10.824800491333008}, {'step': 6, 'avg_l2_distance': 2.241151809692383, 'avg_kl_divergence': 15.5306978225708, 'entropy': 10.824796676635742}, {'step': 7, 'avg_l2_distance': 2.241151809692383, 'avg_kl_divergence': 15.5306978225708, 'entropy': 10.824793815612793}, {'step': 8, 'avg_l2_distance': 2.241151809692383, 'avg_kl_divergence': 15.5306978225708, 'entropy': 10.824790954589844}, {'step': 9, 'avg_l2_distance': 2.241151809692383, 'avg_kl_divergence': 15.5306978225708, 'entropy': 10.824787139892578}, {'step': 10, 'avg_l2_distance': 2.241151809692383, 'avg_kl_divergence': 15.5306978225708, 'entropy': 10.824783325195312}, {'step': 11, 'avg_l2_distance': 2.1267690658569336, 'avg_kl_divergence': 15.74616813659668, 'entropy': 10.824779510498047}, {'step': 12, 'avg_l2_distance': 2.1267690658569336, 'avg_kl_divergence': 15.74616813659668, 'entropy': 10.824806213378906}, {'step': 13, 'avg_l2_distance': 2.1267690658569336, 'avg_kl_divergence': 15.74616813659668, 'entropy': 10.82480239868164}, {'step': 14, 'avg_l2_distance': 2.1267690658569336, 'avg_kl_divergence': 15.74616813659668, 'entropy': 10.824796676635742}, {'step': 15, 'avg_l2_distance': 2.1267690658569336, 'avg_kl_divergence': 15.74616813659668, 'entropy': 10.82479190826416}, {'step': 16, 'avg_l2_distance': 2.1814610958099365, 'avg_kl_divergence': 13.573882102966309, 'entropy': 10.824785232543945}, {'step': 17, 'avg_l2_distance': 2.1814610958099365, 'avg_kl_divergence': 13.573882102966309, 'entropy': 10.824785232543945}, {'step': 18, 'avg_l2_distance': 2.1814610958099365, 'avg_kl_divergence': 13.573882102966309, 'entropy': 10.824779510498047}, {'step': 19, 'avg_l2_distance': 2.1814610958099365, 'avg_kl_divergence': 13.573882102966309, 'entropy': 10.824771881103516}, {'step': 20, 'avg_l2_distance': 2.1814610958099365, 'avg_kl_divergence': 13.573882102966309, 'entropy': 10.824764251708984}, {'step': 21, 'avg_l2_distance': 2.1814610958099365, 'avg_kl_divergence': 13.573882102966309, 'entropy': 10.824756622314453}, {'step': 22, 'avg_l2_distance': 2.1814610958099365, 'avg_kl_divergence': 13.573882102966309, 'entropy': 10.824746131896973}, {'step': 23, 'avg_l2_distance': 1.7788172960281372, 'avg_kl_divergence': 11.584809303283691, 'entropy': 10.824735641479492}, {'step': 24, 'avg_l2_distance': 1.7788172960281372, 'avg_kl_divergence': 11.584809303283691, 'entropy': 10.824629783630371}, {'step': 25, 'avg_l2_distance': 1.7788172960281372, 'avg_kl_divergence': 11.584809303283691, 'entropy': 10.824609756469727}, {'step': 26, 'avg_l2_distance': 1.7788172960281372, 'avg_kl_divergence': 11.584809303283691, 'entropy': 10.824588775634766}, {'step': 27, 'avg_l2_distance': 1.7788172960281372, 'avg_kl_divergence': 11.584809303283691, 'entropy': 10.824564933776855}, {'step': 28, 'avg_l2_distance': 1.7788172960281372, 'avg_kl_divergence': 11.584809303283691, 'entropy': 10.824535369873047}, {'step': 29, 'avg_l2_distance': 1.7788172960281372, 'avg_kl_divergence': 11.584809303283691, 'entropy': 10.824505805969238}, {'step': 30, 'avg_l2_distance': 1.7788172960281372, 'avg_kl_divergence': 11.584809303283691, 'entropy': 10.824469566345215}, {'step': 31, 'avg_l2_distance': 1.7788172960281372, 'avg_kl_divergence': 11.584809303283691, 'entropy': 10.82442855834961}, {'step': 32, 'avg_l2_distance': 1.7788172960281372, 'avg_kl_divergence': 11.584809303283691, 'entropy': 10.82437801361084}, {'step': 33, 'avg_l2_distance': 1.7788172960281372, 'avg_kl_divergence': 11.584809303283691, 'entropy': 10.824321746826172}, {'step': 34, 'avg_l2_distance': 1.7788172960281372, 'avg_kl_divergence': 11.584809303283691, 'entropy': 10.824252128601074}, {'step': 35, 'avg_l2_distance': 1.7788172960281372, 'avg_kl_divergence': 11.584809303283691, 'entropy': 10.82417106628418}, {'step': 36, 'avg_l2_distance': 1.7788172960281372, 'avg_kl_divergence': 11.584809303283691, 'entropy': 10.82406997680664}, {'step': 37, 'avg_l2_distance': 1.7788172960281372, 'avg_kl_divergence': 11.584809303283691, 'entropy': 10.823945999145508}, {'step': 38, 'avg_l2_distance': 1.7788172960281372, 'avg_kl_divergence': 11.584809303283691, 'entropy': 10.82379150390625}, {'step': 39, 'avg_l2_distance': 1.7788172960281372, 'avg_kl_divergence': 11.584809303283691, 'entropy': 10.823591232299805}, {'step': 40, 'avg_l2_distance': 1.7788172960281372, 'avg_kl_divergence': 11.584809303283691, 'entropy': 10.823328018188477}, {'step': 41, 'avg_l2_distance': 1.7788172960281372, 'avg_kl_divergence': 11.584809303283691, 'entropy': 10.822973251342773}, {'step': 42, 'avg_l2_distance': 1.7788172960281372, 'avg_kl_divergence': 11.584809303283691, 'entropy': 10.82247543334961}, {'step': 43, 'avg_l2_distance': 1.7788172960281372, 'avg_kl_divergence': 11.584809303283691, 'entropy': 10.821744918823242}, {'step': 44, 'avg_l2_distance': 1.7788172960281372, 'avg_kl_divergence': 11.584809303283691, 'entropy': 10.82060718536377}, {'step': 45, 'avg_l2_distance': 1.7788172960281372, 'avg_kl_divergence': 11.584809303283691, 'entropy': 10.81867790222168}, {'step': 46, 'avg_l2_distance': 1.7788172960281372, 'avg_kl_divergence': 11.584809303283691, 'entropy': 10.814970970153809}, {'step': 47, 'avg_l2_distance': 1.7788172960281372, 'avg_kl_divergence': 11.584809303283691, 'entropy': 10.806192398071289}, {'step': 48, 'avg_l2_distance': 1.7788172960281372, 'avg_kl_divergence': 11.584809303283691, 'entropy': 10.774846076965332}, {'step': 49, 'avg_l2_distance': 1.7788172960281372, 'avg_kl_divergence': 11.584809303283691, 'entropy': 10.3168306350708}]",1.7788172960281372,11.584809303283691,0.0
83,policy,True,"[{'step': 0, 'avg_l2_distance': 2.385021686553955, 'avg_kl_divergence': 11.112447738647461, 'entropy': 10.82481861114502}, {'step': 1, 'avg_l2_distance': 2.385021686553955, 'avg_kl_divergence': 11.112447738647461, 'entropy': 10.82481575012207}, {'step': 2, 'avg_l2_distance': 2.7051961421966553, 'avg_kl_divergence': 11.128484725952148, 'entropy': 10.824813842773438}, {'step': 3, 'avg_l2_distance': 2.7051961421966553, 'avg_kl_divergence': 11.128484725952148, 'entropy': 10.824796676635742}, {'step': 4, 'avg_l2_distance': 2.7051961421966553, 'avg_kl_divergence': 11.128484725952148, 'entropy': 10.82479476928711}, {'step': 5, 'avg_l2_distance': 2.7051961421966553, 'avg_kl_divergence': 11.128484725952148, 'entropy': 10.82479190826416}, {'step': 6, 'avg_l2_distance': 2.7424073219299316, 'avg_kl_divergence': 10.905515670776367, 'entropy': 10.824789047241211}, {'step': 7, 'avg_l2_distance': 2.7424073219299316, 'avg_kl_divergence': 10.905515670776367, 'entropy': 10.824786186218262}, {'step': 8, 'avg_l2_distance': 2.7424073219299316, 'avg_kl_divergence': 10.905515670776367, 'entropy': 10.824785232543945}, {'step': 9, 'avg_l2_distance': 2.7424073219299316, 'avg_kl_divergence': 10.905515670776367, 'entropy': 10.824780464172363}, {'step': 10, 'avg_l2_distance': 2.7424073219299316, 'avg_kl_divergence': 10.905515670776367, 'entropy': 10.824777603149414}, {'step': 11, 'avg_l2_distance': 2.7424073219299316, 'avg_kl_divergence': 10.905515670776367, 'entropy': 10.824773788452148}, {'step': 12, 'avg_l2_distance': 2.7392940521240234, 'avg_kl_divergence': 8.941021919250488, 'entropy': 10.824769973754883}, {'step': 13, 'avg_l2_distance': 2.7392940521240234, 'avg_kl_divergence': 8.941021919250488, 'entropy': 10.824747085571289}, {'step': 14, 'avg_l2_distance': 2.7392940521240234, 'avg_kl_divergence': 8.941021919250488, 'entropy': 10.82474136352539}, {'step': 15, 'avg_l2_distance': 2.7392940521240234, 'avg_kl_divergence': 8.941021919250488, 'entropy': 10.824736595153809}, {'step': 16, 'avg_l2_distance': 2.7392940521240234, 'avg_kl_divergence': 8.941021919250488, 'entropy': 10.824728965759277}, {'step': 17, 'avg_l2_distance': 2.381174087524414, 'avg_kl_divergence': 8.136568069458008, 'entropy': 10.824723243713379}, {'step': 18, 'avg_l2_distance': 2.381174087524414, 'avg_kl_divergence': 8.136568069458008, 'entropy': 10.82469367980957}, {'step': 19, 'avg_l2_distance': 2.381174087524414, 'avg_kl_divergence': 8.136568069458008, 'entropy': 10.824684143066406}, {'step': 20, 'avg_l2_distance': 2.381174087524414, 'avg_kl_divergence': 8.136568069458008, 'entropy': 10.824671745300293}, {'step': 21, 'avg_l2_distance': 2.381174087524414, 'avg_kl_divergence': 8.136568069458008, 'entropy': 10.82465934753418}, {'step': 22, 'avg_l2_distance': 2.381174087524414, 'avg_kl_divergence': 8.136568069458008, 'entropy': 10.82464599609375}, {'step': 23, 'avg_l2_distance': 2.381174087524414, 'avg_kl_divergence': 8.136568069458008, 'entropy': 10.824630737304688}, {'step': 24, 'avg_l2_distance': 2.381174087524414, 'avg_kl_divergence': 8.136568069458008, 'entropy': 10.824613571166992}, {'step': 25, 'avg_l2_distance': 2.381174087524414, 'avg_kl_divergence': 8.136568069458008, 'entropy': 10.824594497680664}, {'step': 26, 'avg_l2_distance': 2.381174087524414, 'avg_kl_divergence': 8.136568069458008, 'entropy': 10.82457160949707}, {'step': 27, 'avg_l2_distance': 2.381174087524414, 'avg_kl_divergence': 8.136568069458008, 'entropy': 10.82454776763916}, {'step': 28, 'avg_l2_distance': 2.381174087524414, 'avg_kl_divergence': 8.136568069458008, 'entropy': 10.8245210647583}, {'step': 29, 'avg_l2_distance': 2.381174087524414, 'avg_kl_divergence': 8.136568069458008, 'entropy': 10.82448959350586}, {'step': 30, 'avg_l2_distance': 2.381174087524414, 'avg_kl_divergence': 8.136568069458008, 'entropy': 10.824453353881836}, {'step': 31, 'avg_l2_distance': 2.381174087524414, 'avg_kl_divergence': 8.136568069458008, 'entropy': 10.824411392211914}, {'step': 32, 'avg_l2_distance': 2.381174087524414, 'avg_kl_divergence': 8.136568069458008, 'entropy': 10.824361801147461}, {'step': 33, 'avg_l2_distance': 2.381174087524414, 'avg_kl_divergence': 8.136568069458008, 'entropy': 10.824305534362793}, {'step': 34, 'avg_l2_distance': 2.381174087524414, 'avg_kl_divergence': 8.136568069458008, 'entropy': 10.824237823486328}, {'step': 35, 'avg_l2_distance': 2.381174087524414, 'avg_kl_divergence': 8.136568069458008, 'entropy': 10.824155807495117}, {'step': 36, 'avg_l2_distance': 2.381174087524414, 'avg_kl_divergence': 8.136568069458008, 'entropy': 10.824056625366211}, {'step': 37, 'avg_l2_distance': 2.381174087524414, 'avg_kl_divergence': 8.136568069458008, 'entropy': 10.823933601379395}, {'step': 38, 'avg_l2_distance': 2.381174087524414, 'avg_kl_divergence': 8.136568069458008, 'entropy': 10.82377815246582}, {'step': 39, 'avg_l2_distance': 2.381174087524414, 'avg_kl_divergence': 8.136568069458008, 'entropy': 10.82358169555664}, {'step': 40, 'avg_l2_distance': 2.381174087524414, 'avg_kl_divergence': 8.136568069458008, 'entropy': 10.823322296142578}, {'step': 41, 'avg_l2_distance': 2.381174087524414, 'avg_kl_divergence': 8.136568069458008, 'entropy': 10.82297134399414}, {'step': 42, 'avg_l2_distance': 2.381174087524414, 'avg_kl_divergence': 8.136568069458008, 'entropy': 10.822481155395508}, {'step': 43, 'avg_l2_distance': 2.381174087524414, 'avg_kl_divergence': 8.136568069458008, 'entropy': 10.821763038635254}, {'step': 44, 'avg_l2_distance': 2.381174087524414, 'avg_kl_divergence': 8.136568069458008, 'entropy': 10.820648193359375}, {'step': 45, 'avg_l2_distance': 2.381174087524414, 'avg_kl_divergence': 8.136568069458008, 'entropy': 10.818763732910156}, {'step': 46, 'avg_l2_distance': 2.381174087524414, 'avg_kl_divergence': 8.136568069458008, 'entropy': 10.815159797668457}, {'step': 47, 'avg_l2_distance': 2.381174087524414, 'avg_kl_divergence': 8.136568069458008, 'entropy': 10.806709289550781}, {'step': 48, 'avg_l2_distance': 2.381174087524414, 'avg_kl_divergence': 8.136568069458008, 'entropy': 10.777135848999023}, {'step': 49, 'avg_l2_distance': 2.381174087524414, 'avg_kl_divergence': 8.136568069458008, 'entropy': 10.341018676757812}]",2.381174087524414,8.136568069458008,0.0
84,policy,True,"[{'step': 0, 'avg_l2_distance': 2.3804399967193604, 'avg_kl_divergence': 10.332748413085938, 'entropy': 10.824804306030273}, {'step': 1, 'avg_l2_distance': 2.3804399967193604, 'avg_kl_divergence': 10.332748413085938, 'entropy': 10.824813842773438}, {'step': 2, 'avg_l2_distance': 2.3804399967193604, 'avg_kl_divergence': 10.332748413085938, 'entropy': 10.824810028076172}, {'step': 3, 'avg_l2_distance': 2.3804399967193604, 'avg_kl_divergence': 10.332748413085938, 'entropy': 10.824808120727539}, {'step': 4, 'avg_l2_distance': 2.3804399967193604, 'avg_kl_divergence': 10.332748413085938, 'entropy': 10.82480525970459}, {'step': 5, 'avg_l2_distance': 2.3804399967193604, 'avg_kl_divergence': 10.332748413085938, 'entropy': 10.824801445007324}, {'step': 6, 'avg_l2_distance': 2.3804399967193604, 'avg_kl_divergence': 10.332748413085938, 'entropy': 10.824798583984375}, {'step': 7, 'avg_l2_distance': 2.3804399967193604, 'avg_kl_divergence': 10.332748413085938, 'entropy': 10.82479476928711}, {'step': 8, 'avg_l2_distance': 2.3804399967193604, 'avg_kl_divergence': 10.332748413085938, 'entropy': 10.824790954589844}, {'step': 9, 'avg_l2_distance': 2.3804399967193604, 'avg_kl_divergence': 10.332748413085938, 'entropy': 10.824787139892578}, {'step': 10, 'avg_l2_distance': 2.3804399967193604, 'avg_kl_divergence': 10.332748413085938, 'entropy': 10.82478141784668}, {'step': 11, 'avg_l2_distance': 2.3804399967193604, 'avg_kl_divergence': 10.332748413085938, 'entropy': 10.824777603149414}, {'step': 12, 'avg_l2_distance': 2.3804399967193604, 'avg_kl_divergence': 10.332748413085938, 'entropy': 10.824771881103516}, {'step': 13, 'avg_l2_distance': 2.3804399967193604, 'avg_kl_divergence': 10.332748413085938, 'entropy': 10.824766159057617}, {'step': 14, 'avg_l2_distance': 2.3804399967193604, 'avg_kl_divergence': 10.332748413085938, 'entropy': 10.824758529663086}, {'step': 15, 'avg_l2_distance': 2.357384443283081, 'avg_kl_divergence': 9.965673446655273, 'entropy': 10.824752807617188}, {'step': 16, 'avg_l2_distance': 2.357384443283081, 'avg_kl_divergence': 9.965673446655273, 'entropy': 10.82472038269043}, {'step': 17, 'avg_l2_distance': 2.357384443283081, 'avg_kl_divergence': 9.965673446655273, 'entropy': 10.824712753295898}, {'step': 18, 'avg_l2_distance': 2.357384443283081, 'avg_kl_divergence': 9.965673446655273, 'entropy': 10.824703216552734}, {'step': 19, 'avg_l2_distance': 2.357384443283081, 'avg_kl_divergence': 9.965673446655273, 'entropy': 10.82469367980957}, {'step': 20, 'avg_l2_distance': 2.357384443283081, 'avg_kl_divergence': 9.965673446655273, 'entropy': 10.824682235717773}, {'step': 21, 'avg_l2_distance': 2.357384443283081, 'avg_kl_divergence': 9.965673446655273, 'entropy': 10.824670791625977}, {'step': 22, 'avg_l2_distance': 2.357384443283081, 'avg_kl_divergence': 9.965673446655273, 'entropy': 10.824657440185547}, {'step': 23, 'avg_l2_distance': 2.357384443283081, 'avg_kl_divergence': 9.965673446655273, 'entropy': 10.8246431350708}, {'step': 24, 'avg_l2_distance': 2.357384443283081, 'avg_kl_divergence': 9.965673446655273, 'entropy': 10.824626922607422}, {'step': 25, 'avg_l2_distance': 2.357384443283081, 'avg_kl_divergence': 9.965673446655273, 'entropy': 10.82460880279541}, {'step': 26, 'avg_l2_distance': 2.259845733642578, 'avg_kl_divergence': 8.869169235229492, 'entropy': 10.824588775634766}, {'step': 27, 'avg_l2_distance': 2.259845733642578, 'avg_kl_divergence': 8.869169235229492, 'entropy': 10.824577331542969}, {'step': 28, 'avg_l2_distance': 2.259845733642578, 'avg_kl_divergence': 8.869169235229492, 'entropy': 10.82455062866211}, {'step': 29, 'avg_l2_distance': 2.259845733642578, 'avg_kl_divergence': 8.869169235229492, 'entropy': 10.824518203735352}, {'step': 30, 'avg_l2_distance': 2.259845733642578, 'avg_kl_divergence': 8.869169235229492, 'entropy': 10.824481964111328}, {'step': 31, 'avg_l2_distance': 2.5396997928619385, 'avg_kl_divergence': 9.117949485778809, 'entropy': 10.82443904876709}, {'step': 32, 'avg_l2_distance': 2.5396997928619385, 'avg_kl_divergence': 9.117949485778809, 'entropy': 10.824458122253418}, {'step': 33, 'avg_l2_distance': 2.5396997928619385, 'avg_kl_divergence': 9.117949485778809, 'entropy': 10.82441234588623}, {'step': 34, 'avg_l2_distance': 2.5396997928619385, 'avg_kl_divergence': 9.117949485778809, 'entropy': 10.824358940124512}, {'step': 35, 'avg_l2_distance': 2.5396997928619385, 'avg_kl_divergence': 9.117949485778809, 'entropy': 10.824294090270996}, {'step': 36, 'avg_l2_distance': 2.3964200019836426, 'avg_kl_divergence': 8.854562759399414, 'entropy': 10.824214935302734}, {'step': 37, 'avg_l2_distance': 2.3964200019836426, 'avg_kl_divergence': 8.854562759399414, 'entropy': 10.82424545288086}, {'step': 38, 'avg_l2_distance': 2.3964200019836426, 'avg_kl_divergence': 8.854562759399414, 'entropy': 10.824129104614258}, {'step': 39, 'avg_l2_distance': 2.3964200019836426, 'avg_kl_divergence': 8.854562759399414, 'entropy': 10.823981285095215}, {'step': 40, 'avg_l2_distance': 2.3964200019836426, 'avg_kl_divergence': 8.854562759399414, 'entropy': 10.823783874511719}, {'step': 41, 'avg_l2_distance': 2.3964200019836426, 'avg_kl_divergence': 8.854562759399414, 'entropy': 10.823514938354492}, {'step': 42, 'avg_l2_distance': 2.3964200019836426, 'avg_kl_divergence': 8.854562759399414, 'entropy': 10.823137283325195}, {'step': 43, 'avg_l2_distance': 2.3964200019836426, 'avg_kl_divergence': 8.854562759399414, 'entropy': 10.822578430175781}, {'step': 44, 'avg_l2_distance': 2.3964200019836426, 'avg_kl_divergence': 8.854562759399414, 'entropy': 10.82170581817627}, {'step': 45, 'avg_l2_distance': 2.3964200019836426, 'avg_kl_divergence': 8.854562759399414, 'entropy': 10.820220947265625}, {'step': 46, 'avg_l2_distance': 2.3964200019836426, 'avg_kl_divergence': 8.854562759399414, 'entropy': 10.817362785339355}, {'step': 47, 'avg_l2_distance': 2.3964200019836426, 'avg_kl_divergence': 8.854562759399414, 'entropy': 10.810638427734375}, {'step': 48, 'avg_l2_distance': 2.3964200019836426, 'avg_kl_divergence': 8.854562759399414, 'entropy': 10.78703498840332}, {'step': 49, 'avg_l2_distance': 2.3964200019836426, 'avg_kl_divergence': 8.854562759399414, 'entropy': 10.399357795715332}]",2.3964200019836426,8.854562759399414,0.0
85,policy,True,"[{'step': 0, 'avg_l2_distance': 2.359112501144409, 'avg_kl_divergence': 9.92988395690918, 'entropy': 10.824777603149414}, {'step': 1, 'avg_l2_distance': 2.1068990230560303, 'avg_kl_divergence': 6.712114334106445, 'entropy': 10.8248291015625}, {'step': 2, 'avg_l2_distance': 2.1068990230560303, 'avg_kl_divergence': 6.712114334106445, 'entropy': 10.824787139892578}, {'step': 3, 'avg_l2_distance': 2.1068990230560303, 'avg_kl_divergence': 6.712114334106445, 'entropy': 10.824785232543945}, {'step': 4, 'avg_l2_distance': 2.1068990230560303, 'avg_kl_divergence': 6.712114334106445, 'entropy': 10.824782371520996}, {'step': 5, 'avg_l2_distance': 2.1068990230560303, 'avg_kl_divergence': 6.712114334106445, 'entropy': 10.82477855682373}, {'step': 6, 'avg_l2_distance': 2.1068990230560303, 'avg_kl_divergence': 6.712114334106445, 'entropy': 10.824774742126465}, {'step': 7, 'avg_l2_distance': 2.1068990230560303, 'avg_kl_divergence': 6.712114334106445, 'entropy': 10.824771881103516}, {'step': 8, 'avg_l2_distance': 2.1068990230560303, 'avg_kl_divergence': 6.712114334106445, 'entropy': 10.82476806640625}, {'step': 9, 'avg_l2_distance': 2.1068990230560303, 'avg_kl_divergence': 6.712114334106445, 'entropy': 10.824762344360352}, {'step': 10, 'avg_l2_distance': 2.1068990230560303, 'avg_kl_divergence': 6.712114334106445, 'entropy': 10.824758529663086}, {'step': 11, 'avg_l2_distance': 2.1068990230560303, 'avg_kl_divergence': 6.712114334106445, 'entropy': 10.824752807617188}, {'step': 12, 'avg_l2_distance': 2.1068990230560303, 'avg_kl_divergence': 6.712114334106445, 'entropy': 10.824747085571289}, {'step': 13, 'avg_l2_distance': 2.1068990230560303, 'avg_kl_divergence': 6.712114334106445, 'entropy': 10.824743270874023}, {'step': 14, 'avg_l2_distance': 2.170680522918701, 'avg_kl_divergence': 14.009987831115723, 'entropy': 10.824736595153809}, {'step': 15, 'avg_l2_distance': 2.170680522918701, 'avg_kl_divergence': 14.009987831115723, 'entropy': 10.824764251708984}, {'step': 16, 'avg_l2_distance': 2.170680522918701, 'avg_kl_divergence': 14.009987831115723, 'entropy': 10.82475757598877}, {'step': 17, 'avg_l2_distance': 2.170680522918701, 'avg_kl_divergence': 14.009987831115723, 'entropy': 10.824750900268555}, {'step': 18, 'avg_l2_distance': 2.170680522918701, 'avg_kl_divergence': 14.009987831115723, 'entropy': 10.82474136352539}, {'step': 19, 'avg_l2_distance': 2.170680522918701, 'avg_kl_divergence': 14.009987831115723, 'entropy': 10.82473373413086}, {'step': 20, 'avg_l2_distance': 2.170680522918701, 'avg_kl_divergence': 14.009987831115723, 'entropy': 10.824723243713379}, {'step': 21, 'avg_l2_distance': 2.170680522918701, 'avg_kl_divergence': 14.009987831115723, 'entropy': 10.824711799621582}, {'step': 22, 'avg_l2_distance': 2.170680522918701, 'avg_kl_divergence': 14.009987831115723, 'entropy': 10.824699401855469}, {'step': 23, 'avg_l2_distance': 2.170680522918701, 'avg_kl_divergence': 14.009987831115723, 'entropy': 10.824685096740723}, {'step': 24, 'avg_l2_distance': 1.7649884223937988, 'avg_kl_divergence': 5.602403163909912, 'entropy': 10.82466983795166}, {'step': 25, 'avg_l2_distance': 1.7649884223937988, 'avg_kl_divergence': 5.602403163909912, 'entropy': 10.824652671813965}, {'step': 26, 'avg_l2_distance': 1.7649884223937988, 'avg_kl_divergence': 5.602403163909912, 'entropy': 10.82463264465332}, {'step': 27, 'avg_l2_distance': 1.7649884223937988, 'avg_kl_divergence': 5.602403163909912, 'entropy': 10.824609756469727}, {'step': 28, 'avg_l2_distance': 1.7649884223937988, 'avg_kl_divergence': 5.602403163909912, 'entropy': 10.82458209991455}, {'step': 29, 'avg_l2_distance': 1.7649884223937988, 'avg_kl_divergence': 5.602403163909912, 'entropy': 10.824552536010742}, {'step': 30, 'avg_l2_distance': 1.7649884223937988, 'avg_kl_divergence': 5.602403163909912, 'entropy': 10.824517250061035}, {'step': 31, 'avg_l2_distance': 1.7649884223937988, 'avg_kl_divergence': 5.602403163909912, 'entropy': 10.82447624206543}, {'step': 32, 'avg_l2_distance': 1.7649884223937988, 'avg_kl_divergence': 5.602403163909912, 'entropy': 10.82442855834961}, {'step': 33, 'avg_l2_distance': 1.7649884223937988, 'avg_kl_divergence': 5.602403163909912, 'entropy': 10.824372291564941}, {'step': 34, 'avg_l2_distance': 1.7649884223937988, 'avg_kl_divergence': 5.602403163909912, 'entropy': 10.82430362701416}, {'step': 35, 'avg_l2_distance': 1.7649884223937988, 'avg_kl_divergence': 5.602403163909912, 'entropy': 10.824220657348633}, {'step': 36, 'avg_l2_distance': 1.7649884223937988, 'avg_kl_divergence': 5.602403163909912, 'entropy': 10.824119567871094}, {'step': 37, 'avg_l2_distance': 1.7649884223937988, 'avg_kl_divergence': 5.602403163909912, 'entropy': 10.823992729187012}, {'step': 38, 'avg_l2_distance': 1.7649884223937988, 'avg_kl_divergence': 5.602403163909912, 'entropy': 10.823833465576172}, {'step': 39, 'avg_l2_distance': 1.7649884223937988, 'avg_kl_divergence': 5.602403163909912, 'entropy': 10.823625564575195}, {'step': 40, 'avg_l2_distance': 1.7649884223937988, 'avg_kl_divergence': 5.602403163909912, 'entropy': 10.82335376739502}, {'step': 41, 'avg_l2_distance': 1.7649884223937988, 'avg_kl_divergence': 5.602403163909912, 'entropy': 10.822982788085938}, {'step': 42, 'avg_l2_distance': 1.7649884223937988, 'avg_kl_divergence': 5.602403163909912, 'entropy': 10.822458267211914}, {'step': 43, 'avg_l2_distance': 1.7649884223937988, 'avg_kl_divergence': 5.602403163909912, 'entropy': 10.821683883666992}, {'step': 44, 'avg_l2_distance': 1.7649884223937988, 'avg_kl_divergence': 5.602403163909912, 'entropy': 10.820466995239258}, {'step': 45, 'avg_l2_distance': 1.7649884223937988, 'avg_kl_divergence': 5.602403163909912, 'entropy': 10.818391799926758}, {'step': 46, 'avg_l2_distance': 1.7649884223937988, 'avg_kl_divergence': 5.602403163909912, 'entropy': 10.814375877380371}, {'step': 47, 'avg_l2_distance': 1.7649884223937988, 'avg_kl_divergence': 5.602403163909912, 'entropy': 10.804835319519043}, {'step': 48, 'avg_l2_distance': 1.7649884223937988, 'avg_kl_divergence': 5.602403163909912, 'entropy': 10.770923614501953}, {'step': 49, 'avg_l2_distance': 1.7649884223937988, 'avg_kl_divergence': 5.602403163909912, 'entropy': 10.340060234069824}]",1.7649884223937988,5.602403163909912,0.0
86,policy,True,"[{'step': 0, 'avg_l2_distance': 2.4341325759887695, 'avg_kl_divergence': 9.057356834411621, 'entropy': 10.824836730957031}, {'step': 1, 'avg_l2_distance': 1.917580008506775, 'avg_kl_divergence': 4.766575813293457, 'entropy': 10.824834823608398}, {'step': 2, 'avg_l2_distance': 2.0720725059509277, 'avg_kl_divergence': 1.926462173461914, 'entropy': 10.824810028076172}, {'step': 3, 'avg_l2_distance': 2.0720725059509277, 'avg_kl_divergence': 1.926462173461914, 'entropy': 10.824811935424805}, {'step': 4, 'avg_l2_distance': 2.0720725059509277, 'avg_kl_divergence': 1.926462173461914, 'entropy': 10.824810028076172}, {'step': 5, 'avg_l2_distance': 2.0720725059509277, 'avg_kl_divergence': 1.926462173461914, 'entropy': 10.824807167053223}, {'step': 6, 'avg_l2_distance': 2.0720725059509277, 'avg_kl_divergence': 1.926462173461914, 'entropy': 10.824804306030273}, {'step': 7, 'avg_l2_distance': 2.0720725059509277, 'avg_kl_divergence': 1.926462173461914, 'entropy': 10.824801445007324}, {'step': 8, 'avg_l2_distance': 2.0720725059509277, 'avg_kl_divergence': 1.926462173461914, 'entropy': 10.824797630310059}, {'step': 9, 'avg_l2_distance': 2.0720725059509277, 'avg_kl_divergence': 1.926462173461914, 'entropy': 10.824793815612793}, {'step': 10, 'avg_l2_distance': 2.0720725059509277, 'avg_kl_divergence': 1.926462173461914, 'entropy': 10.824790000915527}, {'step': 11, 'avg_l2_distance': 2.0720725059509277, 'avg_kl_divergence': 1.926462173461914, 'entropy': 10.824784278869629}, {'step': 12, 'avg_l2_distance': 2.0720725059509277, 'avg_kl_divergence': 1.926462173461914, 'entropy': 10.824779510498047}, {'step': 13, 'avg_l2_distance': 2.0720725059509277, 'avg_kl_divergence': 1.926462173461914, 'entropy': 10.824775695800781}, {'step': 14, 'avg_l2_distance': 2.0720725059509277, 'avg_kl_divergence': 1.926462173461914, 'entropy': 10.824769973754883}, {'step': 15, 'avg_l2_distance': 2.0720725059509277, 'avg_kl_divergence': 1.926462173461914, 'entropy': 10.824764251708984}, {'step': 16, 'avg_l2_distance': 2.0720725059509277, 'avg_kl_divergence': 1.926462173461914, 'entropy': 10.824756622314453}, {'step': 17, 'avg_l2_distance': 2.0720725059509277, 'avg_kl_divergence': 1.926462173461914, 'entropy': 10.824749946594238}, {'step': 18, 'avg_l2_distance': 2.0720725059509277, 'avg_kl_divergence': 1.926462173461914, 'entropy': 10.824743270874023}, {'step': 19, 'avg_l2_distance': 2.0720725059509277, 'avg_kl_divergence': 1.926462173461914, 'entropy': 10.82473373413086}, {'step': 20, 'avg_l2_distance': 2.0720725059509277, 'avg_kl_divergence': 1.926462173461914, 'entropy': 10.824725151062012}, {'step': 21, 'avg_l2_distance': 2.0720725059509277, 'avg_kl_divergence': 1.926462173461914, 'entropy': 10.824714660644531}, {'step': 22, 'avg_l2_distance': 2.0720725059509277, 'avg_kl_divergence': 1.926462173461914, 'entropy': 10.824703216552734}, {'step': 23, 'avg_l2_distance': 2.0720725059509277, 'avg_kl_divergence': 1.926462173461914, 'entropy': 10.824689865112305}, {'step': 24, 'avg_l2_distance': 2.0720725059509277, 'avg_kl_divergence': 1.926462173461914, 'entropy': 10.824675559997559}, {'step': 25, 'avg_l2_distance': 2.0720725059509277, 'avg_kl_divergence': 1.926462173461914, 'entropy': 10.82465934753418}, {'step': 26, 'avg_l2_distance': 2.0720725059509277, 'avg_kl_divergence': 1.926462173461914, 'entropy': 10.824642181396484}, {'step': 27, 'avg_l2_distance': 2.0720725059509277, 'avg_kl_divergence': 1.926462173461914, 'entropy': 10.824621200561523}, {'step': 28, 'avg_l2_distance': 2.0720725059509277, 'avg_kl_divergence': 1.926462173461914, 'entropy': 10.824596405029297}, {'step': 29, 'avg_l2_distance': 2.0720725059509277, 'avg_kl_divergence': 1.926462173461914, 'entropy': 10.824567794799805}, {'step': 30, 'avg_l2_distance': 2.0720725059509277, 'avg_kl_divergence': 1.926462173461914, 'entropy': 10.824538230895996}, {'step': 31, 'avg_l2_distance': 2.0720725059509277, 'avg_kl_divergence': 1.926462173461914, 'entropy': 10.824502944946289}, {'step': 32, 'avg_l2_distance': 2.0720725059509277, 'avg_kl_divergence': 1.926462173461914, 'entropy': 10.824459075927734}, {'step': 33, 'avg_l2_distance': 2.0720725059509277, 'avg_kl_divergence': 1.926462173461914, 'entropy': 10.824409484863281}, {'step': 34, 'avg_l2_distance': 2.0720725059509277, 'avg_kl_divergence': 1.926462173461914, 'entropy': 10.824349403381348}, {'step': 35, 'avg_l2_distance': 2.0720725059509277, 'avg_kl_divergence': 1.926462173461914, 'entropy': 10.8242769241333}, {'step': 36, 'avg_l2_distance': 2.0720725059509277, 'avg_kl_divergence': 1.926462173461914, 'entropy': 10.824186325073242}, {'step': 37, 'avg_l2_distance': 2.0720725059509277, 'avg_kl_divergence': 1.926462173461914, 'entropy': 10.824075698852539}, {'step': 38, 'avg_l2_distance': 2.0720725059509277, 'avg_kl_divergence': 1.926462173461914, 'entropy': 10.823938369750977}, {'step': 39, 'avg_l2_distance': 1.3402866125106812, 'avg_kl_divergence': 4.185720443725586, 'entropy': 10.823759078979492}, {'step': 40, 'avg_l2_distance': 1.3402866125106812, 'avg_kl_divergence': 4.185720443725586, 'entropy': 10.822796821594238}, {'step': 41, 'avg_l2_distance': 1.3402866125106812, 'avg_kl_divergence': 4.185720443725586, 'entropy': 10.822321891784668}, {'step': 42, 'avg_l2_distance': 1.3402866125106812, 'avg_kl_divergence': 4.185720443725586, 'entropy': 10.821657180786133}, {'step': 43, 'avg_l2_distance': 1.3402866125106812, 'avg_kl_divergence': 4.185720443725586, 'entropy': 10.820682525634766}, {'step': 44, 'avg_l2_distance': 1.3402866125106812, 'avg_kl_divergence': 4.185720443725586, 'entropy': 10.819164276123047}, {'step': 45, 'avg_l2_distance': 1.3402866125106812, 'avg_kl_divergence': 4.185720443725586, 'entropy': 10.816587448120117}, {'step': 46, 'avg_l2_distance': 1.3402866125106812, 'avg_kl_divergence': 4.185720443725586, 'entropy': 10.811627388000488}, {'step': 47, 'avg_l2_distance': 1.3402866125106812, 'avg_kl_divergence': 4.185720443725586, 'entropy': 10.799859046936035}, {'step': 48, 'avg_l2_distance': 1.3402866125106812, 'avg_kl_divergence': 4.185720443725586, 'entropy': 10.757867813110352}, {'step': 49, 'avg_l2_distance': 1.3402866125106812, 'avg_kl_divergence': 4.185720443725586, 'entropy': 10.194252014160156}]",1.3402866125106812,4.185720443725586,0.0
87,policy,True,"[{'step': 0, 'avg_l2_distance': 2.490640163421631, 'avg_kl_divergence': 7.31041955947876, 'entropy': 10.824807167053223}, {'step': 1, 'avg_l2_distance': 2.15037202835083, 'avg_kl_divergence': 12.285300254821777, 'entropy': 10.824832916259766}, {'step': 2, 'avg_l2_distance': 2.15037202835083, 'avg_kl_divergence': 12.285300254821777, 'entropy': 10.824788093566895}, {'step': 3, 'avg_l2_distance': 2.15037202835083, 'avg_kl_divergence': 12.285300254821777, 'entropy': 10.824784278869629}, {'step': 4, 'avg_l2_distance': 2.437711000442505, 'avg_kl_divergence': 7.88322639465332, 'entropy': 10.82478141784668}, {'step': 5, 'avg_l2_distance': 2.437711000442505, 'avg_kl_divergence': 7.88322639465332, 'entropy': 10.824837684631348}, {'step': 6, 'avg_l2_distance': 2.437711000442505, 'avg_kl_divergence': 7.88322639465332, 'entropy': 10.824836730957031}, {'step': 7, 'avg_l2_distance': 2.437711000442505, 'avg_kl_divergence': 7.88322639465332, 'entropy': 10.824832916259766}, {'step': 8, 'avg_l2_distance': 2.437711000442505, 'avg_kl_divergence': 7.88322639465332, 'entropy': 10.824831008911133}, {'step': 9, 'avg_l2_distance': 2.437711000442505, 'avg_kl_divergence': 7.88322639465332, 'entropy': 10.824831008911133}, {'step': 10, 'avg_l2_distance': 2.437711000442505, 'avg_kl_divergence': 7.88322639465332, 'entropy': 10.824828147888184}, {'step': 11, 'avg_l2_distance': 2.437711000442505, 'avg_kl_divergence': 7.88322639465332, 'entropy': 10.824824333190918}, {'step': 12, 'avg_l2_distance': 2.437711000442505, 'avg_kl_divergence': 7.88322639465332, 'entropy': 10.824821472167969}, {'step': 13, 'avg_l2_distance': 2.437711000442505, 'avg_kl_divergence': 7.88322639465332, 'entropy': 10.824817657470703}, {'step': 14, 'avg_l2_distance': 2.437711000442505, 'avg_kl_divergence': 7.88322639465332, 'entropy': 10.824814796447754}, {'step': 15, 'avg_l2_distance': 2.437711000442505, 'avg_kl_divergence': 7.88322639465332, 'entropy': 10.824811935424805}, {'step': 16, 'avg_l2_distance': 2.437711000442505, 'avg_kl_divergence': 7.88322639465332, 'entropy': 10.824807167053223}, {'step': 17, 'avg_l2_distance': 2.437711000442505, 'avg_kl_divergence': 7.88322639465332, 'entropy': 10.82480239868164}, {'step': 18, 'avg_l2_distance': 2.437711000442505, 'avg_kl_divergence': 7.88322639465332, 'entropy': 10.824797630310059}, {'step': 19, 'avg_l2_distance': 2.437711000442505, 'avg_kl_divergence': 7.88322639465332, 'entropy': 10.82479190826416}, {'step': 20, 'avg_l2_distance': 2.395329713821411, 'avg_kl_divergence': 5.485445976257324, 'entropy': 10.824785232543945}, {'step': 21, 'avg_l2_distance': 2.395329713821411, 'avg_kl_divergence': 5.485445976257324, 'entropy': 10.824690818786621}, {'step': 22, 'avg_l2_distance': 2.395329713821411, 'avg_kl_divergence': 5.485445976257324, 'entropy': 10.824679374694824}, {'step': 23, 'avg_l2_distance': 2.395329713821411, 'avg_kl_divergence': 5.485445976257324, 'entropy': 10.824666976928711}, {'step': 24, 'avg_l2_distance': 2.395329713821411, 'avg_kl_divergence': 5.485445976257324, 'entropy': 10.824653625488281}, {'step': 25, 'avg_l2_distance': 2.395329713821411, 'avg_kl_divergence': 5.485445976257324, 'entropy': 10.824638366699219}, {'step': 26, 'avg_l2_distance': 2.395329713821411, 'avg_kl_divergence': 5.485445976257324, 'entropy': 10.824620246887207}, {'step': 27, 'avg_l2_distance': 2.395329713821411, 'avg_kl_divergence': 5.485445976257324, 'entropy': 10.824602127075195}, {'step': 28, 'avg_l2_distance': 2.395329713821411, 'avg_kl_divergence': 5.485445976257324, 'entropy': 10.824579238891602}, {'step': 29, 'avg_l2_distance': 2.395329713821411, 'avg_kl_divergence': 5.485445976257324, 'entropy': 10.824554443359375}, {'step': 30, 'avg_l2_distance': 2.395329713821411, 'avg_kl_divergence': 5.485445976257324, 'entropy': 10.824525833129883}, {'step': 31, 'avg_l2_distance': 2.395329713821411, 'avg_kl_divergence': 5.485445976257324, 'entropy': 10.824492454528809}, {'step': 32, 'avg_l2_distance': 2.395329713821411, 'avg_kl_divergence': 5.485445976257324, 'entropy': 10.824455261230469}, {'step': 33, 'avg_l2_distance': 2.395329713821411, 'avg_kl_divergence': 5.485445976257324, 'entropy': 10.824408531188965}, {'step': 34, 'avg_l2_distance': 2.395329713821411, 'avg_kl_divergence': 5.485445976257324, 'entropy': 10.824356079101562}, {'step': 35, 'avg_l2_distance': 2.395329713821411, 'avg_kl_divergence': 5.485445976257324, 'entropy': 10.82429027557373}, {'step': 36, 'avg_l2_distance': 2.395329713821411, 'avg_kl_divergence': 5.485445976257324, 'entropy': 10.824211120605469}, {'step': 37, 'avg_l2_distance': 2.395329713821411, 'avg_kl_divergence': 5.485445976257324, 'entropy': 10.824113845825195}, {'step': 38, 'avg_l2_distance': 2.395329713821411, 'avg_kl_divergence': 5.485445976257324, 'entropy': 10.823989868164062}, {'step': 39, 'avg_l2_distance': 2.395329713821411, 'avg_kl_divergence': 5.485445976257324, 'entropy': 10.823833465576172}, {'step': 40, 'avg_l2_distance': 2.395329713821411, 'avg_kl_divergence': 5.485445976257324, 'entropy': 10.823627471923828}, {'step': 41, 'avg_l2_distance': 2.395329713821411, 'avg_kl_divergence': 5.485445976257324, 'entropy': 10.82335090637207}, {'step': 42, 'avg_l2_distance': 2.395329713821411, 'avg_kl_divergence': 5.485445976257324, 'entropy': 10.822961807250977}, {'step': 43, 'avg_l2_distance': 2.395329713821411, 'avg_kl_divergence': 5.485445976257324, 'entropy': 10.822393417358398}, {'step': 44, 'avg_l2_distance': 2.395329713821411, 'avg_kl_divergence': 5.485445976257324, 'entropy': 10.821513175964355}, {'step': 45, 'avg_l2_distance': 2.533771276473999, 'avg_kl_divergence': 4.850687026977539, 'entropy': 10.820028305053711}, {'step': 46, 'avg_l2_distance': 2.533771276473999, 'avg_kl_divergence': 4.850687026977539, 'entropy': 10.817167282104492}, {'step': 47, 'avg_l2_distance': 2.533771276473999, 'avg_kl_divergence': 4.850687026977539, 'entropy': 10.810263633728027}, {'step': 48, 'avg_l2_distance': 2.533771276473999, 'avg_kl_divergence': 4.850687026977539, 'entropy': 10.785968780517578}, {'step': 49, 'avg_l2_distance': 2.533771276473999, 'avg_kl_divergence': 4.850687026977539, 'entropy': 10.167301177978516}]",2.533771276473999,4.850687026977539,0.0
88,policy,True,"[{'step': 0, 'avg_l2_distance': 2.659219741821289, 'avg_kl_divergence': 0.8623418211936951, 'entropy': 10.824809074401855}, {'step': 1, 'avg_l2_distance': 2.659219741821289, 'avg_kl_divergence': 0.8623418211936951, 'entropy': 10.824814796447754}, {'step': 2, 'avg_l2_distance': 2.659219741821289, 'avg_kl_divergence': 0.8623418211936951, 'entropy': 10.824812889099121}, {'step': 3, 'avg_l2_distance': 2.659219741821289, 'avg_kl_divergence': 0.8623418211936951, 'entropy': 10.824810981750488}, {'step': 4, 'avg_l2_distance': 2.659219741821289, 'avg_kl_divergence': 0.8623418211936951, 'entropy': 10.824810028076172}, {'step': 5, 'avg_l2_distance': 2.659219741821289, 'avg_kl_divergence': 0.8623418211936951, 'entropy': 10.824807167053223}, {'step': 6, 'avg_l2_distance': 2.806821823120117, 'avg_kl_divergence': 0.9418472051620483, 'entropy': 10.824804306030273}, {'step': 7, 'avg_l2_distance': 2.920046091079712, 'avg_kl_divergence': 0.4771210551261902, 'entropy': 10.824803352355957}, {'step': 8, 'avg_l2_distance': 2.920046091079712, 'avg_kl_divergence': 0.4771210551261902, 'entropy': 10.824811935424805}, {'step': 9, 'avg_l2_distance': 2.920046091079712, 'avg_kl_divergence': 0.4771210551261902, 'entropy': 10.824808120727539}, {'step': 10, 'avg_l2_distance': 2.920046091079712, 'avg_kl_divergence': 0.4771210551261902, 'entropy': 10.82480525970459}, {'step': 11, 'avg_l2_distance': 2.920046091079712, 'avg_kl_divergence': 0.4771210551261902, 'entropy': 10.824800491333008}, {'step': 12, 'avg_l2_distance': 2.5272438526153564, 'avg_kl_divergence': 3.732513666152954, 'entropy': 10.824796676635742}, {'step': 13, 'avg_l2_distance': 2.5272438526153564, 'avg_kl_divergence': 3.732513666152954, 'entropy': 10.824756622314453}, {'step': 14, 'avg_l2_distance': 2.5272438526153564, 'avg_kl_divergence': 3.732513666152954, 'entropy': 10.824750900268555}, {'step': 15, 'avg_l2_distance': 2.5272438526153564, 'avg_kl_divergence': 3.732513666152954, 'entropy': 10.824743270874023}, {'step': 16, 'avg_l2_distance': 2.5272438526153564, 'avg_kl_divergence': 3.732513666152954, 'entropy': 10.824736595153809}, {'step': 17, 'avg_l2_distance': 2.5272438526153564, 'avg_kl_divergence': 3.732513666152954, 'entropy': 10.824728965759277}, {'step': 18, 'avg_l2_distance': 2.5272438526153564, 'avg_kl_divergence': 3.732513666152954, 'entropy': 10.824719429016113}, {'step': 19, 'avg_l2_distance': 2.5272438526153564, 'avg_kl_divergence': 3.732513666152954, 'entropy': 10.824708938598633}, {'step': 20, 'avg_l2_distance': 2.5272438526153564, 'avg_kl_divergence': 3.732513666152954, 'entropy': 10.824698448181152}, {'step': 21, 'avg_l2_distance': 2.5272438526153564, 'avg_kl_divergence': 3.732513666152954, 'entropy': 10.824686050415039}, {'step': 22, 'avg_l2_distance': 2.5272438526153564, 'avg_kl_divergence': 3.732513666152954, 'entropy': 10.82467269897461}, {'step': 23, 'avg_l2_distance': 2.5272438526153564, 'avg_kl_divergence': 3.732513666152954, 'entropy': 10.824657440185547}, {'step': 24, 'avg_l2_distance': 2.5272438526153564, 'avg_kl_divergence': 3.732513666152954, 'entropy': 10.824642181396484}, {'step': 25, 'avg_l2_distance': 2.5272438526153564, 'avg_kl_divergence': 3.732513666152954, 'entropy': 10.824624061584473}, {'step': 26, 'avg_l2_distance': 2.5272438526153564, 'avg_kl_divergence': 3.732513666152954, 'entropy': 10.824603080749512}, {'step': 27, 'avg_l2_distance': 2.5272438526153564, 'avg_kl_divergence': 3.732513666152954, 'entropy': 10.824578285217285}, {'step': 28, 'avg_l2_distance': 2.5272438526153564, 'avg_kl_divergence': 3.732513666152954, 'entropy': 10.824552536010742}, {'step': 29, 'avg_l2_distance': 2.5272438526153564, 'avg_kl_divergence': 3.732513666152954, 'entropy': 10.824520111083984}, {'step': 30, 'avg_l2_distance': 2.5272438526153564, 'avg_kl_divergence': 3.732513666152954, 'entropy': 10.824484825134277}, {'step': 31, 'avg_l2_distance': 2.5272438526153564, 'avg_kl_divergence': 3.732513666152954, 'entropy': 10.824443817138672}, {'step': 32, 'avg_l2_distance': 2.5272438526153564, 'avg_kl_divergence': 3.732513666152954, 'entropy': 10.824395179748535}, {'step': 33, 'avg_l2_distance': 2.5272438526153564, 'avg_kl_divergence': 3.732513666152954, 'entropy': 10.82433795928955}, {'step': 34, 'avg_l2_distance': 2.5272438526153564, 'avg_kl_divergence': 3.732513666152954, 'entropy': 10.824270248413086}, {'step': 35, 'avg_l2_distance': 2.5272438526153564, 'avg_kl_divergence': 3.732513666152954, 'entropy': 10.824188232421875}, {'step': 36, 'avg_l2_distance': 2.5272438526153564, 'avg_kl_divergence': 3.732513666152954, 'entropy': 10.824087142944336}, {'step': 37, 'avg_l2_distance': 2.5272438526153564, 'avg_kl_divergence': 3.732513666152954, 'entropy': 10.823963165283203}, {'step': 38, 'avg_l2_distance': 2.5272438526153564, 'avg_kl_divergence': 3.732513666152954, 'entropy': 10.823806762695312}, {'step': 39, 'avg_l2_distance': 2.5272438526153564, 'avg_kl_divergence': 3.732513666152954, 'entropy': 10.82360553741455}, {'step': 40, 'avg_l2_distance': 2.5272438526153564, 'avg_kl_divergence': 3.732513666152954, 'entropy': 10.823341369628906}, {'step': 41, 'avg_l2_distance': 2.580683946609497, 'avg_kl_divergence': 0.007100395858287811, 'entropy': 10.822982788085938}, {'step': 42, 'avg_l2_distance': 2.580683946609497, 'avg_kl_divergence': 0.007100395858287811, 'entropy': 10.822938919067383}, {'step': 43, 'avg_l2_distance': 2.580683946609497, 'avg_kl_divergence': 0.007100395858287811, 'entropy': 10.822333335876465}, {'step': 44, 'avg_l2_distance': 2.580683946609497, 'avg_kl_divergence': 0.007100395858287811, 'entropy': 10.821386337280273}, {'step': 45, 'avg_l2_distance': 2.580683946609497, 'avg_kl_divergence': 0.007100395858287811, 'entropy': 10.819778442382812}, {'step': 46, 'avg_l2_distance': 2.580683946609497, 'avg_kl_divergence': 0.007100395858287811, 'entropy': 10.816692352294922}, {'step': 47, 'avg_l2_distance': 2.580683946609497, 'avg_kl_divergence': 0.007100395858287811, 'entropy': 10.809432029724121}, {'step': 48, 'avg_l2_distance': 2.580683946609497, 'avg_kl_divergence': 0.007100395858287811, 'entropy': 10.783889770507812}, {'step': 49, 'avg_l2_distance': 2.580683946609497, 'avg_kl_divergence': 0.007100395858287811, 'entropy': 10.239255905151367}]",2.580683946609497,0.007100395858287811,0.0
89,policy,True,"[{'step': 0, 'avg_l2_distance': 2.530937910079956, 'avg_kl_divergence': 11.760336875915527, 'entropy': 10.824825286865234}, {'step': 1, 'avg_l2_distance': 2.530937910079956, 'avg_kl_divergence': 11.760336875915527, 'entropy': 10.824831008911133}, {'step': 2, 'avg_l2_distance': 2.2905871868133545, 'avg_kl_divergence': 15.131032943725586, 'entropy': 10.824830055236816}, {'step': 3, 'avg_l2_distance': 2.5122275352478027, 'avg_kl_divergence': 11.19443130493164, 'entropy': 10.824782371520996}, {'step': 4, 'avg_l2_distance': 2.4725401401519775, 'avg_kl_divergence': 6.918614387512207, 'entropy': 10.824817657470703}, {'step': 5, 'avg_l2_distance': 2.4725401401519775, 'avg_kl_divergence': 6.918614387512207, 'entropy': 10.824838638305664}, {'step': 6, 'avg_l2_distance': 1.977169156074524, 'avg_kl_divergence': 11.911916732788086, 'entropy': 10.824836730957031}, {'step': 7, 'avg_l2_distance': 1.5675373077392578, 'avg_kl_divergence': 9.573498725891113, 'entropy': 10.824813842773438}, {'step': 8, 'avg_l2_distance': 1.5675373077392578, 'avg_kl_divergence': 9.573498725891113, 'entropy': 10.824785232543945}, {'step': 9, 'avg_l2_distance': 1.5675373077392578, 'avg_kl_divergence': 9.573498725891113, 'entropy': 10.824780464172363}, {'step': 10, 'avg_l2_distance': 1.5675373077392578, 'avg_kl_divergence': 9.573498725891113, 'entropy': 10.824775695800781}, {'step': 11, 'avg_l2_distance': 1.5675373077392578, 'avg_kl_divergence': 9.573498725891113, 'entropy': 10.8247709274292}, {'step': 12, 'avg_l2_distance': 1.5675373077392578, 'avg_kl_divergence': 9.573498725891113, 'entropy': 10.824764251708984}, {'step': 13, 'avg_l2_distance': 1.5675373077392578, 'avg_kl_divergence': 9.573498725891113, 'entropy': 10.824756622314453}, {'step': 14, 'avg_l2_distance': 1.5675373077392578, 'avg_kl_divergence': 9.573498725891113, 'entropy': 10.824750900268555}, {'step': 15, 'avg_l2_distance': 1.5675373077392578, 'avg_kl_divergence': 9.573498725891113, 'entropy': 10.824743270874023}, {'step': 16, 'avg_l2_distance': 1.5675373077392578, 'avg_kl_divergence': 9.573498725891113, 'entropy': 10.82473373413086}, {'step': 17, 'avg_l2_distance': 1.5675373077392578, 'avg_kl_divergence': 9.573498725891113, 'entropy': 10.824725151062012}, {'step': 18, 'avg_l2_distance': 1.5675373077392578, 'avg_kl_divergence': 9.573498725891113, 'entropy': 10.824714660644531}, {'step': 19, 'avg_l2_distance': 1.5675373077392578, 'avg_kl_divergence': 9.573498725891113, 'entropy': 10.824703216552734}, {'step': 20, 'avg_l2_distance': 2.0035388469696045, 'avg_kl_divergence': 10.828717231750488, 'entropy': 10.824691772460938}, {'step': 21, 'avg_l2_distance': 2.0035388469696045, 'avg_kl_divergence': 10.828717231750488, 'entropy': 10.824579238891602}, {'step': 22, 'avg_l2_distance': 2.0035388469696045, 'avg_kl_divergence': 10.828717231750488, 'entropy': 10.824562072753906}, {'step': 23, 'avg_l2_distance': 2.0035388469696045, 'avg_kl_divergence': 10.828717231750488, 'entropy': 10.824541091918945}, {'step': 24, 'avg_l2_distance': 2.0035388469696045, 'avg_kl_divergence': 10.828717231750488, 'entropy': 10.824520111083984}, {'step': 25, 'avg_l2_distance': 2.0035388469696045, 'avg_kl_divergence': 10.828717231750488, 'entropy': 10.824495315551758}, {'step': 26, 'avg_l2_distance': 2.3351874351501465, 'avg_kl_divergence': 8.320650100708008, 'entropy': 10.824466705322266}, {'step': 27, 'avg_l2_distance': 2.3351874351501465, 'avg_kl_divergence': 8.320650100708008, 'entropy': 10.824644088745117}, {'step': 28, 'avg_l2_distance': 2.3351874351501465, 'avg_kl_divergence': 8.320650100708008, 'entropy': 10.824620246887207}, {'step': 29, 'avg_l2_distance': 2.3351874351501465, 'avg_kl_divergence': 8.320650100708008, 'entropy': 10.824594497680664}, {'step': 30, 'avg_l2_distance': 2.3351874351501465, 'avg_kl_divergence': 8.320650100708008, 'entropy': 10.824563980102539}, {'step': 31, 'avg_l2_distance': 2.3351874351501465, 'avg_kl_divergence': 8.320650100708008, 'entropy': 10.824529647827148}, {'step': 32, 'avg_l2_distance': 2.3351874351501465, 'avg_kl_divergence': 8.320650100708008, 'entropy': 10.824487686157227}, {'step': 33, 'avg_l2_distance': 2.3351874351501465, 'avg_kl_divergence': 8.320650100708008, 'entropy': 10.824440002441406}, {'step': 34, 'avg_l2_distance': 2.3351874351501465, 'avg_kl_divergence': 8.320650100708008, 'entropy': 10.824379920959473}, {'step': 35, 'avg_l2_distance': 2.3351874351501465, 'avg_kl_divergence': 8.320650100708008, 'entropy': 10.824309349060059}, {'step': 36, 'avg_l2_distance': 2.3351874351501465, 'avg_kl_divergence': 8.320650100708008, 'entropy': 10.824222564697266}, {'step': 37, 'avg_l2_distance': 2.3351874351501465, 'avg_kl_divergence': 8.320650100708008, 'entropy': 10.824115753173828}, {'step': 38, 'avg_l2_distance': 2.3351874351501465, 'avg_kl_divergence': 8.320650100708008, 'entropy': 10.823979377746582}, {'step': 39, 'avg_l2_distance': 2.3351874351501465, 'avg_kl_divergence': 8.320650100708008, 'entropy': 10.823802947998047}, {'step': 40, 'avg_l2_distance': 2.3351874351501465, 'avg_kl_divergence': 8.320650100708008, 'entropy': 10.823570251464844}, {'step': 41, 'avg_l2_distance': 2.3351874351501465, 'avg_kl_divergence': 8.320650100708008, 'entropy': 10.82325553894043}, {'step': 42, 'avg_l2_distance': 2.3351874351501465, 'avg_kl_divergence': 8.320650100708008, 'entropy': 10.822813034057617}, {'step': 43, 'avg_l2_distance': 2.3351874351501465, 'avg_kl_divergence': 8.320650100708008, 'entropy': 10.822159767150879}, {'step': 44, 'avg_l2_distance': 2.3351874351501465, 'avg_kl_divergence': 8.320650100708008, 'entropy': 10.82114028930664}, {'step': 45, 'avg_l2_distance': 2.3351874351501465, 'avg_kl_divergence': 8.320650100708008, 'entropy': 10.819408416748047}, {'step': 46, 'avg_l2_distance': 2.3351874351501465, 'avg_kl_divergence': 8.320650100708008, 'entropy': 10.816080093383789}, {'step': 47, 'avg_l2_distance': 2.3351874351501465, 'avg_kl_divergence': 8.320650100708008, 'entropy': 10.808255195617676}, {'step': 48, 'avg_l2_distance': 2.3351874351501465, 'avg_kl_divergence': 8.320650100708008, 'entropy': 10.780823707580566}, {'step': 49, 'avg_l2_distance': 2.3351874351501465, 'avg_kl_divergence': 8.320650100708008, 'entropy': 10.23835277557373}]",2.3351874351501465,8.320650100708008,0.0
90,policy,True,"[{'step': 0, 'avg_l2_distance': 2.8504645824432373, 'avg_kl_divergence': 13.927767753601074, 'entropy': 10.824790954589844}, {'step': 1, 'avg_l2_distance': 2.8504645824432373, 'avg_kl_divergence': 13.927767753601074, 'entropy': 10.824788093566895}, {'step': 2, 'avg_l2_distance': 2.6266536712646484, 'avg_kl_divergence': 9.966781616210938, 'entropy': 10.824785232543945}, {'step': 3, 'avg_l2_distance': 2.6266536712646484, 'avg_kl_divergence': 9.966781616210938, 'entropy': 10.824801445007324}, {'step': 4, 'avg_l2_distance': 2.6266536712646484, 'avg_kl_divergence': 9.966781616210938, 'entropy': 10.824799537658691}, {'step': 5, 'avg_l2_distance': 2.6266536712646484, 'avg_kl_divergence': 9.966781616210938, 'entropy': 10.824796676635742}, {'step': 6, 'avg_l2_distance': 2.6266536712646484, 'avg_kl_divergence': 9.966781616210938, 'entropy': 10.824792861938477}, {'step': 7, 'avg_l2_distance': 2.6266536712646484, 'avg_kl_divergence': 9.966781616210938, 'entropy': 10.824790954589844}, {'step': 8, 'avg_l2_distance': 2.6266536712646484, 'avg_kl_divergence': 9.966781616210938, 'entropy': 10.824787139892578}, {'step': 9, 'avg_l2_distance': 2.759551525115967, 'avg_kl_divergence': 15.968012809753418, 'entropy': 10.824783325195312}, {'step': 10, 'avg_l2_distance': 2.6616907119750977, 'avg_kl_divergence': 11.965001106262207, 'entropy': 10.824789047241211}, {'step': 11, 'avg_l2_distance': 2.6616907119750977, 'avg_kl_divergence': 11.965001106262207, 'entropy': 10.824771881103516}, {'step': 12, 'avg_l2_distance': 2.6616907119750977, 'avg_kl_divergence': 11.965001106262207, 'entropy': 10.82476806640625}, {'step': 13, 'avg_l2_distance': 2.6616907119750977, 'avg_kl_divergence': 11.965001106262207, 'entropy': 10.824762344360352}, {'step': 14, 'avg_l2_distance': 2.6616907119750977, 'avg_kl_divergence': 11.965001106262207, 'entropy': 10.824756622314453}, {'step': 15, 'avg_l2_distance': 2.6616907119750977, 'avg_kl_divergence': 11.965001106262207, 'entropy': 10.824749946594238}, {'step': 16, 'avg_l2_distance': 2.6616907119750977, 'avg_kl_divergence': 11.965001106262207, 'entropy': 10.824743270874023}, {'step': 17, 'avg_l2_distance': 2.6616907119750977, 'avg_kl_divergence': 11.965001106262207, 'entropy': 10.824734687805176}, {'step': 18, 'avg_l2_distance': 2.6616907119750977, 'avg_kl_divergence': 11.965001106262207, 'entropy': 10.824726104736328}, {'step': 19, 'avg_l2_distance': 2.6616907119750977, 'avg_kl_divergence': 11.965001106262207, 'entropy': 10.824716567993164}, {'step': 20, 'avg_l2_distance': 2.6616907119750977, 'avg_kl_divergence': 11.965001106262207, 'entropy': 10.82470703125}, {'step': 21, 'avg_l2_distance': 2.6616907119750977, 'avg_kl_divergence': 11.965001106262207, 'entropy': 10.824694633483887}, {'step': 22, 'avg_l2_distance': 2.6616907119750977, 'avg_kl_divergence': 11.965001106262207, 'entropy': 10.82468318939209}, {'step': 23, 'avg_l2_distance': 2.6616907119750977, 'avg_kl_divergence': 11.965001106262207, 'entropy': 10.824670791625977}, {'step': 24, 'avg_l2_distance': 2.740739107131958, 'avg_kl_divergence': 16.756328582763672, 'entropy': 10.824653625488281}, {'step': 25, 'avg_l2_distance': 2.740739107131958, 'avg_kl_divergence': 16.756328582763672, 'entropy': 10.824647903442383}, {'step': 26, 'avg_l2_distance': 2.740739107131958, 'avg_kl_divergence': 16.756328582763672, 'entropy': 10.824628829956055}, {'step': 27, 'avg_l2_distance': 2.740739107131958, 'avg_kl_divergence': 16.756328582763672, 'entropy': 10.824606895446777}, {'step': 28, 'avg_l2_distance': 2.740739107131958, 'avg_kl_divergence': 16.756328582763672, 'entropy': 10.824584007263184}, {'step': 29, 'avg_l2_distance': 2.740739107131958, 'avg_kl_divergence': 16.756328582763672, 'entropy': 10.824557304382324}, {'step': 30, 'avg_l2_distance': 2.740739107131958, 'avg_kl_divergence': 16.756328582763672, 'entropy': 10.824525833129883}, {'step': 31, 'avg_l2_distance': 2.740739107131958, 'avg_kl_divergence': 16.756328582763672, 'entropy': 10.824485778808594}, {'step': 32, 'avg_l2_distance': 2.740739107131958, 'avg_kl_divergence': 16.756328582763672, 'entropy': 10.824444770812988}, {'step': 33, 'avg_l2_distance': 2.740739107131958, 'avg_kl_divergence': 16.756328582763672, 'entropy': 10.824394226074219}, {'step': 34, 'avg_l2_distance': 2.740739107131958, 'avg_kl_divergence': 16.756328582763672, 'entropy': 10.824333190917969}, {'step': 35, 'avg_l2_distance': 2.740739107131958, 'avg_kl_divergence': 16.756328582763672, 'entropy': 10.824259757995605}, {'step': 36, 'avg_l2_distance': 2.740739107131958, 'avg_kl_divergence': 16.756328582763672, 'entropy': 10.824169158935547}, {'step': 37, 'avg_l2_distance': 2.740739107131958, 'avg_kl_divergence': 16.756328582763672, 'entropy': 10.824058532714844}, {'step': 38, 'avg_l2_distance': 2.740739107131958, 'avg_kl_divergence': 16.756328582763672, 'entropy': 10.823919296264648}, {'step': 39, 'avg_l2_distance': 2.740739107131958, 'avg_kl_divergence': 16.756328582763672, 'entropy': 10.823738098144531}, {'step': 40, 'avg_l2_distance': 2.740739107131958, 'avg_kl_divergence': 16.756328582763672, 'entropy': 10.823503494262695}, {'step': 41, 'avg_l2_distance': 2.740739107131958, 'avg_kl_divergence': 16.756328582763672, 'entropy': 10.8231840133667}, {'step': 42, 'avg_l2_distance': 2.740739107131958, 'avg_kl_divergence': 16.756328582763672, 'entropy': 10.822736740112305}, {'step': 43, 'avg_l2_distance': 2.740739107131958, 'avg_kl_divergence': 16.756328582763672, 'entropy': 10.822078704833984}, {'step': 44, 'avg_l2_distance': 2.740739107131958, 'avg_kl_divergence': 16.756328582763672, 'entropy': 10.821056365966797}, {'step': 45, 'avg_l2_distance': 2.740739107131958, 'avg_kl_divergence': 16.756328582763672, 'entropy': 10.819324493408203}, {'step': 46, 'avg_l2_distance': 2.740739107131958, 'avg_kl_divergence': 16.756328582763672, 'entropy': 10.816011428833008}, {'step': 47, 'avg_l2_distance': 2.740739107131958, 'avg_kl_divergence': 16.756328582763672, 'entropy': 10.808238983154297}, {'step': 48, 'avg_l2_distance': 2.740739107131958, 'avg_kl_divergence': 16.756328582763672, 'entropy': 10.781009674072266}, {'step': 49, 'avg_l2_distance': 2.740739107131958, 'avg_kl_divergence': 16.756328582763672, 'entropy': 10.300457000732422}]",2.740739107131958,16.756328582763672,0.0
91,policy,True,"[{'step': 0, 'avg_l2_distance': 2.760624408721924, 'avg_kl_divergence': 1.664458990097046, 'entropy': 10.824813842773438}, {'step': 1, 'avg_l2_distance': 2.760624408721924, 'avg_kl_divergence': 1.664458990097046, 'entropy': 10.824774742126465}, {'step': 2, 'avg_l2_distance': 2.5609567165374756, 'avg_kl_divergence': 1.8508541584014893, 'entropy': 10.824771881103516}, {'step': 3, 'avg_l2_distance': 2.5714714527130127, 'avg_kl_divergence': 9.505794525146484, 'entropy': 10.824832916259766}, {'step': 4, 'avg_l2_distance': 2.470712900161743, 'avg_kl_divergence': 0.7269558906555176, 'entropy': 10.824761390686035}, {'step': 5, 'avg_l2_distance': 2.470712900161743, 'avg_kl_divergence': 0.7269558906555176, 'entropy': 10.824751853942871}, {'step': 6, 'avg_l2_distance': 2.470712900161743, 'avg_kl_divergence': 0.7269558906555176, 'entropy': 10.824747085571289}, {'step': 7, 'avg_l2_distance': 2.470712900161743, 'avg_kl_divergence': 0.7269558906555176, 'entropy': 10.824743270874023}, {'step': 8, 'avg_l2_distance': 2.470712900161743, 'avg_kl_divergence': 0.7269558906555176, 'entropy': 10.824738502502441}, {'step': 9, 'avg_l2_distance': 2.470712900161743, 'avg_kl_divergence': 0.7269558906555176, 'entropy': 10.824732780456543}, {'step': 10, 'avg_l2_distance': 2.470712900161743, 'avg_kl_divergence': 0.7269558906555176, 'entropy': 10.824727058410645}, {'step': 11, 'avg_l2_distance': 2.470712900161743, 'avg_kl_divergence': 0.7269558906555176, 'entropy': 10.82472038269043}, {'step': 12, 'avg_l2_distance': 2.470712900161743, 'avg_kl_divergence': 0.7269558906555176, 'entropy': 10.824714660644531}, {'step': 13, 'avg_l2_distance': 2.470712900161743, 'avg_kl_divergence': 0.7269558906555176, 'entropy': 10.82470703125}, {'step': 14, 'avg_l2_distance': 2.470712900161743, 'avg_kl_divergence': 0.7269558906555176, 'entropy': 10.824699401855469}, {'step': 15, 'avg_l2_distance': 2.470712900161743, 'avg_kl_divergence': 0.7269558906555176, 'entropy': 10.824691772460938}, {'step': 16, 'avg_l2_distance': 2.470712900161743, 'avg_kl_divergence': 0.7269558906555176, 'entropy': 10.824682235717773}, {'step': 17, 'avg_l2_distance': 2.470712900161743, 'avg_kl_divergence': 0.7269558906555176, 'entropy': 10.82467269897461}, {'step': 18, 'avg_l2_distance': 2.470712900161743, 'avg_kl_divergence': 0.7269558906555176, 'entropy': 10.824661254882812}, {'step': 19, 'avg_l2_distance': 2.470712900161743, 'avg_kl_divergence': 0.7269558906555176, 'entropy': 10.824649810791016}, {'step': 20, 'avg_l2_distance': 2.470712900161743, 'avg_kl_divergence': 0.7269558906555176, 'entropy': 10.824637413024902}, {'step': 21, 'avg_l2_distance': 2.470712900161743, 'avg_kl_divergence': 0.7269558906555176, 'entropy': 10.824623107910156}, {'step': 22, 'avg_l2_distance': 2.470712900161743, 'avg_kl_divergence': 0.7269558906555176, 'entropy': 10.824607849121094}, {'step': 23, 'avg_l2_distance': 2.470712900161743, 'avg_kl_divergence': 0.7269558906555176, 'entropy': 10.824590682983398}, {'step': 24, 'avg_l2_distance': 2.470712900161743, 'avg_kl_divergence': 0.7269558906555176, 'entropy': 10.824572563171387}, {'step': 25, 'avg_l2_distance': 2.470712900161743, 'avg_kl_divergence': 0.7269558906555176, 'entropy': 10.82455062866211}, {'step': 26, 'avg_l2_distance': 2.470712900161743, 'avg_kl_divergence': 0.7269558906555176, 'entropy': 10.8245267868042}, {'step': 27, 'avg_l2_distance': 2.470712900161743, 'avg_kl_divergence': 0.7269558906555176, 'entropy': 10.824499130249023}, {'step': 28, 'avg_l2_distance': 2.470712900161743, 'avg_kl_divergence': 0.7269558906555176, 'entropy': 10.824469566345215}, {'step': 29, 'avg_l2_distance': 2.470712900161743, 'avg_kl_divergence': 0.7269558906555176, 'entropy': 10.824433326721191}, {'step': 30, 'avg_l2_distance': 2.470712900161743, 'avg_kl_divergence': 0.7269558906555176, 'entropy': 10.824393272399902}, {'step': 31, 'avg_l2_distance': 2.470712900161743, 'avg_kl_divergence': 0.7269558906555176, 'entropy': 10.824346542358398}, {'step': 32, 'avg_l2_distance': 2.6708145141601562, 'avg_kl_divergence': 1.4172468185424805, 'entropy': 10.82429313659668}, {'step': 33, 'avg_l2_distance': 2.6708145141601562, 'avg_kl_divergence': 1.4172468185424805, 'entropy': 10.824437141418457}, {'step': 34, 'avg_l2_distance': 2.6708145141601562, 'avg_kl_divergence': 1.4172468185424805, 'entropy': 10.824384689331055}, {'step': 35, 'avg_l2_distance': 2.6708145141601562, 'avg_kl_divergence': 1.4172468185424805, 'entropy': 10.824319839477539}, {'step': 36, 'avg_l2_distance': 2.6708145141601562, 'avg_kl_divergence': 1.4172468185424805, 'entropy': 10.824241638183594}, {'step': 37, 'avg_l2_distance': 2.6708145141601562, 'avg_kl_divergence': 1.4172468185424805, 'entropy': 10.82414436340332}, {'step': 38, 'avg_l2_distance': 2.6708145141601562, 'avg_kl_divergence': 1.4172468185424805, 'entropy': 10.824023246765137}, {'step': 39, 'avg_l2_distance': 2.6708145141601562, 'avg_kl_divergence': 1.4172468185424805, 'entropy': 10.823863983154297}, {'step': 40, 'avg_l2_distance': 2.6708145141601562, 'avg_kl_divergence': 1.4172468185424805, 'entropy': 10.823657989501953}, {'step': 41, 'avg_l2_distance': 2.6708145141601562, 'avg_kl_divergence': 1.4172468185424805, 'entropy': 10.82337760925293}, {'step': 42, 'avg_l2_distance': 2.6708145141601562, 'avg_kl_divergence': 1.4172468185424805, 'entropy': 10.822986602783203}, {'step': 43, 'avg_l2_distance': 2.6708145141601562, 'avg_kl_divergence': 1.4172468185424805, 'entropy': 10.822409629821777}, {'step': 44, 'avg_l2_distance': 2.6708145141601562, 'avg_kl_divergence': 1.4172468185424805, 'entropy': 10.821510314941406}, {'step': 45, 'avg_l2_distance': 2.6708145141601562, 'avg_kl_divergence': 1.4172468185424805, 'entropy': 10.819988250732422}, {'step': 46, 'avg_l2_distance': 2.6708145141601562, 'avg_kl_divergence': 1.4172468185424805, 'entropy': 10.817070007324219}, {'step': 47, 'avg_l2_distance': 2.6708145141601562, 'avg_kl_divergence': 1.4172468185424805, 'entropy': 10.81022834777832}, {'step': 48, 'avg_l2_distance': 2.6708145141601562, 'avg_kl_divergence': 1.4172468185424805, 'entropy': 10.786357879638672}, {'step': 49, 'avg_l2_distance': 2.6708145141601562, 'avg_kl_divergence': 1.4172468185424805, 'entropy': 10.442206382751465}]",2.6708145141601562,1.4172468185424805,0.0
92,policy,True,"[{'step': 0, 'avg_l2_distance': 2.3928282260894775, 'avg_kl_divergence': 9.187310218811035, 'entropy': 10.82481575012207}, {'step': 1, 'avg_l2_distance': 2.0011026859283447, 'avg_kl_divergence': 8.248406410217285, 'entropy': 10.824750900268555}, {'step': 2, 'avg_l2_distance': 2.0011026859283447, 'avg_kl_divergence': 8.248406410217285, 'entropy': 10.824766159057617}, {'step': 3, 'avg_l2_distance': 2.0011026859283447, 'avg_kl_divergence': 8.248406410217285, 'entropy': 10.824762344360352}, {'step': 4, 'avg_l2_distance': 2.0011026859283447, 'avg_kl_divergence': 8.248406410217285, 'entropy': 10.824758529663086}, {'step': 5, 'avg_l2_distance': 2.0011026859283447, 'avg_kl_divergence': 8.248406410217285, 'entropy': 10.824752807617188}, {'step': 6, 'avg_l2_distance': 2.0011026859283447, 'avg_kl_divergence': 8.248406410217285, 'entropy': 10.824748039245605}, {'step': 7, 'avg_l2_distance': 2.0011026859283447, 'avg_kl_divergence': 8.248406410217285, 'entropy': 10.824742317199707}, {'step': 8, 'avg_l2_distance': 2.0011026859283447, 'avg_kl_divergence': 8.248406410217285, 'entropy': 10.824738502502441}, {'step': 9, 'avg_l2_distance': 2.5653634071350098, 'avg_kl_divergence': 10.707280158996582, 'entropy': 10.824731826782227}, {'step': 10, 'avg_l2_distance': 2.5653634071350098, 'avg_kl_divergence': 10.707280158996582, 'entropy': 10.8248291015625}, {'step': 11, 'avg_l2_distance': 2.5653634071350098, 'avg_kl_divergence': 10.707280158996582, 'entropy': 10.82482624053955}, {'step': 12, 'avg_l2_distance': 2.5653634071350098, 'avg_kl_divergence': 10.707280158996582, 'entropy': 10.824822425842285}, {'step': 13, 'avg_l2_distance': 2.5653634071350098, 'avg_kl_divergence': 10.707280158996582, 'entropy': 10.824819564819336}, {'step': 14, 'avg_l2_distance': 2.5653634071350098, 'avg_kl_divergence': 10.707280158996582, 'entropy': 10.824816703796387}, {'step': 15, 'avg_l2_distance': 2.5653634071350098, 'avg_kl_divergence': 10.707280158996582, 'entropy': 10.824812889099121}, {'step': 16, 'avg_l2_distance': 2.5653634071350098, 'avg_kl_divergence': 10.707280158996582, 'entropy': 10.824808120727539}, {'step': 17, 'avg_l2_distance': 2.5653634071350098, 'avg_kl_divergence': 10.707280158996582, 'entropy': 10.824804306030273}, {'step': 18, 'avg_l2_distance': 2.5653634071350098, 'avg_kl_divergence': 10.707280158996582, 'entropy': 10.824799537658691}, {'step': 19, 'avg_l2_distance': 2.5653634071350098, 'avg_kl_divergence': 10.707280158996582, 'entropy': 10.824793815612793}, {'step': 20, 'avg_l2_distance': 2.5653634071350098, 'avg_kl_divergence': 10.707280158996582, 'entropy': 10.824787139892578}, {'step': 21, 'avg_l2_distance': 2.5653634071350098, 'avg_kl_divergence': 10.707280158996582, 'entropy': 10.824779510498047}, {'step': 22, 'avg_l2_distance': 2.5653634071350098, 'avg_kl_divergence': 10.707280158996582, 'entropy': 10.824771881103516}, {'step': 23, 'avg_l2_distance': 2.5653634071350098, 'avg_kl_divergence': 10.707280158996582, 'entropy': 10.824764251708984}, {'step': 24, 'avg_l2_distance': 2.5653634071350098, 'avg_kl_divergence': 10.707280158996582, 'entropy': 10.824753761291504}, {'step': 25, 'avg_l2_distance': 2.5653634071350098, 'avg_kl_divergence': 10.707280158996582, 'entropy': 10.82474136352539}, {'step': 26, 'avg_l2_distance': 2.5653634071350098, 'avg_kl_divergence': 10.707280158996582, 'entropy': 10.824728965759277}, {'step': 27, 'avg_l2_distance': 2.5653634071350098, 'avg_kl_divergence': 10.707280158996582, 'entropy': 10.824713706970215}, {'step': 28, 'avg_l2_distance': 2.5653634071350098, 'avg_kl_divergence': 10.707280158996582, 'entropy': 10.824697494506836}, {'step': 29, 'avg_l2_distance': 2.5653634071350098, 'avg_kl_divergence': 10.707280158996582, 'entropy': 10.824677467346191}, {'step': 30, 'avg_l2_distance': 2.5653634071350098, 'avg_kl_divergence': 10.707280158996582, 'entropy': 10.824653625488281}, {'step': 31, 'avg_l2_distance': 2.5653634071350098, 'avg_kl_divergence': 10.707280158996582, 'entropy': 10.824626922607422}, {'step': 32, 'avg_l2_distance': 2.5653634071350098, 'avg_kl_divergence': 10.707280158996582, 'entropy': 10.824594497680664}, {'step': 33, 'avg_l2_distance': 2.5653634071350098, 'avg_kl_divergence': 10.707280158996582, 'entropy': 10.824556350708008}, {'step': 34, 'avg_l2_distance': 2.5653634071350098, 'avg_kl_divergence': 10.707280158996582, 'entropy': 10.824509620666504}, {'step': 35, 'avg_l2_distance': 2.5653634071350098, 'avg_kl_divergence': 10.707280158996582, 'entropy': 10.824453353881836}, {'step': 36, 'avg_l2_distance': 2.5653634071350098, 'avg_kl_divergence': 10.707280158996582, 'entropy': 10.824384689331055}, {'step': 37, 'avg_l2_distance': 2.5653634071350098, 'avg_kl_divergence': 10.707280158996582, 'entropy': 10.824296951293945}, {'step': 38, 'avg_l2_distance': 2.5653634071350098, 'avg_kl_divergence': 10.707280158996582, 'entropy': 10.824186325073242}, {'step': 39, 'avg_l2_distance': 2.5653634071350098, 'avg_kl_divergence': 10.707280158996582, 'entropy': 10.824041366577148}, {'step': 40, 'avg_l2_distance': 2.5653634071350098, 'avg_kl_divergence': 10.707280158996582, 'entropy': 10.823848724365234}, {'step': 41, 'avg_l2_distance': 2.5653634071350098, 'avg_kl_divergence': 10.707280158996582, 'entropy': 10.823587417602539}, {'step': 42, 'avg_l2_distance': 2.5653634071350098, 'avg_kl_divergence': 10.707280158996582, 'entropy': 10.82321548461914}, {'step': 43, 'avg_l2_distance': 2.5653634071350098, 'avg_kl_divergence': 10.707280158996582, 'entropy': 10.822662353515625}, {'step': 44, 'avg_l2_distance': 2.5653634071350098, 'avg_kl_divergence': 10.707280158996582, 'entropy': 10.821794509887695}, {'step': 45, 'avg_l2_distance': 2.5653634071350098, 'avg_kl_divergence': 10.707280158996582, 'entropy': 10.820310592651367}, {'step': 46, 'avg_l2_distance': 2.5653634071350098, 'avg_kl_divergence': 10.707280158996582, 'entropy': 10.817444801330566}, {'step': 47, 'avg_l2_distance': 2.5653634071350098, 'avg_kl_divergence': 10.707280158996582, 'entropy': 10.8106689453125}, {'step': 48, 'avg_l2_distance': 2.5653634071350098, 'avg_kl_divergence': 10.707280158996582, 'entropy': 10.786734580993652}, {'step': 49, 'avg_l2_distance': 2.5653634071350098, 'avg_kl_divergence': 10.707280158996582, 'entropy': 10.260905265808105}]",2.5653634071350098,10.707280158996582,0.0
93,policy,True,"[{'step': 0, 'avg_l2_distance': 2.700948476791382, 'avg_kl_divergence': 11.420291900634766, 'entropy': 10.824831008911133}, {'step': 1, 'avg_l2_distance': 2.700948476791382, 'avg_kl_divergence': 11.420291900634766, 'entropy': 10.82483196258545}, {'step': 2, 'avg_l2_distance': 2.700948476791382, 'avg_kl_divergence': 11.420291900634766, 'entropy': 10.824831008911133}, {'step': 3, 'avg_l2_distance': 2.700948476791382, 'avg_kl_divergence': 11.420291900634766, 'entropy': 10.824828147888184}, {'step': 4, 'avg_l2_distance': 2.546373128890991, 'avg_kl_divergence': 12.360343933105469, 'entropy': 10.824827194213867}, {'step': 5, 'avg_l2_distance': 2.546373128890991, 'avg_kl_divergence': 12.360343933105469, 'entropy': 10.824792861938477}, {'step': 6, 'avg_l2_distance': 2.5683820247650146, 'avg_kl_divergence': 11.812726020812988, 'entropy': 10.824789047241211}, {'step': 7, 'avg_l2_distance': 2.6425609588623047, 'avg_kl_divergence': 11.967425346374512, 'entropy': 10.824773788452148}, {'step': 8, 'avg_l2_distance': 2.4517838954925537, 'avg_kl_divergence': 12.479691505432129, 'entropy': 10.824813842773438}, {'step': 9, 'avg_l2_distance': 2.4517838954925537, 'avg_kl_divergence': 12.479691505432129, 'entropy': 10.824737548828125}, {'step': 10, 'avg_l2_distance': 2.4517838954925537, 'avg_kl_divergence': 12.479691505432129, 'entropy': 10.824731826782227}, {'step': 11, 'avg_l2_distance': 2.4517838954925537, 'avg_kl_divergence': 12.479691505432129, 'entropy': 10.824727058410645}, {'step': 12, 'avg_l2_distance': 2.4517838954925537, 'avg_kl_divergence': 12.479691505432129, 'entropy': 10.824722290039062}, {'step': 13, 'avg_l2_distance': 2.4517838954925537, 'avg_kl_divergence': 12.479691505432129, 'entropy': 10.824714660644531}, {'step': 14, 'avg_l2_distance': 2.4517838954925537, 'avg_kl_divergence': 12.479691505432129, 'entropy': 10.824708938598633}, {'step': 15, 'avg_l2_distance': 2.4517838954925537, 'avg_kl_divergence': 12.479691505432129, 'entropy': 10.824702262878418}, {'step': 16, 'avg_l2_distance': 2.3763599395751953, 'avg_kl_divergence': 10.393345832824707, 'entropy': 10.824694633483887}, {'step': 17, 'avg_l2_distance': 2.3763599395751953, 'avg_kl_divergence': 10.393345832824707, 'entropy': 10.82465934753418}, {'step': 18, 'avg_l2_distance': 2.3763599395751953, 'avg_kl_divergence': 10.393345832824707, 'entropy': 10.824646949768066}, {'step': 19, 'avg_l2_distance': 2.3763599395751953, 'avg_kl_divergence': 10.393345832824707, 'entropy': 10.824634552001953}, {'step': 20, 'avg_l2_distance': 2.3763599395751953, 'avg_kl_divergence': 10.393345832824707, 'entropy': 10.82461929321289}, {'step': 21, 'avg_l2_distance': 2.3763599395751953, 'avg_kl_divergence': 10.393345832824707, 'entropy': 10.824603080749512}, {'step': 22, 'avg_l2_distance': 2.3763599395751953, 'avg_kl_divergence': 10.393345832824707, 'entropy': 10.824586868286133}, {'step': 23, 'avg_l2_distance': 2.3763599395751953, 'avg_kl_divergence': 10.393345832824707, 'entropy': 10.824565887451172}, {'step': 24, 'avg_l2_distance': 2.3763599395751953, 'avg_kl_divergence': 10.393345832824707, 'entropy': 10.824545860290527}, {'step': 25, 'avg_l2_distance': 2.3763599395751953, 'avg_kl_divergence': 10.393345832824707, 'entropy': 10.8245210647583}, {'step': 26, 'avg_l2_distance': 2.380077838897705, 'avg_kl_divergence': 13.710599899291992, 'entropy': 10.824493408203125}, {'step': 27, 'avg_l2_distance': 2.380077838897705, 'avg_kl_divergence': 13.710599899291992, 'entropy': 10.824615478515625}, {'step': 28, 'avg_l2_distance': 2.380077838897705, 'avg_kl_divergence': 13.710599899291992, 'entropy': 10.824590682983398}, {'step': 29, 'avg_l2_distance': 2.6180155277252197, 'avg_kl_divergence': 9.09906005859375, 'entropy': 10.824563980102539}, {'step': 30, 'avg_l2_distance': 2.6180155277252197, 'avg_kl_divergence': 9.09906005859375, 'entropy': 10.82463264465332}, {'step': 31, 'avg_l2_distance': 2.6180155277252197, 'avg_kl_divergence': 9.09906005859375, 'entropy': 10.824604988098145}, {'step': 32, 'avg_l2_distance': 2.6180155277252197, 'avg_kl_divergence': 9.09906005859375, 'entropy': 10.82457160949707}, {'step': 33, 'avg_l2_distance': 2.6180155277252197, 'avg_kl_divergence': 9.09906005859375, 'entropy': 10.824533462524414}, {'step': 34, 'avg_l2_distance': 2.6180155277252197, 'avg_kl_divergence': 9.09906005859375, 'entropy': 10.824487686157227}, {'step': 35, 'avg_l2_distance': 2.6180155277252197, 'avg_kl_divergence': 9.09906005859375, 'entropy': 10.824430465698242}, {'step': 36, 'avg_l2_distance': 2.6180155277252197, 'avg_kl_divergence': 9.09906005859375, 'entropy': 10.824361801147461}, {'step': 37, 'avg_l2_distance': 2.6180155277252197, 'avg_kl_divergence': 9.09906005859375, 'entropy': 10.824275970458984}, {'step': 38, 'avg_l2_distance': 2.6180155277252197, 'avg_kl_divergence': 9.09906005859375, 'entropy': 10.824169158935547}, {'step': 39, 'avg_l2_distance': 2.6180155277252197, 'avg_kl_divergence': 9.09906005859375, 'entropy': 10.824028015136719}, {'step': 40, 'avg_l2_distance': 2.6180155277252197, 'avg_kl_divergence': 9.09906005859375, 'entropy': 10.823843955993652}, {'step': 41, 'avg_l2_distance': 2.6180155277252197, 'avg_kl_divergence': 9.09906005859375, 'entropy': 10.823593139648438}, {'step': 42, 'avg_l2_distance': 2.6180155277252197, 'avg_kl_divergence': 9.09906005859375, 'entropy': 10.823240280151367}, {'step': 43, 'avg_l2_distance': 2.6180155277252197, 'avg_kl_divergence': 9.09906005859375, 'entropy': 10.822722434997559}, {'step': 44, 'avg_l2_distance': 2.6180155277252197, 'avg_kl_divergence': 9.09906005859375, 'entropy': 10.82191276550293}, {'step': 45, 'avg_l2_distance': 2.6180155277252197, 'avg_kl_divergence': 9.09906005859375, 'entropy': 10.820540428161621}, {'step': 46, 'avg_l2_distance': 2.6180155277252197, 'avg_kl_divergence': 9.09906005859375, 'entropy': 10.81790542602539}, {'step': 47, 'avg_l2_distance': 2.6180155277252197, 'avg_kl_divergence': 9.09906005859375, 'entropy': 10.811685562133789}, {'step': 48, 'avg_l2_distance': 2.6180155277252197, 'avg_kl_divergence': 9.09906005859375, 'entropy': 10.789514541625977}, {'step': 49, 'avg_l2_distance': 2.6180155277252197, 'avg_kl_divergence': 9.09906005859375, 'entropy': 10.18719482421875}]",2.6180155277252197,9.09906005859375,0.0
94,policy,True,"[{'step': 0, 'avg_l2_distance': 2.2551863193511963, 'avg_kl_divergence': 12.46816635131836, 'entropy': 10.824795722961426}, {'step': 1, 'avg_l2_distance': 2.2551863193511963, 'avg_kl_divergence': 12.46816635131836, 'entropy': 10.824792861938477}, {'step': 2, 'avg_l2_distance': 2.41925311088562, 'avg_kl_divergence': 9.237994194030762, 'entropy': 10.824790000915527}, {'step': 3, 'avg_l2_distance': 2.41925311088562, 'avg_kl_divergence': 9.237994194030762, 'entropy': 10.824835777282715}, {'step': 4, 'avg_l2_distance': 2.41925311088562, 'avg_kl_divergence': 9.237994194030762, 'entropy': 10.824835777282715}, {'step': 5, 'avg_l2_distance': 2.41925311088562, 'avg_kl_divergence': 9.237994194030762, 'entropy': 10.824832916259766}, {'step': 6, 'avg_l2_distance': 2.41925311088562, 'avg_kl_divergence': 9.237994194030762, 'entropy': 10.824831008911133}, {'step': 7, 'avg_l2_distance': 2.41925311088562, 'avg_kl_divergence': 9.237994194030762, 'entropy': 10.824828147888184}, {'step': 8, 'avg_l2_distance': 2.41925311088562, 'avg_kl_divergence': 9.237994194030762, 'entropy': 10.824825286865234}, {'step': 9, 'avg_l2_distance': 2.41925311088562, 'avg_kl_divergence': 9.237994194030762, 'entropy': 10.824823379516602}, {'step': 10, 'avg_l2_distance': 2.41925311088562, 'avg_kl_divergence': 9.237994194030762, 'entropy': 10.824820518493652}, {'step': 11, 'avg_l2_distance': 2.5586538314819336, 'avg_kl_divergence': 8.590163230895996, 'entropy': 10.824817657470703}, {'step': 12, 'avg_l2_distance': 2.5586538314819336, 'avg_kl_divergence': 8.590163230895996, 'entropy': 10.824810028076172}, {'step': 13, 'avg_l2_distance': 2.5586538314819336, 'avg_kl_divergence': 8.590163230895996, 'entropy': 10.824808120727539}, {'step': 14, 'avg_l2_distance': 2.586495876312256, 'avg_kl_divergence': 9.822619438171387, 'entropy': 10.824804306030273}, {'step': 15, 'avg_l2_distance': 2.586495876312256, 'avg_kl_divergence': 9.822619438171387, 'entropy': 10.82481575012207}, {'step': 16, 'avg_l2_distance': 2.586495876312256, 'avg_kl_divergence': 9.822619438171387, 'entropy': 10.824813842773438}, {'step': 17, 'avg_l2_distance': 2.586495876312256, 'avg_kl_divergence': 9.822619438171387, 'entropy': 10.824810028076172}, {'step': 18, 'avg_l2_distance': 2.4894580841064453, 'avg_kl_divergence': 11.427335739135742, 'entropy': 10.82480525970459}, {'step': 19, 'avg_l2_distance': 1.9749717712402344, 'avg_kl_divergence': 11.420074462890625, 'entropy': 10.82479476928711}, {'step': 20, 'avg_l2_distance': 1.9749717712402344, 'avg_kl_divergence': 11.420074462890625, 'entropy': 10.824670791625977}, {'step': 21, 'avg_l2_distance': 1.9749717712402344, 'avg_kl_divergence': 11.420074462890625, 'entropy': 10.82465648651123}, {'step': 22, 'avg_l2_distance': 1.9749717712402344, 'avg_kl_divergence': 11.420074462890625, 'entropy': 10.824640274047852}, {'step': 23, 'avg_l2_distance': 1.9749717712402344, 'avg_kl_divergence': 11.420074462890625, 'entropy': 10.824625015258789}, {'step': 24, 'avg_l2_distance': 2.454024076461792, 'avg_kl_divergence': 14.272863388061523, 'entropy': 10.824605941772461}, {'step': 25, 'avg_l2_distance': 2.454024076461792, 'avg_kl_divergence': 14.272863388061523, 'entropy': 10.82475471496582}, {'step': 26, 'avg_l2_distance': 2.3251216411590576, 'avg_kl_divergence': 8.482736587524414, 'entropy': 10.824740409851074}, {'step': 27, 'avg_l2_distance': 2.3251216411590576, 'avg_kl_divergence': 8.482736587524414, 'entropy': 10.824597358703613}, {'step': 28, 'avg_l2_distance': 2.3251216411590576, 'avg_kl_divergence': 8.482736587524414, 'entropy': 10.82457447052002}, {'step': 29, 'avg_l2_distance': 2.3251216411590576, 'avg_kl_divergence': 8.482736587524414, 'entropy': 10.824548721313477}, {'step': 30, 'avg_l2_distance': 2.3251216411590576, 'avg_kl_divergence': 8.482736587524414, 'entropy': 10.824520111083984}, {'step': 31, 'avg_l2_distance': 2.3251216411590576, 'avg_kl_divergence': 8.482736587524414, 'entropy': 10.82448673248291}, {'step': 32, 'avg_l2_distance': 2.3251216411590576, 'avg_kl_divergence': 8.482736587524414, 'entropy': 10.824447631835938}, {'step': 33, 'avg_l2_distance': 2.3251216411590576, 'avg_kl_divergence': 8.482736587524414, 'entropy': 10.824399948120117}, {'step': 34, 'avg_l2_distance': 2.3251216411590576, 'avg_kl_divergence': 8.482736587524414, 'entropy': 10.824344635009766}, {'step': 35, 'avg_l2_distance': 2.3251216411590576, 'avg_kl_divergence': 8.482736587524414, 'entropy': 10.824278831481934}, {'step': 36, 'avg_l2_distance': 2.4356579780578613, 'avg_kl_divergence': 15.059945106506348, 'entropy': 10.824198722839355}, {'step': 37, 'avg_l2_distance': 2.4356579780578613, 'avg_kl_divergence': 15.059945106506348, 'entropy': 10.824064254760742}, {'step': 38, 'avg_l2_distance': 2.4356579780578613, 'avg_kl_divergence': 15.059945106506348, 'entropy': 10.823923110961914}, {'step': 39, 'avg_l2_distance': 2.4356579780578613, 'avg_kl_divergence': 15.059945106506348, 'entropy': 10.823740005493164}, {'step': 40, 'avg_l2_distance': 2.4356579780578613, 'avg_kl_divergence': 15.059945106506348, 'entropy': 10.823498725891113}, {'step': 41, 'avg_l2_distance': 2.1321327686309814, 'avg_kl_divergence': 14.095548629760742, 'entropy': 10.823168754577637}, {'step': 42, 'avg_l2_distance': 2.1321327686309814, 'avg_kl_divergence': 14.095548629760742, 'entropy': 10.822872161865234}, {'step': 43, 'avg_l2_distance': 2.1321327686309814, 'avg_kl_divergence': 14.095548629760742, 'entropy': 10.822265625}, {'step': 44, 'avg_l2_distance': 2.1321327686309814, 'avg_kl_divergence': 14.095548629760742, 'entropy': 10.821319580078125}, {'step': 45, 'avg_l2_distance': 2.1321327686309814, 'avg_kl_divergence': 14.095548629760742, 'entropy': 10.819720268249512}, {'step': 46, 'avg_l2_distance': 2.1321327686309814, 'avg_kl_divergence': 14.095548629760742, 'entropy': 10.816646575927734}, {'step': 47, 'avg_l2_distance': 2.1321327686309814, 'avg_kl_divergence': 14.095548629760742, 'entropy': 10.809368133544922}, {'step': 48, 'avg_l2_distance': 2.1321327686309814, 'avg_kl_divergence': 14.095548629760742, 'entropy': 10.783164978027344}, {'step': 49, 'avg_l2_distance': 2.1321327686309814, 'avg_kl_divergence': 14.095548629760742, 'entropy': 10.361872673034668}]",2.1321327686309814,14.095548629760742,0.0
95,policy,True,"[{'step': 0, 'avg_l2_distance': 2.5914108753204346, 'avg_kl_divergence': 7.367888927459717, 'entropy': 10.824821472167969}, {'step': 1, 'avg_l2_distance': 2.5914108753204346, 'avg_kl_divergence': 7.367888927459717, 'entropy': 10.82475471496582}, {'step': 2, 'avg_l2_distance': 2.5914108753204346, 'avg_kl_divergence': 7.367888927459717, 'entropy': 10.824750900268555}, {'step': 3, 'avg_l2_distance': 2.6921472549438477, 'avg_kl_divergence': 8.35791015625, 'entropy': 10.824748992919922}, {'step': 4, 'avg_l2_distance': 2.6921472549438477, 'avg_kl_divergence': 8.35791015625, 'entropy': 10.824795722961426}, {'step': 5, 'avg_l2_distance': 2.6921472549438477, 'avg_kl_divergence': 8.35791015625, 'entropy': 10.824792861938477}, {'step': 6, 'avg_l2_distance': 2.6921472549438477, 'avg_kl_divergence': 8.35791015625, 'entropy': 10.824789047241211}, {'step': 7, 'avg_l2_distance': 2.6921472549438477, 'avg_kl_divergence': 8.35791015625, 'entropy': 10.824787139892578}, {'step': 8, 'avg_l2_distance': 2.6921472549438477, 'avg_kl_divergence': 8.35791015625, 'entropy': 10.824784278869629}, {'step': 9, 'avg_l2_distance': 2.6921472549438477, 'avg_kl_divergence': 8.35791015625, 'entropy': 10.82478141784668}, {'step': 10, 'avg_l2_distance': 2.6921472549438477, 'avg_kl_divergence': 8.35791015625, 'entropy': 10.824776649475098}, {'step': 11, 'avg_l2_distance': 2.6921472549438477, 'avg_kl_divergence': 8.35791015625, 'entropy': 10.824773788452148}, {'step': 12, 'avg_l2_distance': 2.6921472549438477, 'avg_kl_divergence': 8.35791015625, 'entropy': 10.82476806640625}, {'step': 13, 'avg_l2_distance': 2.6921472549438477, 'avg_kl_divergence': 8.35791015625, 'entropy': 10.824764251708984}, {'step': 14, 'avg_l2_distance': 2.6921472549438477, 'avg_kl_divergence': 8.35791015625, 'entropy': 10.824760437011719}, {'step': 15, 'avg_l2_distance': 2.6921472549438477, 'avg_kl_divergence': 8.35791015625, 'entropy': 10.82475471496582}, {'step': 16, 'avg_l2_distance': 2.6921472549438477, 'avg_kl_divergence': 8.35791015625, 'entropy': 10.824748992919922}, {'step': 17, 'avg_l2_distance': 2.6921472549438477, 'avg_kl_divergence': 8.35791015625, 'entropy': 10.824742317199707}, {'step': 18, 'avg_l2_distance': 2.6921472549438477, 'avg_kl_divergence': 8.35791015625, 'entropy': 10.824735641479492}, {'step': 19, 'avg_l2_distance': 2.6921472549438477, 'avg_kl_divergence': 8.35791015625, 'entropy': 10.824728012084961}, {'step': 20, 'avg_l2_distance': 2.6921472549438477, 'avg_kl_divergence': 8.35791015625, 'entropy': 10.82472038269043}, {'step': 21, 'avg_l2_distance': 2.6921472549438477, 'avg_kl_divergence': 8.35791015625, 'entropy': 10.824711799621582}, {'step': 22, 'avg_l2_distance': 2.6921472549438477, 'avg_kl_divergence': 8.35791015625, 'entropy': 10.824702262878418}, {'step': 23, 'avg_l2_distance': 2.6921472549438477, 'avg_kl_divergence': 8.35791015625, 'entropy': 10.824691772460938}, {'step': 24, 'avg_l2_distance': 2.6921472549438477, 'avg_kl_divergence': 8.35791015625, 'entropy': 10.824678421020508}, {'step': 25, 'avg_l2_distance': 2.6921472549438477, 'avg_kl_divergence': 8.35791015625, 'entropy': 10.824665069580078}, {'step': 26, 'avg_l2_distance': 2.6921472549438477, 'avg_kl_divergence': 8.35791015625, 'entropy': 10.824649810791016}, {'step': 27, 'avg_l2_distance': 2.6921472549438477, 'avg_kl_divergence': 8.35791015625, 'entropy': 10.82463264465332}, {'step': 28, 'avg_l2_distance': 2.6921472549438477, 'avg_kl_divergence': 8.35791015625, 'entropy': 10.824612617492676}, {'step': 29, 'avg_l2_distance': 2.6921472549438477, 'avg_kl_divergence': 8.35791015625, 'entropy': 10.824590682983398}, {'step': 30, 'avg_l2_distance': 2.6921472549438477, 'avg_kl_divergence': 8.35791015625, 'entropy': 10.824563980102539}, {'step': 31, 'avg_l2_distance': 2.6921472549438477, 'avg_kl_divergence': 8.35791015625, 'entropy': 10.824535369873047}, {'step': 32, 'avg_l2_distance': 2.6921472549438477, 'avg_kl_divergence': 8.35791015625, 'entropy': 10.824501037597656}, {'step': 33, 'avg_l2_distance': 2.6921472549438477, 'avg_kl_divergence': 8.35791015625, 'entropy': 10.824460983276367}, {'step': 34, 'avg_l2_distance': 2.6921472549438477, 'avg_kl_divergence': 8.35791015625, 'entropy': 10.824411392211914}, {'step': 35, 'avg_l2_distance': 2.6921472549438477, 'avg_kl_divergence': 8.35791015625, 'entropy': 10.824353218078613}, {'step': 36, 'avg_l2_distance': 2.6921472549438477, 'avg_kl_divergence': 8.35791015625, 'entropy': 10.824283599853516}, {'step': 37, 'avg_l2_distance': 2.6921472549438477, 'avg_kl_divergence': 8.35791015625, 'entropy': 10.824193954467773}, {'step': 38, 'avg_l2_distance': 2.6921472549438477, 'avg_kl_divergence': 8.35791015625, 'entropy': 10.824084281921387}, {'step': 39, 'avg_l2_distance': 2.6921472549438477, 'avg_kl_divergence': 8.35791015625, 'entropy': 10.823942184448242}, {'step': 40, 'avg_l2_distance': 2.6921472549438477, 'avg_kl_divergence': 8.35791015625, 'entropy': 10.82375717163086}, {'step': 41, 'avg_l2_distance': 2.6921472549438477, 'avg_kl_divergence': 8.35791015625, 'entropy': 10.823504447937012}, {'step': 42, 'avg_l2_distance': 2.6921472549438477, 'avg_kl_divergence': 8.35791015625, 'entropy': 10.823152542114258}, {'step': 43, 'avg_l2_distance': 2.6921472549438477, 'avg_kl_divergence': 8.35791015625, 'entropy': 10.822637557983398}, {'step': 44, 'avg_l2_distance': 2.6921472549438477, 'avg_kl_divergence': 8.35791015625, 'entropy': 10.821836471557617}, {'step': 45, 'avg_l2_distance': 2.6921472549438477, 'avg_kl_divergence': 8.35791015625, 'entropy': 10.820484161376953}, {'step': 46, 'avg_l2_distance': 2.6921472549438477, 'avg_kl_divergence': 8.35791015625, 'entropy': 10.817898750305176}, {'step': 47, 'avg_l2_distance': 2.6921472549438477, 'avg_kl_divergence': 8.35791015625, 'entropy': 10.811864852905273}, {'step': 48, 'avg_l2_distance': 2.6921472549438477, 'avg_kl_divergence': 8.35791015625, 'entropy': 10.790836334228516}, {'step': 49, 'avg_l2_distance': 2.6921472549438477, 'avg_kl_divergence': 8.35791015625, 'entropy': 10.303325653076172}]",2.6921472549438477,8.35791015625,0.0
96,policy,True,"[{'step': 0, 'avg_l2_distance': 2.3499698638916016, 'avg_kl_divergence': 12.64196491241455, 'entropy': 10.824817657470703}, {'step': 1, 'avg_l2_distance': 2.3917887210845947, 'avg_kl_divergence': 9.192012786865234, 'entropy': 10.82481575012207}, {'step': 2, 'avg_l2_distance': 2.898798704147339, 'avg_kl_divergence': 7.705968379974365, 'entropy': 10.824832916259766}, {'step': 3, 'avg_l2_distance': 2.898798704147339, 'avg_kl_divergence': 7.705968379974365, 'entropy': 10.824840545654297}, {'step': 4, 'avg_l2_distance': 2.898798704147339, 'avg_kl_divergence': 7.705968379974365, 'entropy': 10.824838638305664}, {'step': 5, 'avg_l2_distance': 2.2586240768432617, 'avg_kl_divergence': 4.933791637420654, 'entropy': 10.824836730957031}, {'step': 6, 'avg_l2_distance': 2.2586240768432617, 'avg_kl_divergence': 4.933791637420654, 'entropy': 10.824804306030273}, {'step': 7, 'avg_l2_distance': 2.2586240768432617, 'avg_kl_divergence': 4.933791637420654, 'entropy': 10.824801445007324}, {'step': 8, 'avg_l2_distance': 2.2243502140045166, 'avg_kl_divergence': 4.470573902130127, 'entropy': 10.824797630310059}, {'step': 9, 'avg_l2_distance': 2.2243502140045166, 'avg_kl_divergence': 4.470573902130127, 'entropy': 10.824790954589844}, {'step': 10, 'avg_l2_distance': 2.2243502140045166, 'avg_kl_divergence': 4.470573902130127, 'entropy': 10.824787139892578}, {'step': 11, 'avg_l2_distance': 2.2243502140045166, 'avg_kl_divergence': 4.470573902130127, 'entropy': 10.824783325195312}, {'step': 12, 'avg_l2_distance': 2.2243502140045166, 'avg_kl_divergence': 4.470573902130127, 'entropy': 10.82477855682373}, {'step': 13, 'avg_l2_distance': 2.2243502140045166, 'avg_kl_divergence': 4.470573902130127, 'entropy': 10.824773788452148}, {'step': 14, 'avg_l2_distance': 2.2243502140045166, 'avg_kl_divergence': 4.470573902130127, 'entropy': 10.82476806640625}, {'step': 15, 'avg_l2_distance': 2.2243502140045166, 'avg_kl_divergence': 4.470573902130127, 'entropy': 10.824762344360352}, {'step': 16, 'avg_l2_distance': 2.2243502140045166, 'avg_kl_divergence': 4.470573902130127, 'entropy': 10.824756622314453}, {'step': 17, 'avg_l2_distance': 2.2243502140045166, 'avg_kl_divergence': 4.470573902130127, 'entropy': 10.824749946594238}, {'step': 18, 'avg_l2_distance': 2.2243502140045166, 'avg_kl_divergence': 4.470573902130127, 'entropy': 10.824742317199707}, {'step': 19, 'avg_l2_distance': 2.2243502140045166, 'avg_kl_divergence': 4.470573902130127, 'entropy': 10.82473373413086}, {'step': 20, 'avg_l2_distance': 2.2243502140045166, 'avg_kl_divergence': 4.470573902130127, 'entropy': 10.824725151062012}, {'step': 21, 'avg_l2_distance': 2.2243502140045166, 'avg_kl_divergence': 4.470573902130127, 'entropy': 10.824716567993164}, {'step': 22, 'avg_l2_distance': 2.2243502140045166, 'avg_kl_divergence': 4.470573902130127, 'entropy': 10.824705123901367}, {'step': 23, 'avg_l2_distance': 2.2243502140045166, 'avg_kl_divergence': 4.470573902130127, 'entropy': 10.824691772460938}, {'step': 24, 'avg_l2_distance': 2.2243502140045166, 'avg_kl_divergence': 4.470573902130127, 'entropy': 10.824678421020508}, {'step': 25, 'avg_l2_distance': 2.2243502140045166, 'avg_kl_divergence': 4.470573902130127, 'entropy': 10.824663162231445}, {'step': 26, 'avg_l2_distance': 2.2243502140045166, 'avg_kl_divergence': 4.470573902130127, 'entropy': 10.82464599609375}, {'step': 27, 'avg_l2_distance': 2.2243502140045166, 'avg_kl_divergence': 4.470573902130127, 'entropy': 10.824626922607422}, {'step': 28, 'avg_l2_distance': 2.2243502140045166, 'avg_kl_divergence': 4.470573902130127, 'entropy': 10.824604988098145}, {'step': 29, 'avg_l2_distance': 2.2243502140045166, 'avg_kl_divergence': 4.470573902130127, 'entropy': 10.824578285217285}, {'step': 30, 'avg_l2_distance': 2.2243502140045166, 'avg_kl_divergence': 4.470573902130127, 'entropy': 10.82455062866211}, {'step': 31, 'avg_l2_distance': 2.2243502140045166, 'avg_kl_divergence': 4.470573902130127, 'entropy': 10.824515342712402}, {'step': 32, 'avg_l2_distance': 2.2243502140045166, 'avg_kl_divergence': 4.470573902130127, 'entropy': 10.82447624206543}, {'step': 33, 'avg_l2_distance': 2.2243502140045166, 'avg_kl_divergence': 4.470573902130127, 'entropy': 10.824429512023926}, {'step': 34, 'avg_l2_distance': 2.2243502140045166, 'avg_kl_divergence': 4.470573902130127, 'entropy': 10.824373245239258}, {'step': 35, 'avg_l2_distance': 2.2243502140045166, 'avg_kl_divergence': 4.470573902130127, 'entropy': 10.82430648803711}, {'step': 36, 'avg_l2_distance': 2.2243502140045166, 'avg_kl_divergence': 4.470573902130127, 'entropy': 10.824224472045898}, {'step': 37, 'avg_l2_distance': 2.2243502140045166, 'avg_kl_divergence': 4.470573902130127, 'entropy': 10.824121475219727}, {'step': 38, 'avg_l2_distance': 2.2243502140045166, 'avg_kl_divergence': 4.470573902130127, 'entropy': 10.823993682861328}, {'step': 39, 'avg_l2_distance': 2.2243502140045166, 'avg_kl_divergence': 4.470573902130127, 'entropy': 10.823827743530273}, {'step': 40, 'avg_l2_distance': 2.2243502140045166, 'avg_kl_divergence': 4.470573902130127, 'entropy': 10.823609352111816}, {'step': 41, 'avg_l2_distance': 2.2243502140045166, 'avg_kl_divergence': 4.470573902130127, 'entropy': 10.823314666748047}, {'step': 42, 'avg_l2_distance': 2.2243502140045166, 'avg_kl_divergence': 4.470573902130127, 'entropy': 10.822898864746094}, {'step': 43, 'avg_l2_distance': 2.2243502140045166, 'avg_kl_divergence': 4.470573902130127, 'entropy': 10.822290420532227}, {'step': 44, 'avg_l2_distance': 2.2243502140045166, 'avg_kl_divergence': 4.470573902130127, 'entropy': 10.82133960723877}, {'step': 45, 'avg_l2_distance': 2.2243502140045166, 'avg_kl_divergence': 4.470573902130127, 'entropy': 10.81972885131836}, {'step': 46, 'avg_l2_distance': 2.5650808811187744, 'avg_kl_divergence': 8.94281005859375, 'entropy': 10.81663703918457}, {'step': 47, 'avg_l2_distance': 2.5650808811187744, 'avg_kl_divergence': 8.94281005859375, 'entropy': 10.811891555786133}, {'step': 48, 'avg_l2_distance': 2.5650808811187744, 'avg_kl_divergence': 8.94281005859375, 'entropy': 10.789558410644531}, {'step': 49, 'avg_l2_distance': 2.5650808811187744, 'avg_kl_divergence': 8.94281005859375, 'entropy': 10.232685089111328}]",2.5650808811187744,8.94281005859375,0.0
97,policy,True,"[{'step': 0, 'avg_l2_distance': 2.309873342514038, 'avg_kl_divergence': 5.4581403732299805, 'entropy': 10.8248291015625}, {'step': 1, 'avg_l2_distance': 2.309873342514038, 'avg_kl_divergence': 5.4581403732299805, 'entropy': 10.824827194213867}, {'step': 2, 'avg_l2_distance': 2.481842279434204, 'avg_kl_divergence': 6.1012115478515625, 'entropy': 10.824824333190918}, {'step': 3, 'avg_l2_distance': 2.481842279434204, 'avg_kl_divergence': 6.1012115478515625, 'entropy': 10.824841499328613}, {'step': 4, 'avg_l2_distance': 2.481842279434204, 'avg_kl_divergence': 6.1012115478515625, 'entropy': 10.824840545654297}, {'step': 5, 'avg_l2_distance': 2.481842279434204, 'avg_kl_divergence': 6.1012115478515625, 'entropy': 10.824838638305664}, {'step': 6, 'avg_l2_distance': 2.331634998321533, 'avg_kl_divergence': 8.627850532531738, 'entropy': 10.824835777282715}, {'step': 7, 'avg_l2_distance': 2.4383981227874756, 'avg_kl_divergence': 1.073689579963684, 'entropy': 10.824790954589844}, {'step': 8, 'avg_l2_distance': 2.4383981227874756, 'avg_kl_divergence': 1.073689579963684, 'entropy': 10.824785232543945}, {'step': 9, 'avg_l2_distance': 2.4383981227874756, 'avg_kl_divergence': 1.073689579963684, 'entropy': 10.82478141784668}, {'step': 10, 'avg_l2_distance': 2.4383981227874756, 'avg_kl_divergence': 1.073689579963684, 'entropy': 10.824777603149414}, {'step': 11, 'avg_l2_distance': 2.4383981227874756, 'avg_kl_divergence': 1.073689579963684, 'entropy': 10.824772834777832}, {'step': 12, 'avg_l2_distance': 2.4383981227874756, 'avg_kl_divergence': 1.073689579963684, 'entropy': 10.82476806640625}, {'step': 13, 'avg_l2_distance': 2.624824285507202, 'avg_kl_divergence': 4.692861080169678, 'entropy': 10.824764251708984}, {'step': 14, 'avg_l2_distance': 2.624824285507202, 'avg_kl_divergence': 4.692861080169678, 'entropy': 10.82478141784668}, {'step': 15, 'avg_l2_distance': 2.624824285507202, 'avg_kl_divergence': 4.692861080169678, 'entropy': 10.824774742126465}, {'step': 16, 'avg_l2_distance': 2.624824285507202, 'avg_kl_divergence': 4.692861080169678, 'entropy': 10.824769973754883}, {'step': 17, 'avg_l2_distance': 2.624824285507202, 'avg_kl_divergence': 4.692861080169678, 'entropy': 10.824764251708984}, {'step': 18, 'avg_l2_distance': 2.624824285507202, 'avg_kl_divergence': 4.692861080169678, 'entropy': 10.824758529663086}, {'step': 19, 'avg_l2_distance': 2.624824285507202, 'avg_kl_divergence': 4.692861080169678, 'entropy': 10.824752807617188}, {'step': 20, 'avg_l2_distance': 2.4128854274749756, 'avg_kl_divergence': 5.675943851470947, 'entropy': 10.824745178222656}, {'step': 21, 'avg_l2_distance': 2.4128854274749756, 'avg_kl_divergence': 5.675943851470947, 'entropy': 10.824776649475098}, {'step': 22, 'avg_l2_distance': 2.4128854274749756, 'avg_kl_divergence': 5.675943851470947, 'entropy': 10.82476806640625}, {'step': 23, 'avg_l2_distance': 2.4128854274749756, 'avg_kl_divergence': 5.675943851470947, 'entropy': 10.824758529663086}, {'step': 24, 'avg_l2_distance': 2.4128854274749756, 'avg_kl_divergence': 5.675943851470947, 'entropy': 10.824748992919922}, {'step': 25, 'avg_l2_distance': 2.4128854274749756, 'avg_kl_divergence': 5.675943851470947, 'entropy': 10.824737548828125}, {'step': 26, 'avg_l2_distance': 2.4128854274749756, 'avg_kl_divergence': 5.675943851470947, 'entropy': 10.824724197387695}, {'step': 27, 'avg_l2_distance': 2.4128854274749756, 'avg_kl_divergence': 5.675943851470947, 'entropy': 10.82470703125}, {'step': 28, 'avg_l2_distance': 2.4128854274749756, 'avg_kl_divergence': 5.675943851470947, 'entropy': 10.824689865112305}, {'step': 29, 'avg_l2_distance': 2.4128854274749756, 'avg_kl_divergence': 5.675943851470947, 'entropy': 10.824668884277344}, {'step': 30, 'avg_l2_distance': 2.4128854274749756, 'avg_kl_divergence': 5.675943851470947, 'entropy': 10.824644088745117}, {'step': 31, 'avg_l2_distance': 2.4128854274749756, 'avg_kl_divergence': 5.675943851470947, 'entropy': 10.824614524841309}, {'step': 32, 'avg_l2_distance': 2.4128854274749756, 'avg_kl_divergence': 5.675943851470947, 'entropy': 10.824579238891602}, {'step': 33, 'avg_l2_distance': 2.4128854274749756, 'avg_kl_divergence': 5.675943851470947, 'entropy': 10.82453727722168}, {'step': 34, 'avg_l2_distance': 2.4128854274749756, 'avg_kl_divergence': 5.675943851470947, 'entropy': 10.824487686157227}, {'step': 35, 'avg_l2_distance': 2.4128854274749756, 'avg_kl_divergence': 5.675943851470947, 'entropy': 10.824424743652344}, {'step': 36, 'avg_l2_distance': 2.4128854274749756, 'avg_kl_divergence': 5.675943851470947, 'entropy': 10.824346542358398}, {'step': 37, 'avg_l2_distance': 2.4128854274749756, 'avg_kl_divergence': 5.675943851470947, 'entropy': 10.824249267578125}, {'step': 38, 'avg_l2_distance': 2.4128854274749756, 'avg_kl_divergence': 5.675943851470947, 'entropy': 10.824125289916992}, {'step': 39, 'avg_l2_distance': 2.4128854274749756, 'avg_kl_divergence': 5.675943851470947, 'entropy': 10.823962211608887}, {'step': 40, 'avg_l2_distance': 2.4128854274749756, 'avg_kl_divergence': 5.675943851470947, 'entropy': 10.823744773864746}, {'step': 41, 'avg_l2_distance': 2.4128854274749756, 'avg_kl_divergence': 5.675943851470947, 'entropy': 10.823446273803711}, {'step': 42, 'avg_l2_distance': 2.7990617752075195, 'avg_kl_divergence': 3.5573203563690186, 'entropy': 10.82302188873291}, {'step': 43, 'avg_l2_distance': 2.7990617752075195, 'avg_kl_divergence': 3.5573203563690186, 'entropy': 10.823001861572266}, {'step': 44, 'avg_l2_distance': 2.7990617752075195, 'avg_kl_divergence': 3.5573203563690186, 'entropy': 10.822271347045898}, {'step': 45, 'avg_l2_distance': 2.7990617752075195, 'avg_kl_divergence': 3.5573203563690186, 'entropy': 10.821020126342773}, {'step': 46, 'avg_l2_distance': 2.7990617752075195, 'avg_kl_divergence': 3.5573203563690186, 'entropy': 10.818595886230469}, {'step': 47, 'avg_l2_distance': 2.7990617752075195, 'avg_kl_divergence': 3.5573203563690186, 'entropy': 10.812816619873047}, {'step': 48, 'avg_l2_distance': 2.7990617752075195, 'avg_kl_divergence': 3.5573203563690186, 'entropy': 10.79188346862793}, {'step': 49, 'avg_l2_distance': 2.7990617752075195, 'avg_kl_divergence': 3.5573203563690186, 'entropy': 9.66539192199707}]",2.7990617752075195,3.5573203563690186,0.0
98,policy,True,"[{'step': 0, 'avg_l2_distance': 2.8512532711029053, 'avg_kl_divergence': 9.155355453491211, 'entropy': 10.82481575012207}, {'step': 1, 'avg_l2_distance': 2.8512532711029053, 'avg_kl_divergence': 9.155355453491211, 'entropy': 10.824813842773438}, {'step': 2, 'avg_l2_distance': 2.441786289215088, 'avg_kl_divergence': 8.336912155151367, 'entropy': 10.824812889099121}, {'step': 3, 'avg_l2_distance': 2.441786289215088, 'avg_kl_divergence': 8.336912155151367, 'entropy': 10.824825286865234}, {'step': 4, 'avg_l2_distance': 2.441786289215088, 'avg_kl_divergence': 8.336912155151367, 'entropy': 10.824823379516602}, {'step': 5, 'avg_l2_distance': 2.441786289215088, 'avg_kl_divergence': 8.336912155151367, 'entropy': 10.824820518493652}, {'step': 6, 'avg_l2_distance': 2.441786289215088, 'avg_kl_divergence': 8.336912155151367, 'entropy': 10.824817657470703}, {'step': 7, 'avg_l2_distance': 2.441786289215088, 'avg_kl_divergence': 8.336912155151367, 'entropy': 10.82481575012207}, {'step': 8, 'avg_l2_distance': 2.441786289215088, 'avg_kl_divergence': 8.336912155151367, 'entropy': 10.824813842773438}, {'step': 9, 'avg_l2_distance': 2.441786289215088, 'avg_kl_divergence': 8.336912155151367, 'entropy': 10.824809074401855}, {'step': 10, 'avg_l2_distance': 2.441786289215088, 'avg_kl_divergence': 8.336912155151367, 'entropy': 10.824806213378906}, {'step': 11, 'avg_l2_distance': 2.441786289215088, 'avg_kl_divergence': 8.336912155151367, 'entropy': 10.82480239868164}, {'step': 12, 'avg_l2_distance': 2.441786289215088, 'avg_kl_divergence': 8.336912155151367, 'entropy': 10.824798583984375}, {'step': 13, 'avg_l2_distance': 2.441786289215088, 'avg_kl_divergence': 8.336912155151367, 'entropy': 10.82479476928711}, {'step': 14, 'avg_l2_distance': 2.441786289215088, 'avg_kl_divergence': 8.336912155151367, 'entropy': 10.824789047241211}, {'step': 15, 'avg_l2_distance': 2.441786289215088, 'avg_kl_divergence': 8.336912155151367, 'entropy': 10.824784278869629}, {'step': 16, 'avg_l2_distance': 2.441786289215088, 'avg_kl_divergence': 8.336912155151367, 'entropy': 10.824779510498047}, {'step': 17, 'avg_l2_distance': 2.441786289215088, 'avg_kl_divergence': 8.336912155151367, 'entropy': 10.824773788452148}, {'step': 18, 'avg_l2_distance': 2.441786289215088, 'avg_kl_divergence': 8.336912155151367, 'entropy': 10.824766159057617}, {'step': 19, 'avg_l2_distance': 2.441786289215088, 'avg_kl_divergence': 8.336912155151367, 'entropy': 10.824758529663086}, {'step': 20, 'avg_l2_distance': 2.441786289215088, 'avg_kl_divergence': 8.336912155151367, 'entropy': 10.824749946594238}, {'step': 21, 'avg_l2_distance': 2.441786289215088, 'avg_kl_divergence': 8.336912155151367, 'entropy': 10.824743270874023}, {'step': 22, 'avg_l2_distance': 2.441786289215088, 'avg_kl_divergence': 8.336912155151367, 'entropy': 10.824731826782227}, {'step': 23, 'avg_l2_distance': 2.441786289215088, 'avg_kl_divergence': 8.336912155151367, 'entropy': 10.82472038269043}, {'step': 24, 'avg_l2_distance': 2.441786289215088, 'avg_kl_divergence': 8.336912155151367, 'entropy': 10.824708938598633}, {'step': 25, 'avg_l2_distance': 2.441786289215088, 'avg_kl_divergence': 8.336912155151367, 'entropy': 10.82469367980957}, {'step': 26, 'avg_l2_distance': 2.441786289215088, 'avg_kl_divergence': 8.336912155151367, 'entropy': 10.824677467346191}, {'step': 27, 'avg_l2_distance': 2.441786289215088, 'avg_kl_divergence': 8.336912155151367, 'entropy': 10.824661254882812}, {'step': 28, 'avg_l2_distance': 2.441786289215088, 'avg_kl_divergence': 8.336912155151367, 'entropy': 10.824639320373535}, {'step': 29, 'avg_l2_distance': 2.441786289215088, 'avg_kl_divergence': 8.336912155151367, 'entropy': 10.824616432189941}, {'step': 30, 'avg_l2_distance': 2.441786289215088, 'avg_kl_divergence': 8.336912155151367, 'entropy': 10.824589729309082}, {'step': 31, 'avg_l2_distance': 2.441786289215088, 'avg_kl_divergence': 8.336912155151367, 'entropy': 10.824556350708008}, {'step': 32, 'avg_l2_distance': 2.441786289215088, 'avg_kl_divergence': 8.336912155151367, 'entropy': 10.824520111083984}, {'step': 33, 'avg_l2_distance': 2.441786289215088, 'avg_kl_divergence': 8.336912155151367, 'entropy': 10.82447624206543}, {'step': 34, 'avg_l2_distance': 2.441786289215088, 'avg_kl_divergence': 8.336912155151367, 'entropy': 10.824422836303711}, {'step': 35, 'avg_l2_distance': 2.441786289215088, 'avg_kl_divergence': 8.336912155151367, 'entropy': 10.824357986450195}, {'step': 36, 'avg_l2_distance': 2.441786289215088, 'avg_kl_divergence': 8.336912155151367, 'entropy': 10.82427978515625}, {'step': 37, 'avg_l2_distance': 2.441786289215088, 'avg_kl_divergence': 8.336912155151367, 'entropy': 10.824182510375977}, {'step': 38, 'avg_l2_distance': 2.441786289215088, 'avg_kl_divergence': 8.336912155151367, 'entropy': 10.82405948638916}, {'step': 39, 'avg_l2_distance': 2.441786289215088, 'avg_kl_divergence': 8.336912155151367, 'entropy': 10.82390022277832}, {'step': 40, 'avg_l2_distance': 2.441786289215088, 'avg_kl_divergence': 8.336912155151367, 'entropy': 10.823690414428711}, {'step': 41, 'avg_l2_distance': 2.441786289215088, 'avg_kl_divergence': 8.336912155151367, 'entropy': 10.823405265808105}, {'step': 42, 'avg_l2_distance': 2.441786289215088, 'avg_kl_divergence': 8.336912155151367, 'entropy': 10.82300090789795}, {'step': 43, 'avg_l2_distance': 2.441786289215088, 'avg_kl_divergence': 8.336912155151367, 'entropy': 10.822407722473145}, {'step': 44, 'avg_l2_distance': 2.441786289215088, 'avg_kl_divergence': 8.336912155151367, 'entropy': 10.821477890014648}, {'step': 45, 'avg_l2_distance': 2.441786289215088, 'avg_kl_divergence': 8.336912155151367, 'entropy': 10.819894790649414}, {'step': 46, 'avg_l2_distance': 2.441786289215088, 'avg_kl_divergence': 8.336912155151367, 'entropy': 10.816850662231445}, {'step': 47, 'avg_l2_distance': 2.441786289215088, 'avg_kl_divergence': 8.336912155151367, 'entropy': 10.809673309326172}, {'step': 48, 'avg_l2_distance': 2.441786289215088, 'avg_kl_divergence': 8.336912155151367, 'entropy': 10.784479141235352}, {'step': 49, 'avg_l2_distance': 2.441786289215088, 'avg_kl_divergence': 8.336912155151367, 'entropy': 10.444806098937988}]",2.441786289215088,8.336912155151367,0.0
99,policy,True,"[{'step': 0, 'avg_l2_distance': 2.4067606925964355, 'avg_kl_divergence': 7.298319339752197, 'entropy': 10.824762344360352}, {'step': 1, 'avg_l2_distance': 2.4067606925964355, 'avg_kl_divergence': 7.298319339752197, 'entropy': 10.824760437011719}, {'step': 2, 'avg_l2_distance': 2.4067606925964355, 'avg_kl_divergence': 7.298319339752197, 'entropy': 10.824756622314453}, {'step': 3, 'avg_l2_distance': 2.4067606925964355, 'avg_kl_divergence': 7.298319339752197, 'entropy': 10.824752807617188}, {'step': 4, 'avg_l2_distance': 2.4067606925964355, 'avg_kl_divergence': 7.298319339752197, 'entropy': 10.824749946594238}, {'step': 5, 'avg_l2_distance': 2.4067606925964355, 'avg_kl_divergence': 7.298319339752197, 'entropy': 10.824745178222656}, {'step': 6, 'avg_l2_distance': 2.4067606925964355, 'avg_kl_divergence': 7.298319339752197, 'entropy': 10.82474136352539}, {'step': 7, 'avg_l2_distance': 2.4067606925964355, 'avg_kl_divergence': 7.298319339752197, 'entropy': 10.824737548828125}, {'step': 8, 'avg_l2_distance': 2.4067606925964355, 'avg_kl_divergence': 7.298319339752197, 'entropy': 10.824732780456543}, {'step': 9, 'avg_l2_distance': 2.4067606925964355, 'avg_kl_divergence': 7.298319339752197, 'entropy': 10.824728012084961}, {'step': 10, 'avg_l2_distance': 2.4067606925964355, 'avg_kl_divergence': 7.298319339752197, 'entropy': 10.824722290039062}, {'step': 11, 'avg_l2_distance': 2.670245885848999, 'avg_kl_divergence': 6.969842433929443, 'entropy': 10.824715614318848}, {'step': 12, 'avg_l2_distance': 2.684213399887085, 'avg_kl_divergence': 8.522042274475098, 'entropy': 10.824788093566895}, {'step': 13, 'avg_l2_distance': 2.684213399887085, 'avg_kl_divergence': 8.522042274475098, 'entropy': 10.824775695800781}, {'step': 14, 'avg_l2_distance': 2.684213399887085, 'avg_kl_divergence': 8.522042274475098, 'entropy': 10.824771881103516}, {'step': 15, 'avg_l2_distance': 2.684213399887085, 'avg_kl_divergence': 8.522042274475098, 'entropy': 10.824766159057617}, {'step': 16, 'avg_l2_distance': 2.684213399887085, 'avg_kl_divergence': 8.522042274475098, 'entropy': 10.824760437011719}, {'step': 17, 'avg_l2_distance': 2.684213399887085, 'avg_kl_divergence': 8.522042274475098, 'entropy': 10.824753761291504}, {'step': 18, 'avg_l2_distance': 2.684213399887085, 'avg_kl_divergence': 8.522042274475098, 'entropy': 10.824747085571289}, {'step': 19, 'avg_l2_distance': 2.684213399887085, 'avg_kl_divergence': 8.522042274475098, 'entropy': 10.824739456176758}, {'step': 20, 'avg_l2_distance': 2.684213399887085, 'avg_kl_divergence': 8.522042274475098, 'entropy': 10.82473087310791}, {'step': 21, 'avg_l2_distance': 2.684213399887085, 'avg_kl_divergence': 8.522042274475098, 'entropy': 10.824723243713379}, {'step': 22, 'avg_l2_distance': 2.684213399887085, 'avg_kl_divergence': 8.522042274475098, 'entropy': 10.824710845947266}, {'step': 23, 'avg_l2_distance': 2.684213399887085, 'avg_kl_divergence': 8.522042274475098, 'entropy': 10.824701309204102}, {'step': 24, 'avg_l2_distance': 2.684213399887085, 'avg_kl_divergence': 8.522042274475098, 'entropy': 10.824688911437988}, {'step': 25, 'avg_l2_distance': 2.684213399887085, 'avg_kl_divergence': 8.522042274475098, 'entropy': 10.824674606323242}, {'step': 26, 'avg_l2_distance': 2.684213399887085, 'avg_kl_divergence': 8.522042274475098, 'entropy': 10.82465934753418}, {'step': 27, 'avg_l2_distance': 2.684213399887085, 'avg_kl_divergence': 8.522042274475098, 'entropy': 10.824640274047852}, {'step': 28, 'avg_l2_distance': 2.684213399887085, 'avg_kl_divergence': 8.522042274475098, 'entropy': 10.824621200561523}, {'step': 29, 'avg_l2_distance': 2.684213399887085, 'avg_kl_divergence': 8.522042274475098, 'entropy': 10.824596405029297}, {'step': 30, 'avg_l2_distance': 2.684213399887085, 'avg_kl_divergence': 8.522042274475098, 'entropy': 10.824569702148438}, {'step': 31, 'avg_l2_distance': 2.684213399887085, 'avg_kl_divergence': 8.522042274475098, 'entropy': 10.824539184570312}, {'step': 32, 'avg_l2_distance': 2.684213399887085, 'avg_kl_divergence': 8.522042274475098, 'entropy': 10.824502944946289}, {'step': 33, 'avg_l2_distance': 2.684213399887085, 'avg_kl_divergence': 8.522042274475098, 'entropy': 10.824459075927734}, {'step': 34, 'avg_l2_distance': 2.684213399887085, 'avg_kl_divergence': 8.522042274475098, 'entropy': 10.824408531188965}, {'step': 35, 'avg_l2_distance': 2.684213399887085, 'avg_kl_divergence': 8.522042274475098, 'entropy': 10.824346542358398}, {'step': 36, 'avg_l2_distance': 2.684213399887085, 'avg_kl_divergence': 8.522042274475098, 'entropy': 10.824270248413086}, {'step': 37, 'avg_l2_distance': 2.684213399887085, 'avg_kl_divergence': 8.522042274475098, 'entropy': 10.824176788330078}, {'step': 38, 'avg_l2_distance': 2.684213399887085, 'avg_kl_divergence': 8.522042274475098, 'entropy': 10.824060440063477}, {'step': 39, 'avg_l2_distance': 2.684213399887085, 'avg_kl_divergence': 8.522042274475098, 'entropy': 10.823907852172852}, {'step': 40, 'avg_l2_distance': 2.684213399887085, 'avg_kl_divergence': 8.522042274475098, 'entropy': 10.823709487915039}, {'step': 41, 'avg_l2_distance': 2.684213399887085, 'avg_kl_divergence': 8.522042274475098, 'entropy': 10.82343864440918}, {'step': 42, 'avg_l2_distance': 2.684213399887085, 'avg_kl_divergence': 8.522042274475098, 'entropy': 10.82305908203125}, {'step': 43, 'avg_l2_distance': 2.684213399887085, 'avg_kl_divergence': 8.522042274475098, 'entropy': 10.822501182556152}, {'step': 44, 'avg_l2_distance': 2.684213399887085, 'avg_kl_divergence': 8.522042274475098, 'entropy': 10.821632385253906}, {'step': 45, 'avg_l2_distance': 2.684213399887085, 'avg_kl_divergence': 8.522042274475098, 'entropy': 10.820160865783691}, {'step': 46, 'avg_l2_distance': 2.684213399887085, 'avg_kl_divergence': 8.522042274475098, 'entropy': 10.817344665527344}, {'step': 47, 'avg_l2_distance': 2.684213399887085, 'avg_kl_divergence': 8.522042274475098, 'entropy': 10.810737609863281}, {'step': 48, 'avg_l2_distance': 2.684213399887085, 'avg_kl_divergence': 8.522042274475098, 'entropy': 10.787628173828125}, {'step': 49, 'avg_l2_distance': 2.684213399887085, 'avg_kl_divergence': 8.522042274475098, 'entropy': 10.289666175842285}]",2.684213399887085,8.522042274475098,0.0
100,policy,True,"[{'step': 0, 'avg_l2_distance': 1.9594868421554565, 'avg_kl_divergence': 14.542336463928223, 'entropy': 10.824806213378906}, {'step': 1, 'avg_l2_distance': 1.9594868421554565, 'avg_kl_divergence': 14.542336463928223, 'entropy': 10.824832916259766}, {'step': 2, 'avg_l2_distance': 1.9594868421554565, 'avg_kl_divergence': 14.542336463928223, 'entropy': 10.82483196258545}, {'step': 3, 'avg_l2_distance': 2.3431246280670166, 'avg_kl_divergence': 11.741259574890137, 'entropy': 10.8248291015625}, {'step': 4, 'avg_l2_distance': 2.473789691925049, 'avg_kl_divergence': 8.381244659423828, 'entropy': 10.824819564819336}, {'step': 5, 'avg_l2_distance': 2.473789691925049, 'avg_kl_divergence': 8.381244659423828, 'entropy': 10.824795722961426}, {'step': 6, 'avg_l2_distance': 2.473789691925049, 'avg_kl_divergence': 8.381244659423828, 'entropy': 10.824792861938477}, {'step': 7, 'avg_l2_distance': 2.473789691925049, 'avg_kl_divergence': 8.381244659423828, 'entropy': 10.824790954589844}, {'step': 8, 'avg_l2_distance': 2.4436841011047363, 'avg_kl_divergence': 11.107362747192383, 'entropy': 10.824787139892578}, {'step': 9, 'avg_l2_distance': 2.4436841011047363, 'avg_kl_divergence': 11.107362747192383, 'entropy': 10.824798583984375}, {'step': 10, 'avg_l2_distance': 2.4436841011047363, 'avg_kl_divergence': 11.107362747192383, 'entropy': 10.824792861938477}, {'step': 11, 'avg_l2_distance': 2.4436841011047363, 'avg_kl_divergence': 11.107362747192383, 'entropy': 10.824790000915527}, {'step': 12, 'avg_l2_distance': 2.4436841011047363, 'avg_kl_divergence': 11.107362747192383, 'entropy': 10.824785232543945}, {'step': 13, 'avg_l2_distance': 2.3427038192749023, 'avg_kl_divergence': 10.689244270324707, 'entropy': 10.824780464172363}, {'step': 14, 'avg_l2_distance': 2.3427038192749023, 'avg_kl_divergence': 10.689244270324707, 'entropy': 10.824755668640137}, {'step': 15, 'avg_l2_distance': 2.3427038192749023, 'avg_kl_divergence': 10.689244270324707, 'entropy': 10.824747085571289}, {'step': 16, 'avg_l2_distance': 2.3427038192749023, 'avg_kl_divergence': 10.689244270324707, 'entropy': 10.82474136352539}, {'step': 17, 'avg_l2_distance': 2.3427038192749023, 'avg_kl_divergence': 10.689244270324707, 'entropy': 10.824732780456543}, {'step': 18, 'avg_l2_distance': 2.3323090076446533, 'avg_kl_divergence': 5.5008978843688965, 'entropy': 10.824724197387695}, {'step': 19, 'avg_l2_distance': 2.3323090076446533, 'avg_kl_divergence': 5.5008978843688965, 'entropy': 10.824739456176758}, {'step': 20, 'avg_l2_distance': 2.3323090076446533, 'avg_kl_divergence': 5.5008978843688965, 'entropy': 10.824729919433594}, {'step': 21, 'avg_l2_distance': 2.3323090076446533, 'avg_kl_divergence': 5.5008978843688965, 'entropy': 10.824719429016113}, {'step': 22, 'avg_l2_distance': 2.3323090076446533, 'avg_kl_divergence': 5.5008978843688965, 'entropy': 10.824707984924316}, {'step': 23, 'avg_l2_distance': 2.3323090076446533, 'avg_kl_divergence': 5.5008978843688965, 'entropy': 10.82469654083252}, {'step': 24, 'avg_l2_distance': 2.3323090076446533, 'avg_kl_divergence': 5.5008978843688965, 'entropy': 10.824682235717773}, {'step': 25, 'avg_l2_distance': 2.3323090076446533, 'avg_kl_divergence': 5.5008978843688965, 'entropy': 10.824666976928711}, {'step': 26, 'avg_l2_distance': 2.3323090076446533, 'avg_kl_divergence': 5.5008978843688965, 'entropy': 10.824649810791016}, {'step': 27, 'avg_l2_distance': 2.3323090076446533, 'avg_kl_divergence': 5.5008978843688965, 'entropy': 10.824630737304688}, {'step': 28, 'avg_l2_distance': 2.3323090076446533, 'avg_kl_divergence': 5.5008978843688965, 'entropy': 10.824605941772461}, {'step': 29, 'avg_l2_distance': 2.3323090076446533, 'avg_kl_divergence': 5.5008978843688965, 'entropy': 10.824581146240234}, {'step': 30, 'avg_l2_distance': 2.3323090076446533, 'avg_kl_divergence': 5.5008978843688965, 'entropy': 10.82455062866211}, {'step': 31, 'avg_l2_distance': 2.3323090076446533, 'avg_kl_divergence': 5.5008978843688965, 'entropy': 10.824518203735352}, {'step': 32, 'avg_l2_distance': 2.3323090076446533, 'avg_kl_divergence': 5.5008978843688965, 'entropy': 10.82447624206543}, {'step': 33, 'avg_l2_distance': 2.3323090076446533, 'avg_kl_divergence': 5.5008978843688965, 'entropy': 10.82442855834961}, {'step': 34, 'avg_l2_distance': 2.3323090076446533, 'avg_kl_divergence': 5.5008978843688965, 'entropy': 10.824372291564941}, {'step': 35, 'avg_l2_distance': 2.3323090076446533, 'avg_kl_divergence': 5.5008978843688965, 'entropy': 10.824302673339844}, {'step': 36, 'avg_l2_distance': 2.3323090076446533, 'avg_kl_divergence': 5.5008978843688965, 'entropy': 10.82421875}, {'step': 37, 'avg_l2_distance': 2.3323090076446533, 'avg_kl_divergence': 5.5008978843688965, 'entropy': 10.824115753173828}, {'step': 38, 'avg_l2_distance': 2.3323090076446533, 'avg_kl_divergence': 5.5008978843688965, 'entropy': 10.823982238769531}, {'step': 39, 'avg_l2_distance': 2.3323090076446533, 'avg_kl_divergence': 5.5008978843688965, 'entropy': 10.823814392089844}, {'step': 40, 'avg_l2_distance': 2.3323090076446533, 'avg_kl_divergence': 5.5008978843688965, 'entropy': 10.823589324951172}, {'step': 41, 'avg_l2_distance': 2.3323090076446533, 'avg_kl_divergence': 5.5008978843688965, 'entropy': 10.823287963867188}, {'step': 42, 'avg_l2_distance': 2.3323090076446533, 'avg_kl_divergence': 5.5008978843688965, 'entropy': 10.822863578796387}, {'step': 43, 'avg_l2_distance': 2.2325785160064697, 'avg_kl_divergence': 6.436682224273682, 'entropy': 10.82223892211914}, {'step': 44, 'avg_l2_distance': 2.2325785160064697, 'avg_kl_divergence': 6.436682224273682, 'entropy': 10.821319580078125}, {'step': 45, 'avg_l2_distance': 2.2325785160064697, 'avg_kl_divergence': 6.436682224273682, 'entropy': 10.819648742675781}, {'step': 46, 'avg_l2_distance': 2.2325785160064697, 'avg_kl_divergence': 6.436682224273682, 'entropy': 10.81639289855957}, {'step': 47, 'avg_l2_distance': 2.2325785160064697, 'avg_kl_divergence': 6.436682224273682, 'entropy': 10.80854606628418}, {'step': 48, 'avg_l2_distance': 2.2325785160064697, 'avg_kl_divergence': 6.436682224273682, 'entropy': 10.7794189453125}, {'step': 49, 'avg_l2_distance': 2.563211679458618, 'avg_kl_divergence': 3.1820130348205566, 'entropy': 10.222840309143066}]",2.563211679458618,3.1820130348205566,0.0
101,policy,True,"[{'step': 0, 'avg_l2_distance': 2.71996808052063, 'avg_kl_divergence': 8.681029319763184, 'entropy': 10.824803352355957}, {'step': 1, 'avg_l2_distance': 2.5438435077667236, 'avg_kl_divergence': 8.547830581665039, 'entropy': 10.824834823608398}, {'step': 2, 'avg_l2_distance': 2.5438435077667236, 'avg_kl_divergence': 8.547830581665039, 'entropy': 10.824766159057617}, {'step': 3, 'avg_l2_distance': 2.5438435077667236, 'avg_kl_divergence': 8.547830581665039, 'entropy': 10.824764251708984}, {'step': 4, 'avg_l2_distance': 2.5438435077667236, 'avg_kl_divergence': 8.547830581665039, 'entropy': 10.824761390686035}, {'step': 5, 'avg_l2_distance': 2.5438435077667236, 'avg_kl_divergence': 8.547830581665039, 'entropy': 10.82475757598877}, {'step': 6, 'avg_l2_distance': 2.5438435077667236, 'avg_kl_divergence': 8.547830581665039, 'entropy': 10.82475471496582}, {'step': 7, 'avg_l2_distance': 2.5438435077667236, 'avg_kl_divergence': 8.547830581665039, 'entropy': 10.824749946594238}, {'step': 8, 'avg_l2_distance': 2.5438435077667236, 'avg_kl_divergence': 8.547830581665039, 'entropy': 10.824746131896973}, {'step': 9, 'avg_l2_distance': 2.4609522819519043, 'avg_kl_divergence': 4.302521705627441, 'entropy': 10.82474136352539}, {'step': 10, 'avg_l2_distance': 2.4609522819519043, 'avg_kl_divergence': 4.302521705627441, 'entropy': 10.824795722961426}, {'step': 11, 'avg_l2_distance': 2.4609522819519043, 'avg_kl_divergence': 4.302521705627441, 'entropy': 10.824792861938477}, {'step': 12, 'avg_l2_distance': 2.4609522819519043, 'avg_kl_divergence': 4.302521705627441, 'entropy': 10.824788093566895}, {'step': 13, 'avg_l2_distance': 2.295365333557129, 'avg_kl_divergence': 6.4951019287109375, 'entropy': 10.824783325195312}, {'step': 14, 'avg_l2_distance': 2.295365333557129, 'avg_kl_divergence': 6.4951019287109375, 'entropy': 10.824764251708984}, {'step': 15, 'avg_l2_distance': 2.295365333557129, 'avg_kl_divergence': 6.4951019287109375, 'entropy': 10.824756622314453}, {'step': 16, 'avg_l2_distance': 2.3147130012512207, 'avg_kl_divergence': 7.968597412109375, 'entropy': 10.824750900268555}, {'step': 17, 'avg_l2_distance': 2.4494881629943848, 'avg_kl_divergence': 8.083943367004395, 'entropy': 10.824726104736328}, {'step': 18, 'avg_l2_distance': 2.4494881629943848, 'avg_kl_divergence': 8.083943367004395, 'entropy': 10.824776649475098}, {'step': 19, 'avg_l2_distance': 2.4724175930023193, 'avg_kl_divergence': 12.592741966247559, 'entropy': 10.82476806640625}, {'step': 20, 'avg_l2_distance': 2.8317196369171143, 'avg_kl_divergence': 2.336358070373535, 'entropy': 10.824773788452148}, {'step': 21, 'avg_l2_distance': 2.8317196369171143, 'avg_kl_divergence': 2.336358070373535, 'entropy': 10.82474422454834}, {'step': 22, 'avg_l2_distance': 2.8317196369171143, 'avg_kl_divergence': 2.336358070373535, 'entropy': 10.824735641479492}, {'step': 23, 'avg_l2_distance': 2.8317196369171143, 'avg_kl_divergence': 2.336358070373535, 'entropy': 10.824725151062012}, {'step': 24, 'avg_l2_distance': 2.8317196369171143, 'avg_kl_divergence': 2.336358070373535, 'entropy': 10.824712753295898}, {'step': 25, 'avg_l2_distance': 2.8317196369171143, 'avg_kl_divergence': 2.336358070373535, 'entropy': 10.824700355529785}, {'step': 26, 'avg_l2_distance': 2.8317196369171143, 'avg_kl_divergence': 2.336358070373535, 'entropy': 10.824684143066406}, {'step': 27, 'avg_l2_distance': 2.8317196369171143, 'avg_kl_divergence': 2.336358070373535, 'entropy': 10.82466983795166}, {'step': 28, 'avg_l2_distance': 2.8317196369171143, 'avg_kl_divergence': 2.336358070373535, 'entropy': 10.824649810791016}, {'step': 29, 'avg_l2_distance': 2.8317196369171143, 'avg_kl_divergence': 2.336358070373535, 'entropy': 10.824628829956055}, {'step': 30, 'avg_l2_distance': 2.8317196369171143, 'avg_kl_divergence': 2.336358070373535, 'entropy': 10.824604034423828}, {'step': 31, 'avg_l2_distance': 2.8317196369171143, 'avg_kl_divergence': 2.336358070373535, 'entropy': 10.82457447052002}, {'step': 32, 'avg_l2_distance': 2.8317196369171143, 'avg_kl_divergence': 2.336358070373535, 'entropy': 10.824539184570312}, {'step': 33, 'avg_l2_distance': 2.8317196369171143, 'avg_kl_divergence': 2.336358070373535, 'entropy': 10.824499130249023}, {'step': 34, 'avg_l2_distance': 2.8317196369171143, 'avg_kl_divergence': 2.336358070373535, 'entropy': 10.824451446533203}, {'step': 35, 'avg_l2_distance': 2.8317196369171143, 'avg_kl_divergence': 2.336358070373535, 'entropy': 10.82439136505127}, {'step': 36, 'avg_l2_distance': 2.8317196369171143, 'avg_kl_divergence': 2.336358070373535, 'entropy': 10.824319839477539}, {'step': 37, 'avg_l2_distance': 2.8317196369171143, 'avg_kl_divergence': 2.336358070373535, 'entropy': 10.82423210144043}, {'step': 38, 'avg_l2_distance': 2.8317196369171143, 'avg_kl_divergence': 2.336358070373535, 'entropy': 10.824119567871094}, {'step': 39, 'avg_l2_distance': 2.8317196369171143, 'avg_kl_divergence': 2.336358070373535, 'entropy': 10.823972702026367}, {'step': 40, 'avg_l2_distance': 2.8317196369171143, 'avg_kl_divergence': 2.336358070373535, 'entropy': 10.823781967163086}, {'step': 41, 'avg_l2_distance': 2.8317196369171143, 'avg_kl_divergence': 2.336358070373535, 'entropy': 10.82352352142334}, {'step': 42, 'avg_l2_distance': 2.368410348892212, 'avg_kl_divergence': 10.798149108886719, 'entropy': 10.823156356811523}, {'step': 43, 'avg_l2_distance': 2.368410348892212, 'avg_kl_divergence': 10.798149108886719, 'entropy': 10.821769714355469}, {'step': 44, 'avg_l2_distance': 2.368410348892212, 'avg_kl_divergence': 10.798149108886719, 'entropy': 10.820622444152832}, {'step': 45, 'avg_l2_distance': 2.368410348892212, 'avg_kl_divergence': 10.798149108886719, 'entropy': 10.818672180175781}, {'step': 46, 'avg_l2_distance': 2.368410348892212, 'avg_kl_divergence': 10.798149108886719, 'entropy': 10.81491756439209}, {'step': 47, 'avg_l2_distance': 2.5947282314300537, 'avg_kl_divergence': 8.747669219970703, 'entropy': 10.806051254272461}, {'step': 48, 'avg_l2_distance': 2.5947282314300537, 'avg_kl_divergence': 8.747669219970703, 'entropy': 10.784858703613281}, {'step': 49, 'avg_l2_distance': 2.5947282314300537, 'avg_kl_divergence': 8.747669219970703, 'entropy': 10.294598579406738}]",2.5947282314300537,8.747669219970703,0.0
102,policy,True,"[{'step': 0, 'avg_l2_distance': 2.432281494140625, 'avg_kl_divergence': 8.953222274780273, 'entropy': 10.824804306030273}, {'step': 1, 'avg_l2_distance': 2.481736898422241, 'avg_kl_divergence': 9.19907283782959, 'entropy': 10.824801445007324}, {'step': 2, 'avg_l2_distance': 2.481736898422241, 'avg_kl_divergence': 9.19907283782959, 'entropy': 10.824834823608398}, {'step': 3, 'avg_l2_distance': 2.481736898422241, 'avg_kl_divergence': 9.19907283782959, 'entropy': 10.824832916259766}, {'step': 4, 'avg_l2_distance': 2.481736898422241, 'avg_kl_divergence': 9.19907283782959, 'entropy': 10.824831008911133}, {'step': 5, 'avg_l2_distance': 2.481736898422241, 'avg_kl_divergence': 9.19907283782959, 'entropy': 10.8248291015625}, {'step': 6, 'avg_l2_distance': 2.7000179290771484, 'avg_kl_divergence': 10.290473937988281, 'entropy': 10.824827194213867}, {'step': 7, 'avg_l2_distance': 2.7000179290771484, 'avg_kl_divergence': 10.290473937988281, 'entropy': 10.824807167053223}, {'step': 8, 'avg_l2_distance': 2.7000179290771484, 'avg_kl_divergence': 10.290473937988281, 'entropy': 10.824804306030273}, {'step': 9, 'avg_l2_distance': 2.7000179290771484, 'avg_kl_divergence': 10.290473937988281, 'entropy': 10.824801445007324}, {'step': 10, 'avg_l2_distance': 2.296029806137085, 'avg_kl_divergence': 7.442378997802734, 'entropy': 10.824797630310059}, {'step': 11, 'avg_l2_distance': 2.296029806137085, 'avg_kl_divergence': 7.442378997802734, 'entropy': 10.824821472167969}, {'step': 12, 'avg_l2_distance': 2.296029806137085, 'avg_kl_divergence': 7.442378997802734, 'entropy': 10.82481575012207}, {'step': 13, 'avg_l2_distance': 2.296029806137085, 'avg_kl_divergence': 7.442378997802734, 'entropy': 10.824811935424805}, {'step': 14, 'avg_l2_distance': 1.6340785026550293, 'avg_kl_divergence': 7.10191535949707, 'entropy': 10.824808120727539}, {'step': 15, 'avg_l2_distance': 1.6340785026550293, 'avg_kl_divergence': 7.10191535949707, 'entropy': 10.824721336364746}, {'step': 16, 'avg_l2_distance': 1.6340785026550293, 'avg_kl_divergence': 7.10191535949707, 'entropy': 10.824710845947266}, {'step': 17, 'avg_l2_distance': 1.6340785026550293, 'avg_kl_divergence': 7.10191535949707, 'entropy': 10.824699401855469}, {'step': 18, 'avg_l2_distance': 1.6340785026550293, 'avg_kl_divergence': 7.10191535949707, 'entropy': 10.824688911437988}, {'step': 19, 'avg_l2_distance': 1.6340785026550293, 'avg_kl_divergence': 7.10191535949707, 'entropy': 10.824676513671875}, {'step': 20, 'avg_l2_distance': 1.6340785026550293, 'avg_kl_divergence': 7.10191535949707, 'entropy': 10.824661254882812}, {'step': 21, 'avg_l2_distance': 1.6340785026550293, 'avg_kl_divergence': 7.10191535949707, 'entropy': 10.82464599609375}, {'step': 22, 'avg_l2_distance': 1.6340785026550293, 'avg_kl_divergence': 7.10191535949707, 'entropy': 10.824627876281738}, {'step': 23, 'avg_l2_distance': 1.6340785026550293, 'avg_kl_divergence': 7.10191535949707, 'entropy': 10.82460880279541}, {'step': 24, 'avg_l2_distance': 1.6340785026550293, 'avg_kl_divergence': 7.10191535949707, 'entropy': 10.824586868286133}, {'step': 25, 'avg_l2_distance': 1.6340785026550293, 'avg_kl_divergence': 7.10191535949707, 'entropy': 10.824563980102539}, {'step': 26, 'avg_l2_distance': 1.6340785026550293, 'avg_kl_divergence': 7.10191535949707, 'entropy': 10.824536323547363}, {'step': 27, 'avg_l2_distance': 1.6340785026550293, 'avg_kl_divergence': 7.10191535949707, 'entropy': 10.824504852294922}, {'step': 28, 'avg_l2_distance': 1.6340785026550293, 'avg_kl_divergence': 7.10191535949707, 'entropy': 10.824470520019531}, {'step': 29, 'avg_l2_distance': 1.6340785026550293, 'avg_kl_divergence': 7.10191535949707, 'entropy': 10.82442855834961}, {'step': 30, 'avg_l2_distance': 1.6340785026550293, 'avg_kl_divergence': 7.10191535949707, 'entropy': 10.824381828308105}, {'step': 31, 'avg_l2_distance': 1.6340785026550293, 'avg_kl_divergence': 7.10191535949707, 'entropy': 10.824326515197754}, {'step': 32, 'avg_l2_distance': 1.6340785026550293, 'avg_kl_divergence': 7.10191535949707, 'entropy': 10.824264526367188}, {'step': 33, 'avg_l2_distance': 1.6340785026550293, 'avg_kl_divergence': 7.10191535949707, 'entropy': 10.824187278747559}, {'step': 34, 'avg_l2_distance': 1.6340785026550293, 'avg_kl_divergence': 7.10191535949707, 'entropy': 10.824097633361816}, {'step': 35, 'avg_l2_distance': 1.6340785026550293, 'avg_kl_divergence': 7.10191535949707, 'entropy': 10.823988914489746}, {'step': 36, 'avg_l2_distance': 1.6340785026550293, 'avg_kl_divergence': 7.10191535949707, 'entropy': 10.823857307434082}, {'step': 37, 'avg_l2_distance': 1.6340785026550293, 'avg_kl_divergence': 7.10191535949707, 'entropy': 10.823692321777344}, {'step': 38, 'avg_l2_distance': 1.6340785026550293, 'avg_kl_divergence': 7.10191535949707, 'entropy': 10.823484420776367}, {'step': 39, 'avg_l2_distance': 1.6340785026550293, 'avg_kl_divergence': 7.10191535949707, 'entropy': 10.82321834564209}, {'step': 40, 'avg_l2_distance': 1.6340785026550293, 'avg_kl_divergence': 7.10191535949707, 'entropy': 10.822867393493652}, {'step': 41, 'avg_l2_distance': 1.6340785026550293, 'avg_kl_divergence': 7.10191535949707, 'entropy': 10.822391510009766}, {'step': 42, 'avg_l2_distance': 1.6340785026550293, 'avg_kl_divergence': 7.10191535949707, 'entropy': 10.821722030639648}, {'step': 43, 'avg_l2_distance': 1.6340785026550293, 'avg_kl_divergence': 7.10191535949707, 'entropy': 10.820738792419434}, {'step': 44, 'avg_l2_distance': 1.6340785026550293, 'avg_kl_divergence': 7.10191535949707, 'entropy': 10.819198608398438}, {'step': 45, 'avg_l2_distance': 1.6340785026550293, 'avg_kl_divergence': 7.10191535949707, 'entropy': 10.81657886505127}, {'step': 46, 'avg_l2_distance': 1.6340785026550293, 'avg_kl_divergence': 7.10191535949707, 'entropy': 10.811515808105469}, {'step': 47, 'avg_l2_distance': 1.6340785026550293, 'avg_kl_divergence': 7.10191535949707, 'entropy': 10.799457550048828}, {'step': 48, 'avg_l2_distance': 1.6340785026550293, 'avg_kl_divergence': 7.10191535949707, 'entropy': 10.756254196166992}, {'step': 49, 'avg_l2_distance': 1.6340785026550293, 'avg_kl_divergence': 7.10191535949707, 'entropy': 10.185884475708008}]",1.6340785026550293,7.10191535949707,0.0
103,policy,True,"[{'step': 0, 'avg_l2_distance': 2.176065444946289, 'avg_kl_divergence': 15.21060562133789, 'entropy': 10.82482624053955}, {'step': 1, 'avg_l2_distance': 2.176065444946289, 'avg_kl_divergence': 15.21060562133789, 'entropy': 10.8247709274292}, {'step': 2, 'avg_l2_distance': 2.176065444946289, 'avg_kl_divergence': 15.21060562133789, 'entropy': 10.82476806640625}, {'step': 3, 'avg_l2_distance': 2.176065444946289, 'avg_kl_divergence': 15.21060562133789, 'entropy': 10.824764251708984}, {'step': 4, 'avg_l2_distance': 2.176065444946289, 'avg_kl_divergence': 15.21060562133789, 'entropy': 10.824761390686035}, {'step': 5, 'avg_l2_distance': 2.176065444946289, 'avg_kl_divergence': 15.21060562133789, 'entropy': 10.824756622314453}, {'step': 6, 'avg_l2_distance': 2.176065444946289, 'avg_kl_divergence': 15.21060562133789, 'entropy': 10.824752807617188}, {'step': 7, 'avg_l2_distance': 2.176065444946289, 'avg_kl_divergence': 15.21060562133789, 'entropy': 10.824748039245605}, {'step': 8, 'avg_l2_distance': 2.176065444946289, 'avg_kl_divergence': 15.21060562133789, 'entropy': 10.824743270874023}, {'step': 9, 'avg_l2_distance': 2.176065444946289, 'avg_kl_divergence': 15.21060562133789, 'entropy': 10.824737548828125}, {'step': 10, 'avg_l2_distance': 2.176065444946289, 'avg_kl_divergence': 15.21060562133789, 'entropy': 10.824732780456543}, {'step': 11, 'avg_l2_distance': 2.176065444946289, 'avg_kl_divergence': 15.21060562133789, 'entropy': 10.824726104736328}, {'step': 12, 'avg_l2_distance': 2.176065444946289, 'avg_kl_divergence': 15.21060562133789, 'entropy': 10.824721336364746}, {'step': 13, 'avg_l2_distance': 2.176065444946289, 'avg_kl_divergence': 15.21060562133789, 'entropy': 10.824714660644531}, {'step': 14, 'avg_l2_distance': 2.176065444946289, 'avg_kl_divergence': 15.21060562133789, 'entropy': 10.82470703125}, {'step': 15, 'avg_l2_distance': 2.176065444946289, 'avg_kl_divergence': 15.21060562133789, 'entropy': 10.824699401855469}, {'step': 16, 'avg_l2_distance': 2.176065444946289, 'avg_kl_divergence': 15.21060562133789, 'entropy': 10.824690818786621}, {'step': 17, 'avg_l2_distance': 2.176065444946289, 'avg_kl_divergence': 15.21060562133789, 'entropy': 10.824682235717773}, {'step': 18, 'avg_l2_distance': 2.176065444946289, 'avg_kl_divergence': 15.21060562133789, 'entropy': 10.824671745300293}, {'step': 19, 'avg_l2_distance': 2.176065444946289, 'avg_kl_divergence': 15.21060562133789, 'entropy': 10.824660301208496}, {'step': 20, 'avg_l2_distance': 2.176065444946289, 'avg_kl_divergence': 15.21060562133789, 'entropy': 10.824649810791016}, {'step': 21, 'avg_l2_distance': 2.176065444946289, 'avg_kl_divergence': 15.21060562133789, 'entropy': 10.82463550567627}, {'step': 22, 'avg_l2_distance': 2.176065444946289, 'avg_kl_divergence': 15.21060562133789, 'entropy': 10.82462215423584}, {'step': 23, 'avg_l2_distance': 2.176065444946289, 'avg_kl_divergence': 15.21060562133789, 'entropy': 10.824604034423828}, {'step': 24, 'avg_l2_distance': 2.176065444946289, 'avg_kl_divergence': 15.21060562133789, 'entropy': 10.824586868286133}, {'step': 25, 'avg_l2_distance': 2.176065444946289, 'avg_kl_divergence': 15.21060562133789, 'entropy': 10.824567794799805}, {'step': 26, 'avg_l2_distance': 2.176065444946289, 'avg_kl_divergence': 15.21060562133789, 'entropy': 10.824542999267578}, {'step': 27, 'avg_l2_distance': 2.176065444946289, 'avg_kl_divergence': 15.21060562133789, 'entropy': 10.824519157409668}, {'step': 28, 'avg_l2_distance': 2.176065444946289, 'avg_kl_divergence': 15.21060562133789, 'entropy': 10.824490547180176}, {'step': 29, 'avg_l2_distance': 2.176065444946289, 'avg_kl_divergence': 15.21060562133789, 'entropy': 10.824458122253418}, {'step': 30, 'avg_l2_distance': 2.176065444946289, 'avg_kl_divergence': 15.21060562133789, 'entropy': 10.824420928955078}, {'step': 31, 'avg_l2_distance': 2.176065444946289, 'avg_kl_divergence': 15.21060562133789, 'entropy': 10.824378967285156}, {'step': 32, 'avg_l2_distance': 2.176065444946289, 'avg_kl_divergence': 15.21060562133789, 'entropy': 10.824326515197754}, {'step': 33, 'avg_l2_distance': 2.176065444946289, 'avg_kl_divergence': 15.21060562133789, 'entropy': 10.824268341064453}, {'step': 34, 'avg_l2_distance': 2.176065444946289, 'avg_kl_divergence': 15.21060562133789, 'entropy': 10.824197769165039}, {'step': 35, 'avg_l2_distance': 2.176065444946289, 'avg_kl_divergence': 15.21060562133789, 'entropy': 10.824113845825195}, {'step': 36, 'avg_l2_distance': 2.176065444946289, 'avg_kl_divergence': 15.21060562133789, 'entropy': 10.824010848999023}, {'step': 37, 'avg_l2_distance': 2.176065444946289, 'avg_kl_divergence': 15.21060562133789, 'entropy': 10.823885917663574}, {'step': 38, 'avg_l2_distance': 2.176065444946289, 'avg_kl_divergence': 15.21060562133789, 'entropy': 10.823726654052734}, {'step': 39, 'avg_l2_distance': 2.222320079803467, 'avg_kl_divergence': 12.879642486572266, 'entropy': 10.823525428771973}, {'step': 40, 'avg_l2_distance': 2.222320079803467, 'avg_kl_divergence': 12.879642486572266, 'entropy': 10.823545455932617}, {'step': 41, 'avg_l2_distance': 2.222320079803467, 'avg_kl_divergence': 12.879642486572266, 'entropy': 10.823219299316406}, {'step': 42, 'avg_l2_distance': 2.222320079803467, 'avg_kl_divergence': 12.879642486572266, 'entropy': 10.822758674621582}, {'step': 43, 'avg_l2_distance': 2.222320079803467, 'avg_kl_divergence': 12.879642486572266, 'entropy': 10.822076797485352}, {'step': 44, 'avg_l2_distance': 2.222320079803467, 'avg_kl_divergence': 12.879642486572266, 'entropy': 10.82101058959961}, {'step': 45, 'avg_l2_distance': 2.222320079803467, 'avg_kl_divergence': 12.879642486572266, 'entropy': 10.819191932678223}, {'step': 46, 'avg_l2_distance': 2.222320079803467, 'avg_kl_divergence': 12.879642486572266, 'entropy': 10.815689086914062}, {'step': 47, 'avg_l2_distance': 2.222320079803467, 'avg_kl_divergence': 12.879642486572266, 'entropy': 10.807404518127441}, {'step': 48, 'avg_l2_distance': 2.222320079803467, 'avg_kl_divergence': 12.879642486572266, 'entropy': 10.778203964233398}, {'step': 49, 'avg_l2_distance': 2.222320079803467, 'avg_kl_divergence': 12.879642486572266, 'entropy': 10.355300903320312}]",2.222320079803467,12.879642486572266,0.0
104,policy,True,"[{'step': 0, 'avg_l2_distance': 2.313230037689209, 'avg_kl_divergence': 6.372312545776367, 'entropy': 10.824840545654297}, {'step': 1, 'avg_l2_distance': 2.313230037689209, 'avg_kl_divergence': 6.372312545776367, 'entropy': 10.824823379516602}, {'step': 2, 'avg_l2_distance': 2.313230037689209, 'avg_kl_divergence': 6.372312545776367, 'entropy': 10.824820518493652}, {'step': 3, 'avg_l2_distance': 2.0558645725250244, 'avg_kl_divergence': 7.87891960144043, 'entropy': 10.82481861114502}, {'step': 4, 'avg_l2_distance': 2.0558645725250244, 'avg_kl_divergence': 7.87891960144043, 'entropy': 10.824748039245605}, {'step': 5, 'avg_l2_distance': 2.0558645725250244, 'avg_kl_divergence': 7.87891960144043, 'entropy': 10.824743270874023}, {'step': 6, 'avg_l2_distance': 2.0558645725250244, 'avg_kl_divergence': 7.87891960144043, 'entropy': 10.824737548828125}, {'step': 7, 'avg_l2_distance': 2.0558645725250244, 'avg_kl_divergence': 7.87891960144043, 'entropy': 10.824732780456543}, {'step': 8, 'avg_l2_distance': 2.0558645725250244, 'avg_kl_divergence': 7.87891960144043, 'entropy': 10.824726104736328}, {'step': 9, 'avg_l2_distance': 2.0558645725250244, 'avg_kl_divergence': 7.87891960144043, 'entropy': 10.824721336364746}, {'step': 10, 'avg_l2_distance': 2.0558645725250244, 'avg_kl_divergence': 7.87891960144043, 'entropy': 10.824714660644531}, {'step': 11, 'avg_l2_distance': 2.0558645725250244, 'avg_kl_divergence': 7.87891960144043, 'entropy': 10.824707984924316}, {'step': 12, 'avg_l2_distance': 2.0558645725250244, 'avg_kl_divergence': 7.87891960144043, 'entropy': 10.824700355529785}, {'step': 13, 'avg_l2_distance': 2.0558645725250244, 'avg_kl_divergence': 7.87891960144043, 'entropy': 10.824692726135254}, {'step': 14, 'avg_l2_distance': 2.0558645725250244, 'avg_kl_divergence': 7.87891960144043, 'entropy': 10.824684143066406}, {'step': 15, 'avg_l2_distance': 2.0558645725250244, 'avg_kl_divergence': 7.87891960144043, 'entropy': 10.824674606323242}, {'step': 16, 'avg_l2_distance': 2.0558645725250244, 'avg_kl_divergence': 7.87891960144043, 'entropy': 10.824665069580078}, {'step': 17, 'avg_l2_distance': 2.0558645725250244, 'avg_kl_divergence': 7.87891960144043, 'entropy': 10.824653625488281}, {'step': 18, 'avg_l2_distance': 2.0558645725250244, 'avg_kl_divergence': 7.87891960144043, 'entropy': 10.8246431350708}, {'step': 19, 'avg_l2_distance': 2.0558645725250244, 'avg_kl_divergence': 7.87891960144043, 'entropy': 10.824628829956055}, {'step': 20, 'avg_l2_distance': 2.0558645725250244, 'avg_kl_divergence': 7.87891960144043, 'entropy': 10.824615478515625}, {'step': 21, 'avg_l2_distance': 2.0558645725250244, 'avg_kl_divergence': 7.87891960144043, 'entropy': 10.82459831237793}, {'step': 22, 'avg_l2_distance': 2.0558645725250244, 'avg_kl_divergence': 7.87891960144043, 'entropy': 10.824583053588867}, {'step': 23, 'avg_l2_distance': 2.0558645725250244, 'avg_kl_divergence': 7.87891960144043, 'entropy': 10.824563026428223}, {'step': 24, 'avg_l2_distance': 2.0558645725250244, 'avg_kl_divergence': 7.87891960144043, 'entropy': 10.824542999267578}, {'step': 25, 'avg_l2_distance': 2.0558645725250244, 'avg_kl_divergence': 7.87891960144043, 'entropy': 10.824517250061035}, {'step': 26, 'avg_l2_distance': 2.0558645725250244, 'avg_kl_divergence': 7.87891960144043, 'entropy': 10.824491500854492}, {'step': 27, 'avg_l2_distance': 2.0558645725250244, 'avg_kl_divergence': 7.87891960144043, 'entropy': 10.824462890625}, {'step': 28, 'avg_l2_distance': 2.0558645725250244, 'avg_kl_divergence': 7.87891960144043, 'entropy': 10.82442855834961}, {'step': 29, 'avg_l2_distance': 2.0558645725250244, 'avg_kl_divergence': 7.87891960144043, 'entropy': 10.82438850402832}, {'step': 30, 'avg_l2_distance': 2.0558645725250244, 'avg_kl_divergence': 7.87891960144043, 'entropy': 10.824344635009766}, {'step': 31, 'avg_l2_distance': 2.0558645725250244, 'avg_kl_divergence': 7.87891960144043, 'entropy': 10.82429313659668}, {'step': 32, 'avg_l2_distance': 2.0558645725250244, 'avg_kl_divergence': 7.87891960144043, 'entropy': 10.82423210144043}, {'step': 33, 'avg_l2_distance': 2.0558645725250244, 'avg_kl_divergence': 7.87891960144043, 'entropy': 10.824162483215332}, {'step': 34, 'avg_l2_distance': 2.0558645725250244, 'avg_kl_divergence': 7.87891960144043, 'entropy': 10.824078559875488}, {'step': 35, 'avg_l2_distance': 2.0558645725250244, 'avg_kl_divergence': 7.87891960144043, 'entropy': 10.823978424072266}, {'step': 36, 'avg_l2_distance': 2.0558645725250244, 'avg_kl_divergence': 7.87891960144043, 'entropy': 10.82385540008545}, {'step': 37, 'avg_l2_distance': 2.0558645725250244, 'avg_kl_divergence': 7.87891960144043, 'entropy': 10.823704719543457}, {'step': 38, 'avg_l2_distance': 2.0558645725250244, 'avg_kl_divergence': 7.87891960144043, 'entropy': 10.823516845703125}, {'step': 39, 'avg_l2_distance': 2.0558645725250244, 'avg_kl_divergence': 7.87891960144043, 'entropy': 10.823274612426758}, {'step': 40, 'avg_l2_distance': 2.0558645725250244, 'avg_kl_divergence': 7.87891960144043, 'entropy': 10.822957038879395}, {'step': 41, 'avg_l2_distance': 2.0558645725250244, 'avg_kl_divergence': 7.87891960144043, 'entropy': 10.822528839111328}, {'step': 42, 'avg_l2_distance': 2.0558645725250244, 'avg_kl_divergence': 7.87891960144043, 'entropy': 10.821931838989258}, {'step': 43, 'avg_l2_distance': 2.0558645725250244, 'avg_kl_divergence': 7.87891960144043, 'entropy': 10.821056365966797}, {'step': 44, 'avg_l2_distance': 2.0558645725250244, 'avg_kl_divergence': 7.87891960144043, 'entropy': 10.819696426391602}, {'step': 45, 'avg_l2_distance': 2.0558645725250244, 'avg_kl_divergence': 7.87891960144043, 'entropy': 10.817395210266113}, {'step': 46, 'avg_l2_distance': 2.0558645725250244, 'avg_kl_divergence': 7.87891960144043, 'entropy': 10.812982559204102}, {'step': 47, 'avg_l2_distance': 2.0558645725250244, 'avg_kl_divergence': 7.87891960144043, 'entropy': 10.80257511138916}, {'step': 48, 'avg_l2_distance': 2.0558645725250244, 'avg_kl_divergence': 7.87891960144043, 'entropy': 10.7658109664917}, {'step': 49, 'avg_l2_distance': 2.0558645725250244, 'avg_kl_divergence': 7.87891960144043, 'entropy': 10.25790023803711}]",2.0558645725250244,7.87891960144043,0.0
105,policy,True,"[{'step': 0, 'avg_l2_distance': 2.71982479095459, 'avg_kl_divergence': 16.00214195251465, 'entropy': 10.824828147888184}, {'step': 1, 'avg_l2_distance': 2.8081562519073486, 'avg_kl_divergence': 12.738590240478516, 'entropy': 10.824825286865234}, {'step': 2, 'avg_l2_distance': 2.8081562519073486, 'avg_kl_divergence': 12.738590240478516, 'entropy': 10.824817657470703}, {'step': 3, 'avg_l2_distance': 2.586245536804199, 'avg_kl_divergence': 18.11799430847168, 'entropy': 10.82481575012207}, {'step': 4, 'avg_l2_distance': 2.586245536804199, 'avg_kl_divergence': 18.11799430847168, 'entropy': 10.824816703796387}, {'step': 5, 'avg_l2_distance': 2.586245536804199, 'avg_kl_divergence': 18.11799430847168, 'entropy': 10.824813842773438}, {'step': 6, 'avg_l2_distance': 2.586245536804199, 'avg_kl_divergence': 18.11799430847168, 'entropy': 10.824811935424805}, {'step': 7, 'avg_l2_distance': 2.586245536804199, 'avg_kl_divergence': 18.11799430847168, 'entropy': 10.824808120727539}, {'step': 8, 'avg_l2_distance': 2.586245536804199, 'avg_kl_divergence': 18.11799430847168, 'entropy': 10.82480525970459}, {'step': 9, 'avg_l2_distance': 2.586245536804199, 'avg_kl_divergence': 18.11799430847168, 'entropy': 10.82480239868164}, {'step': 10, 'avg_l2_distance': 2.586245536804199, 'avg_kl_divergence': 18.11799430847168, 'entropy': 10.824798583984375}, {'step': 11, 'avg_l2_distance': 2.586245536804199, 'avg_kl_divergence': 18.11799430847168, 'entropy': 10.824795722961426}, {'step': 12, 'avg_l2_distance': 2.586245536804199, 'avg_kl_divergence': 18.11799430847168, 'entropy': 10.824790954589844}, {'step': 13, 'avg_l2_distance': 2.586245536804199, 'avg_kl_divergence': 18.11799430847168, 'entropy': 10.824785232543945}, {'step': 14, 'avg_l2_distance': 2.586245536804199, 'avg_kl_divergence': 18.11799430847168, 'entropy': 10.824780464172363}, {'step': 15, 'avg_l2_distance': 2.586245536804199, 'avg_kl_divergence': 18.11799430847168, 'entropy': 10.824776649475098}, {'step': 16, 'avg_l2_distance': 2.586245536804199, 'avg_kl_divergence': 18.11799430847168, 'entropy': 10.8247709274292}, {'step': 17, 'avg_l2_distance': 2.586245536804199, 'avg_kl_divergence': 18.11799430847168, 'entropy': 10.824764251708984}, {'step': 18, 'avg_l2_distance': 2.586245536804199, 'avg_kl_divergence': 18.11799430847168, 'entropy': 10.824756622314453}, {'step': 19, 'avg_l2_distance': 2.586245536804199, 'avg_kl_divergence': 18.11799430847168, 'entropy': 10.824748992919922}, {'step': 20, 'avg_l2_distance': 2.586245536804199, 'avg_kl_divergence': 18.11799430847168, 'entropy': 10.824740409851074}, {'step': 21, 'avg_l2_distance': 2.586245536804199, 'avg_kl_divergence': 18.11799430847168, 'entropy': 10.824729919433594}, {'step': 22, 'avg_l2_distance': 2.586245536804199, 'avg_kl_divergence': 18.11799430847168, 'entropy': 10.82472038269043}, {'step': 23, 'avg_l2_distance': 2.586245536804199, 'avg_kl_divergence': 18.11799430847168, 'entropy': 10.824708938598633}, {'step': 24, 'avg_l2_distance': 2.586245536804199, 'avg_kl_divergence': 18.11799430847168, 'entropy': 10.824695587158203}, {'step': 25, 'avg_l2_distance': 2.586245536804199, 'avg_kl_divergence': 18.11799430847168, 'entropy': 10.82468032836914}, {'step': 26, 'avg_l2_distance': 2.586245536804199, 'avg_kl_divergence': 18.11799430847168, 'entropy': 10.824664115905762}, {'step': 27, 'avg_l2_distance': 2.586245536804199, 'avg_kl_divergence': 18.11799430847168, 'entropy': 10.824645042419434}, {'step': 28, 'avg_l2_distance': 2.586245536804199, 'avg_kl_divergence': 18.11799430847168, 'entropy': 10.824624061584473}, {'step': 29, 'avg_l2_distance': 2.586245536804199, 'avg_kl_divergence': 18.11799430847168, 'entropy': 10.82459831237793}, {'step': 30, 'avg_l2_distance': 2.586245536804199, 'avg_kl_divergence': 18.11799430847168, 'entropy': 10.824569702148438}, {'step': 31, 'avg_l2_distance': 2.586245536804199, 'avg_kl_divergence': 18.11799430847168, 'entropy': 10.82453727722168}, {'step': 32, 'avg_l2_distance': 2.586245536804199, 'avg_kl_divergence': 18.11799430847168, 'entropy': 10.82449722290039}, {'step': 33, 'avg_l2_distance': 2.586245536804199, 'avg_kl_divergence': 18.11799430847168, 'entropy': 10.824453353881836}, {'step': 34, 'avg_l2_distance': 2.586245536804199, 'avg_kl_divergence': 18.11799430847168, 'entropy': 10.824396133422852}, {'step': 35, 'avg_l2_distance': 2.586245536804199, 'avg_kl_divergence': 18.11799430847168, 'entropy': 10.824329376220703}, {'step': 36, 'avg_l2_distance': 2.586245536804199, 'avg_kl_divergence': 18.11799430847168, 'entropy': 10.824247360229492}, {'step': 37, 'avg_l2_distance': 2.586245536804199, 'avg_kl_divergence': 18.11799430847168, 'entropy': 10.82414436340332}, {'step': 38, 'avg_l2_distance': 2.586245536804199, 'avg_kl_divergence': 18.11799430847168, 'entropy': 10.824016571044922}, {'step': 39, 'avg_l2_distance': 2.586245536804199, 'avg_kl_divergence': 18.11799430847168, 'entropy': 10.823848724365234}, {'step': 40, 'avg_l2_distance': 2.586245536804199, 'avg_kl_divergence': 18.11799430847168, 'entropy': 10.823631286621094}, {'step': 41, 'avg_l2_distance': 2.586245536804199, 'avg_kl_divergence': 18.11799430847168, 'entropy': 10.823331832885742}, {'step': 42, 'avg_l2_distance': 2.289128303527832, 'avg_kl_divergence': 8.975944519042969, 'entropy': 10.82291030883789}, {'step': 43, 'avg_l2_distance': 2.289128303527832, 'avg_kl_divergence': 8.975944519042969, 'entropy': 10.82196044921875}, {'step': 44, 'avg_l2_distance': 2.289128303527832, 'avg_kl_divergence': 8.975944519042969, 'entropy': 10.820891380310059}, {'step': 45, 'avg_l2_distance': 2.289128303527832, 'avg_kl_divergence': 8.975944519042969, 'entropy': 10.819083213806152}, {'step': 46, 'avg_l2_distance': 2.289128303527832, 'avg_kl_divergence': 8.975944519042969, 'entropy': 10.815622329711914}, {'step': 47, 'avg_l2_distance': 2.289128303527832, 'avg_kl_divergence': 8.975944519042969, 'entropy': 10.807500839233398}, {'step': 48, 'avg_l2_distance': 2.289128303527832, 'avg_kl_divergence': 8.975944519042969, 'entropy': 10.77910041809082}, {'step': 49, 'avg_l2_distance': 2.289128303527832, 'avg_kl_divergence': 8.975944519042969, 'entropy': 10.318333625793457}]",2.289128303527832,8.975944519042969,0.0
106,policy,True,"[{'step': 0, 'avg_l2_distance': 2.5312161445617676, 'avg_kl_divergence': 10.244340896606445, 'entropy': 10.824769020080566}, {'step': 1, 'avg_l2_distance': 2.5312161445617676, 'avg_kl_divergence': 10.244340896606445, 'entropy': 10.824766159057617}, {'step': 2, 'avg_l2_distance': 2.5312161445617676, 'avg_kl_divergence': 10.244340896606445, 'entropy': 10.824764251708984}, {'step': 3, 'avg_l2_distance': 2.5312161445617676, 'avg_kl_divergence': 10.244340896606445, 'entropy': 10.824760437011719}, {'step': 4, 'avg_l2_distance': 2.5312161445617676, 'avg_kl_divergence': 10.244340896606445, 'entropy': 10.824756622314453}, {'step': 5, 'avg_l2_distance': 2.5312161445617676, 'avg_kl_divergence': 10.244340896606445, 'entropy': 10.824753761291504}, {'step': 6, 'avg_l2_distance': 2.5312161445617676, 'avg_kl_divergence': 10.244340896606445, 'entropy': 10.824750900268555}, {'step': 7, 'avg_l2_distance': 2.5312161445617676, 'avg_kl_divergence': 10.244340896606445, 'entropy': 10.824747085571289}, {'step': 8, 'avg_l2_distance': 2.5312161445617676, 'avg_kl_divergence': 10.244340896606445, 'entropy': 10.824743270874023}, {'step': 9, 'avg_l2_distance': 2.4027316570281982, 'avg_kl_divergence': 12.51285171508789, 'entropy': 10.824739456176758}, {'step': 10, 'avg_l2_distance': 2.4027316570281982, 'avg_kl_divergence': 12.51285171508789, 'entropy': 10.82475471496582}, {'step': 11, 'avg_l2_distance': 2.4027316570281982, 'avg_kl_divergence': 12.51285171508789, 'entropy': 10.824750900268555}, {'step': 12, 'avg_l2_distance': 2.4027316570281982, 'avg_kl_divergence': 12.51285171508789, 'entropy': 10.824745178222656}, {'step': 13, 'avg_l2_distance': 2.4027316570281982, 'avg_kl_divergence': 12.51285171508789, 'entropy': 10.824739456176758}, {'step': 14, 'avg_l2_distance': 2.4027316570281982, 'avg_kl_divergence': 12.51285171508789, 'entropy': 10.824734687805176}, {'step': 15, 'avg_l2_distance': 2.4027316570281982, 'avg_kl_divergence': 12.51285171508789, 'entropy': 10.824728012084961}, {'step': 16, 'avg_l2_distance': 2.4027316570281982, 'avg_kl_divergence': 12.51285171508789, 'entropy': 10.82472038269043}, {'step': 17, 'avg_l2_distance': 2.4027316570281982, 'avg_kl_divergence': 12.51285171508789, 'entropy': 10.824712753295898}, {'step': 18, 'avg_l2_distance': 2.1479127407073975, 'avg_kl_divergence': 9.851421356201172, 'entropy': 10.824703216552734}, {'step': 19, 'avg_l2_distance': 2.1479127407073975, 'avg_kl_divergence': 9.851421356201172, 'entropy': 10.824652671813965}, {'step': 20, 'avg_l2_distance': 2.1479127407073975, 'avg_kl_divergence': 9.851421356201172, 'entropy': 10.824640274047852}, {'step': 21, 'avg_l2_distance': 2.1479127407073975, 'avg_kl_divergence': 9.851421356201172, 'entropy': 10.824626922607422}, {'step': 22, 'avg_l2_distance': 2.1479127407073975, 'avg_kl_divergence': 9.851421356201172, 'entropy': 10.82461166381836}, {'step': 23, 'avg_l2_distance': 2.1479127407073975, 'avg_kl_divergence': 9.851421356201172, 'entropy': 10.824592590332031}, {'step': 24, 'avg_l2_distance': 2.1479127407073975, 'avg_kl_divergence': 9.851421356201172, 'entropy': 10.824575424194336}, {'step': 25, 'avg_l2_distance': 2.1479127407073975, 'avg_kl_divergence': 9.851421356201172, 'entropy': 10.824554443359375}, {'step': 26, 'avg_l2_distance': 2.1479127407073975, 'avg_kl_divergence': 9.851421356201172, 'entropy': 10.824529647827148}, {'step': 27, 'avg_l2_distance': 2.1479127407073975, 'avg_kl_divergence': 9.851421356201172, 'entropy': 10.824504852294922}, {'step': 28, 'avg_l2_distance': 2.1479127407073975, 'avg_kl_divergence': 9.851421356201172, 'entropy': 10.82447338104248}, {'step': 29, 'avg_l2_distance': 2.1479127407073975, 'avg_kl_divergence': 9.851421356201172, 'entropy': 10.82443904876709}, {'step': 30, 'avg_l2_distance': 2.1479127407073975, 'avg_kl_divergence': 9.851421356201172, 'entropy': 10.824399948120117}, {'step': 31, 'avg_l2_distance': 2.1479127407073975, 'avg_kl_divergence': 9.851421356201172, 'entropy': 10.82435417175293}, {'step': 32, 'avg_l2_distance': 2.245227098464966, 'avg_kl_divergence': 6.682963848114014, 'entropy': 10.824301719665527}, {'step': 33, 'avg_l2_distance': 2.245227098464966, 'avg_kl_divergence': 6.682963848114014, 'entropy': 10.824471473693848}, {'step': 34, 'avg_l2_distance': 2.245227098464966, 'avg_kl_divergence': 6.682963848114014, 'entropy': 10.824422836303711}, {'step': 35, 'avg_l2_distance': 2.245227098464966, 'avg_kl_divergence': 6.682963848114014, 'entropy': 10.824363708496094}, {'step': 36, 'avg_l2_distance': 2.245227098464966, 'avg_kl_divergence': 6.682963848114014, 'entropy': 10.82429027557373}, {'step': 37, 'avg_l2_distance': 2.245227098464966, 'avg_kl_divergence': 6.682963848114014, 'entropy': 10.824200630187988}, {'step': 38, 'avg_l2_distance': 2.245227098464966, 'avg_kl_divergence': 6.682963848114014, 'entropy': 10.824087142944336}, {'step': 39, 'avg_l2_distance': 2.245227098464966, 'avg_kl_divergence': 6.682963848114014, 'entropy': 10.82394027709961}, {'step': 40, 'avg_l2_distance': 2.245227098464966, 'avg_kl_divergence': 6.682963848114014, 'entropy': 10.823747634887695}, {'step': 41, 'avg_l2_distance': 2.245227098464966, 'avg_kl_divergence': 6.682963848114014, 'entropy': 10.823488235473633}, {'step': 42, 'avg_l2_distance': 2.245227098464966, 'avg_kl_divergence': 6.682963848114014, 'entropy': 10.823121070861816}, {'step': 43, 'avg_l2_distance': 2.245227098464966, 'avg_kl_divergence': 6.682963848114014, 'entropy': 10.822582244873047}, {'step': 44, 'avg_l2_distance': 2.245227098464966, 'avg_kl_divergence': 6.682963848114014, 'entropy': 10.821738243103027}, {'step': 45, 'avg_l2_distance': 2.245227098464966, 'avg_kl_divergence': 6.682963848114014, 'entropy': 10.820303916931152}, {'step': 46, 'avg_l2_distance': 2.245227098464966, 'avg_kl_divergence': 6.682963848114014, 'entropy': 10.81753921508789}, {'step': 47, 'avg_l2_distance': 2.245227098464966, 'avg_kl_divergence': 6.682963848114014, 'entropy': 10.810993194580078}, {'step': 48, 'avg_l2_distance': 2.245227098464966, 'avg_kl_divergence': 6.682963848114014, 'entropy': 10.787588119506836}, {'step': 49, 'avg_l2_distance': 2.245227098464966, 'avg_kl_divergence': 6.682963848114014, 'entropy': 10.421770095825195}]",2.245227098464966,6.682963848114014,0.0
107,policy,True,"[{'step': 0, 'avg_l2_distance': 2.6530938148498535, 'avg_kl_divergence': 11.91762924194336, 'entropy': 10.824841499328613}, {'step': 1, 'avg_l2_distance': 2.6530938148498535, 'avg_kl_divergence': 11.91762924194336, 'entropy': 10.824840545654297}, {'step': 2, 'avg_l2_distance': 2.6530938148498535, 'avg_kl_divergence': 11.91762924194336, 'entropy': 10.824838638305664}, {'step': 3, 'avg_l2_distance': 2.6530938148498535, 'avg_kl_divergence': 11.91762924194336, 'entropy': 10.824836730957031}, {'step': 4, 'avg_l2_distance': 2.6530938148498535, 'avg_kl_divergence': 11.91762924194336, 'entropy': 10.824835777282715}, {'step': 5, 'avg_l2_distance': 2.6530938148498535, 'avg_kl_divergence': 11.91762924194336, 'entropy': 10.824833869934082}, {'step': 6, 'avg_l2_distance': 2.6530938148498535, 'avg_kl_divergence': 11.91762924194336, 'entropy': 10.824832916259766}, {'step': 7, 'avg_l2_distance': 2.0440053939819336, 'avg_kl_divergence': 18.181407928466797, 'entropy': 10.824831008911133}, {'step': 8, 'avg_l2_distance': 2.0440053939819336, 'avg_kl_divergence': 18.181407928466797, 'entropy': 10.824736595153809}, {'step': 9, 'avg_l2_distance': 2.0440053939819336, 'avg_kl_divergence': 18.181407928466797, 'entropy': 10.82473087310791}, {'step': 10, 'avg_l2_distance': 2.0440053939819336, 'avg_kl_divergence': 18.181407928466797, 'entropy': 10.824724197387695}, {'step': 11, 'avg_l2_distance': 2.0440053939819336, 'avg_kl_divergence': 18.181407928466797, 'entropy': 10.824719429016113}, {'step': 12, 'avg_l2_distance': 2.557626962661743, 'avg_kl_divergence': 12.342175483703613, 'entropy': 10.824711799621582}, {'step': 13, 'avg_l2_distance': 2.557626962661743, 'avg_kl_divergence': 12.342175483703613, 'entropy': 10.824774742126465}, {'step': 14, 'avg_l2_distance': 2.557626962661743, 'avg_kl_divergence': 12.342175483703613, 'entropy': 10.82476806640625}, {'step': 15, 'avg_l2_distance': 2.557626962661743, 'avg_kl_divergence': 12.342175483703613, 'entropy': 10.824764251708984}, {'step': 16, 'avg_l2_distance': 2.557626962661743, 'avg_kl_divergence': 12.342175483703613, 'entropy': 10.824756622314453}, {'step': 17, 'avg_l2_distance': 2.557626962661743, 'avg_kl_divergence': 12.342175483703613, 'entropy': 10.824750900268555}, {'step': 18, 'avg_l2_distance': 2.557626962661743, 'avg_kl_divergence': 12.342175483703613, 'entropy': 10.824745178222656}, {'step': 19, 'avg_l2_distance': 2.557626962661743, 'avg_kl_divergence': 12.342175483703613, 'entropy': 10.824735641479492}, {'step': 20, 'avg_l2_distance': 2.557626962661743, 'avg_kl_divergence': 12.342175483703613, 'entropy': 10.824726104736328}, {'step': 21, 'avg_l2_distance': 2.557626962661743, 'avg_kl_divergence': 12.342175483703613, 'entropy': 10.82471752166748}, {'step': 22, 'avg_l2_distance': 2.557626962661743, 'avg_kl_divergence': 12.342175483703613, 'entropy': 10.82470703125}, {'step': 23, 'avg_l2_distance': 2.557626962661743, 'avg_kl_divergence': 12.342175483703613, 'entropy': 10.824694633483887}, {'step': 24, 'avg_l2_distance': 2.557626962661743, 'avg_kl_divergence': 12.342175483703613, 'entropy': 10.824682235717773}, {'step': 25, 'avg_l2_distance': 2.557626962661743, 'avg_kl_divergence': 12.342175483703613, 'entropy': 10.824666976928711}, {'step': 26, 'avg_l2_distance': 2.557626962661743, 'avg_kl_divergence': 12.342175483703613, 'entropy': 10.824649810791016}, {'step': 27, 'avg_l2_distance': 2.557626962661743, 'avg_kl_divergence': 12.342175483703613, 'entropy': 10.82463264465332}, {'step': 28, 'avg_l2_distance': 2.557626962661743, 'avg_kl_divergence': 12.342175483703613, 'entropy': 10.824609756469727}, {'step': 29, 'avg_l2_distance': 2.557626962661743, 'avg_kl_divergence': 12.342175483703613, 'entropy': 10.824585914611816}, {'step': 30, 'avg_l2_distance': 2.557626962661743, 'avg_kl_divergence': 12.342175483703613, 'entropy': 10.824557304382324}, {'step': 31, 'avg_l2_distance': 2.557626962661743, 'avg_kl_divergence': 12.342175483703613, 'entropy': 10.82452392578125}, {'step': 32, 'avg_l2_distance': 2.557626962661743, 'avg_kl_divergence': 12.342175483703613, 'entropy': 10.824485778808594}, {'step': 33, 'avg_l2_distance': 2.557626962661743, 'avg_kl_divergence': 12.342175483703613, 'entropy': 10.824440002441406}, {'step': 34, 'avg_l2_distance': 2.557626962661743, 'avg_kl_divergence': 12.342175483703613, 'entropy': 10.824387550354004}, {'step': 35, 'avg_l2_distance': 2.557626962661743, 'avg_kl_divergence': 12.342175483703613, 'entropy': 10.824321746826172}, {'step': 36, 'avg_l2_distance': 2.557626962661743, 'avg_kl_divergence': 12.342175483703613, 'entropy': 10.82424259185791}, {'step': 37, 'avg_l2_distance': 2.557626962661743, 'avg_kl_divergence': 12.342175483703613, 'entropy': 10.824145317077637}, {'step': 38, 'avg_l2_distance': 2.557626962661743, 'avg_kl_divergence': 12.342175483703613, 'entropy': 10.82402229309082}, {'step': 39, 'avg_l2_distance': 2.557626962661743, 'avg_kl_divergence': 12.342175483703613, 'entropy': 10.823862075805664}, {'step': 40, 'avg_l2_distance': 2.557626962661743, 'avg_kl_divergence': 12.342175483703613, 'entropy': 10.823654174804688}, {'step': 41, 'avg_l2_distance': 2.557626962661743, 'avg_kl_divergence': 12.342175483703613, 'entropy': 10.823371887207031}, {'step': 42, 'avg_l2_distance': 2.557626962661743, 'avg_kl_divergence': 12.342175483703613, 'entropy': 10.82297420501709}, {'step': 43, 'avg_l2_distance': 2.557626962661743, 'avg_kl_divergence': 12.342175483703613, 'entropy': 10.822391510009766}, {'step': 44, 'avg_l2_distance': 2.557626962661743, 'avg_kl_divergence': 12.342175483703613, 'entropy': 10.821483612060547}, {'step': 45, 'avg_l2_distance': 2.557626962661743, 'avg_kl_divergence': 12.342175483703613, 'entropy': 10.819944381713867}, {'step': 46, 'avg_l2_distance': 2.557626962661743, 'avg_kl_divergence': 12.342175483703613, 'entropy': 10.816998481750488}, {'step': 47, 'avg_l2_distance': 2.557626962661743, 'avg_kl_divergence': 12.342175483703613, 'entropy': 10.810087203979492}, {'step': 48, 'avg_l2_distance': 2.557626962661743, 'avg_kl_divergence': 12.342175483703613, 'entropy': 10.785831451416016}, {'step': 49, 'avg_l2_distance': 2.557626962661743, 'avg_kl_divergence': 12.342175483703613, 'entropy': 9.970174789428711}]",2.557626962661743,12.342175483703613,0.0
108,policy,True,"[{'step': 0, 'avg_l2_distance': 2.8767569065093994, 'avg_kl_divergence': 12.206199645996094, 'entropy': 10.824824333190918}, {'step': 1, 'avg_l2_distance': 2.8767569065093994, 'avg_kl_divergence': 12.206199645996094, 'entropy': 10.824837684631348}, {'step': 2, 'avg_l2_distance': 2.915600538253784, 'avg_kl_divergence': 8.537513732910156, 'entropy': 10.824836730957031}, {'step': 3, 'avg_l2_distance': 2.915600538253784, 'avg_kl_divergence': 8.537513732910156, 'entropy': 10.82481575012207}, {'step': 4, 'avg_l2_distance': 3.142220973968506, 'avg_kl_divergence': 12.496715545654297, 'entropy': 10.824813842773438}, {'step': 5, 'avg_l2_distance': 3.142220973968506, 'avg_kl_divergence': 12.496715545654297, 'entropy': 10.824840545654297}, {'step': 6, 'avg_l2_distance': 3.142220973968506, 'avg_kl_divergence': 12.496715545654297, 'entropy': 10.824840545654297}, {'step': 7, 'avg_l2_distance': 3.142220973968506, 'avg_kl_divergence': 12.496715545654297, 'entropy': 10.824837684631348}, {'step': 8, 'avg_l2_distance': 3.142220973968506, 'avg_kl_divergence': 12.496715545654297, 'entropy': 10.824836730957031}, {'step': 9, 'avg_l2_distance': 3.142220973968506, 'avg_kl_divergence': 12.496715545654297, 'entropy': 10.824834823608398}, {'step': 10, 'avg_l2_distance': 2.8797030448913574, 'avg_kl_divergence': 13.012222290039062, 'entropy': 10.824832916259766}, {'step': 11, 'avg_l2_distance': 3.020550489425659, 'avg_kl_divergence': 9.766142845153809, 'entropy': 10.824789047241211}, {'step': 12, 'avg_l2_distance': 3.020550489425659, 'avg_kl_divergence': 9.766142845153809, 'entropy': 10.82480239868164}, {'step': 13, 'avg_l2_distance': 3.020550489425659, 'avg_kl_divergence': 9.766142845153809, 'entropy': 10.824796676635742}, {'step': 14, 'avg_l2_distance': 3.020550489425659, 'avg_kl_divergence': 9.766142845153809, 'entropy': 10.824792861938477}, {'step': 15, 'avg_l2_distance': 3.023529529571533, 'avg_kl_divergence': 8.808629035949707, 'entropy': 10.824787139892578}, {'step': 16, 'avg_l2_distance': 3.023529529571533, 'avg_kl_divergence': 8.808629035949707, 'entropy': 10.824817657470703}, {'step': 17, 'avg_l2_distance': 3.023529529571533, 'avg_kl_divergence': 8.808629035949707, 'entropy': 10.824814796447754}, {'step': 18, 'avg_l2_distance': 3.023529529571533, 'avg_kl_divergence': 8.808629035949707, 'entropy': 10.824810028076172}, {'step': 19, 'avg_l2_distance': 3.023529529571533, 'avg_kl_divergence': 8.808629035949707, 'entropy': 10.82480525970459}, {'step': 20, 'avg_l2_distance': 3.023529529571533, 'avg_kl_divergence': 8.808629035949707, 'entropy': 10.824800491333008}, {'step': 21, 'avg_l2_distance': 3.023529529571533, 'avg_kl_divergence': 8.808629035949707, 'entropy': 10.824796676635742}, {'step': 22, 'avg_l2_distance': 3.023529529571533, 'avg_kl_divergence': 8.808629035949707, 'entropy': 10.824789047241211}, {'step': 23, 'avg_l2_distance': 2.9034764766693115, 'avg_kl_divergence': 7.1281023025512695, 'entropy': 10.824783325195312}, {'step': 24, 'avg_l2_distance': 2.9034764766693115, 'avg_kl_divergence': 7.1281023025512695, 'entropy': 10.824629783630371}, {'step': 25, 'avg_l2_distance': 2.9034764766693115, 'avg_kl_divergence': 7.1281023025512695, 'entropy': 10.824612617492676}, {'step': 26, 'avg_l2_distance': 2.9034764766693115, 'avg_kl_divergence': 7.1281023025512695, 'entropy': 10.824592590332031}, {'step': 27, 'avg_l2_distance': 2.9034764766693115, 'avg_kl_divergence': 7.1281023025512695, 'entropy': 10.824570655822754}, {'step': 28, 'avg_l2_distance': 2.9034764766693115, 'avg_kl_divergence': 7.1281023025512695, 'entropy': 10.824545860290527}, {'step': 29, 'avg_l2_distance': 2.9034764766693115, 'avg_kl_divergence': 7.1281023025512695, 'entropy': 10.824517250061035}, {'step': 30, 'avg_l2_distance': 2.9034764766693115, 'avg_kl_divergence': 7.1281023025512695, 'entropy': 10.824483871459961}, {'step': 31, 'avg_l2_distance': 2.9034764766693115, 'avg_kl_divergence': 7.1281023025512695, 'entropy': 10.824444770812988}, {'step': 32, 'avg_l2_distance': 2.9034764766693115, 'avg_kl_divergence': 7.1281023025512695, 'entropy': 10.824400901794434}, {'step': 33, 'avg_l2_distance': 2.9034764766693115, 'avg_kl_divergence': 7.1281023025512695, 'entropy': 10.824348449707031}, {'step': 34, 'avg_l2_distance': 2.9034764766693115, 'avg_kl_divergence': 7.1281023025512695, 'entropy': 10.824286460876465}, {'step': 35, 'avg_l2_distance': 2.9034764766693115, 'avg_kl_divergence': 7.1281023025512695, 'entropy': 10.824211120605469}, {'step': 36, 'avg_l2_distance': 2.9034764766693115, 'avg_kl_divergence': 7.1281023025512695, 'entropy': 10.824121475219727}, {'step': 37, 'avg_l2_distance': 2.9034764766693115, 'avg_kl_divergence': 7.1281023025512695, 'entropy': 10.82400894165039}, {'step': 38, 'avg_l2_distance': 2.9034764766693115, 'avg_kl_divergence': 7.1281023025512695, 'entropy': 10.823866844177246}, {'step': 39, 'avg_l2_distance': 2.9034764766693115, 'avg_kl_divergence': 7.1281023025512695, 'entropy': 10.823686599731445}, {'step': 40, 'avg_l2_distance': 2.9034764766693115, 'avg_kl_divergence': 7.1281023025512695, 'entropy': 10.823450088500977}, {'step': 41, 'avg_l2_distance': 2.9034764766693115, 'avg_kl_divergence': 7.1281023025512695, 'entropy': 10.82313060760498}, {'step': 42, 'avg_l2_distance': 2.9034764766693115, 'avg_kl_divergence': 7.1281023025512695, 'entropy': 10.822683334350586}, {'step': 43, 'avg_l2_distance': 2.9034764766693115, 'avg_kl_divergence': 7.1281023025512695, 'entropy': 10.822030067443848}, {'step': 44, 'avg_l2_distance': 2.9034764766693115, 'avg_kl_divergence': 7.1281023025512695, 'entropy': 10.821015357971191}, {'step': 45, 'avg_l2_distance': 2.9034764766693115, 'avg_kl_divergence': 7.1281023025512695, 'entropy': 10.819302558898926}, {'step': 46, 'avg_l2_distance': 2.9034764766693115, 'avg_kl_divergence': 7.1281023025512695, 'entropy': 10.816034317016602}, {'step': 47, 'avg_l2_distance': 2.9034764766693115, 'avg_kl_divergence': 7.1281023025512695, 'entropy': 10.808398246765137}, {'step': 48, 'avg_l2_distance': 2.9034764766693115, 'avg_kl_divergence': 7.1281023025512695, 'entropy': 10.781818389892578}, {'step': 49, 'avg_l2_distance': 2.9034764766693115, 'avg_kl_divergence': 7.1281023025512695, 'entropy': 10.32967472076416}]",2.9034764766693115,7.1281023025512695,0.0
109,policy,True,"[{'step': 0, 'avg_l2_distance': 2.544731855392456, 'avg_kl_divergence': 1.4916527271270752, 'entropy': 10.824752807617188}, {'step': 1, 'avg_l2_distance': 2.400575876235962, 'avg_kl_divergence': 0.28382861614227295, 'entropy': 10.824748992919922}, {'step': 2, 'avg_l2_distance': 2.400575876235962, 'avg_kl_divergence': 0.28382861614227295, 'entropy': 10.82480239868164}, {'step': 3, 'avg_l2_distance': 2.400575876235962, 'avg_kl_divergence': 0.28382861614227295, 'entropy': 10.824799537658691}, {'step': 4, 'avg_l2_distance': 2.400575876235962, 'avg_kl_divergence': 0.28382861614227295, 'entropy': 10.824796676635742}, {'step': 5, 'avg_l2_distance': 2.400575876235962, 'avg_kl_divergence': 0.28382861614227295, 'entropy': 10.82479476928711}, {'step': 6, 'avg_l2_distance': 2.400575876235962, 'avg_kl_divergence': 0.28382861614227295, 'entropy': 10.824790954589844}, {'step': 7, 'avg_l2_distance': 2.400575876235962, 'avg_kl_divergence': 0.28382861614227295, 'entropy': 10.824787139892578}, {'step': 8, 'avg_l2_distance': 2.400575876235962, 'avg_kl_divergence': 0.28382861614227295, 'entropy': 10.824784278869629}, {'step': 9, 'avg_l2_distance': 2.400575876235962, 'avg_kl_divergence': 0.28382861614227295, 'entropy': 10.82478141784668}, {'step': 10, 'avg_l2_distance': 2.400575876235962, 'avg_kl_divergence': 0.28382861614227295, 'entropy': 10.824777603149414}, {'step': 11, 'avg_l2_distance': 2.400575876235962, 'avg_kl_divergence': 0.28382861614227295, 'entropy': 10.824771881103516}, {'step': 12, 'avg_l2_distance': 2.400575876235962, 'avg_kl_divergence': 0.28382861614227295, 'entropy': 10.82476806640625}, {'step': 13, 'avg_l2_distance': 2.400575876235962, 'avg_kl_divergence': 0.28382861614227295, 'entropy': 10.824764251708984}, {'step': 14, 'avg_l2_distance': 2.400575876235962, 'avg_kl_divergence': 0.28382861614227295, 'entropy': 10.82475757598877}, {'step': 15, 'avg_l2_distance': 2.400575876235962, 'avg_kl_divergence': 0.28382861614227295, 'entropy': 10.824752807617188}, {'step': 16, 'avg_l2_distance': 2.400575876235962, 'avg_kl_divergence': 0.28382861614227295, 'entropy': 10.824745178222656}, {'step': 17, 'avg_l2_distance': 2.400575876235962, 'avg_kl_divergence': 0.28382861614227295, 'entropy': 10.824739456176758}, {'step': 18, 'avg_l2_distance': 2.400575876235962, 'avg_kl_divergence': 0.28382861614227295, 'entropy': 10.824731826782227}, {'step': 19, 'avg_l2_distance': 2.400575876235962, 'avg_kl_divergence': 0.28382861614227295, 'entropy': 10.824724197387695}, {'step': 20, 'avg_l2_distance': 2.400575876235962, 'avg_kl_divergence': 0.28382861614227295, 'entropy': 10.824714660644531}, {'step': 21, 'avg_l2_distance': 2.400575876235962, 'avg_kl_divergence': 0.28382861614227295, 'entropy': 10.824706077575684}, {'step': 22, 'avg_l2_distance': 2.400575876235962, 'avg_kl_divergence': 0.28382861614227295, 'entropy': 10.82469367980957}, {'step': 23, 'avg_l2_distance': 2.400575876235962, 'avg_kl_divergence': 0.28382861614227295, 'entropy': 10.824682235717773}, {'step': 24, 'avg_l2_distance': 2.400575876235962, 'avg_kl_divergence': 0.28382861614227295, 'entropy': 10.82466983795166}, {'step': 25, 'avg_l2_distance': 2.400575876235962, 'avg_kl_divergence': 0.28382861614227295, 'entropy': 10.824655532836914}, {'step': 26, 'avg_l2_distance': 2.400575876235962, 'avg_kl_divergence': 0.28382861614227295, 'entropy': 10.824638366699219}, {'step': 27, 'avg_l2_distance': 2.400575876235962, 'avg_kl_divergence': 0.28382861614227295, 'entropy': 10.82461929321289}, {'step': 28, 'avg_l2_distance': 2.400575876235962, 'avg_kl_divergence': 0.28382861614227295, 'entropy': 10.82459831237793}, {'step': 29, 'avg_l2_distance': 2.400575876235962, 'avg_kl_divergence': 0.28382861614227295, 'entropy': 10.824573516845703}, {'step': 30, 'avg_l2_distance': 2.400575876235962, 'avg_kl_divergence': 0.28382861614227295, 'entropy': 10.824545860290527}, {'step': 31, 'avg_l2_distance': 2.400575876235962, 'avg_kl_divergence': 0.28382861614227295, 'entropy': 10.824514389038086}, {'step': 32, 'avg_l2_distance': 2.400575876235962, 'avg_kl_divergence': 0.28382861614227295, 'entropy': 10.824475288391113}, {'step': 33, 'avg_l2_distance': 2.400575876235962, 'avg_kl_divergence': 0.28382861614227295, 'entropy': 10.824430465698242}, {'step': 34, 'avg_l2_distance': 2.400575876235962, 'avg_kl_divergence': 0.28382861614227295, 'entropy': 10.82437801361084}, {'step': 35, 'avg_l2_distance': 2.400575876235962, 'avg_kl_divergence': 0.28382861614227295, 'entropy': 10.82431411743164}, {'step': 36, 'avg_l2_distance': 2.400575876235962, 'avg_kl_divergence': 0.28382861614227295, 'entropy': 10.824236869812012}, {'step': 37, 'avg_l2_distance': 2.400575876235962, 'avg_kl_divergence': 0.28382861614227295, 'entropy': 10.824140548706055}, {'step': 38, 'avg_l2_distance': 2.400575876235962, 'avg_kl_divergence': 0.28382861614227295, 'entropy': 10.824020385742188}, {'step': 39, 'avg_l2_distance': 2.400575876235962, 'avg_kl_divergence': 0.28382861614227295, 'entropy': 10.823867797851562}, {'step': 40, 'avg_l2_distance': 2.400575876235962, 'avg_kl_divergence': 0.28382861614227295, 'entropy': 10.823665618896484}, {'step': 41, 'avg_l2_distance': 2.400575876235962, 'avg_kl_divergence': 0.28382861614227295, 'entropy': 10.823393821716309}, {'step': 42, 'avg_l2_distance': 2.400575876235962, 'avg_kl_divergence': 0.28382861614227295, 'entropy': 10.823016166687012}, {'step': 43, 'avg_l2_distance': 2.400575876235962, 'avg_kl_divergence': 0.28382861614227295, 'entropy': 10.822460174560547}, {'step': 44, 'avg_l2_distance': 2.400575876235962, 'avg_kl_divergence': 0.28382861614227295, 'entropy': 10.821598052978516}, {'step': 45, 'avg_l2_distance': 2.400575876235962, 'avg_kl_divergence': 0.28382861614227295, 'entropy': 10.820144653320312}, {'step': 46, 'avg_l2_distance': 2.400575876235962, 'avg_kl_divergence': 0.28382861614227295, 'entropy': 10.817362785339355}, {'step': 47, 'avg_l2_distance': 2.400575876235962, 'avg_kl_divergence': 0.28382861614227295, 'entropy': 10.810811042785645}, {'step': 48, 'avg_l2_distance': 2.400575876235962, 'avg_kl_divergence': 0.28382861614227295, 'entropy': 10.787440299987793}, {'step': 49, 'avg_l2_distance': 2.400575876235962, 'avg_kl_divergence': 0.28382861614227295, 'entropy': 10.420740127563477}]",2.400575876235962,0.28382861614227295,0.0
110,policy,True,"[{'step': 0, 'avg_l2_distance': 2.915046215057373, 'avg_kl_divergence': 1.7330888509750366, 'entropy': 10.824807167053223}, {'step': 1, 'avg_l2_distance': 2.677868604660034, 'avg_kl_divergence': 10.00310230255127, 'entropy': 10.824792861938477}, {'step': 2, 'avg_l2_distance': 3.109373092651367, 'avg_kl_divergence': 3.131927013397217, 'entropy': 10.824771881103516}, {'step': 3, 'avg_l2_distance': 3.109373092651367, 'avg_kl_divergence': 3.131927013397217, 'entropy': 10.824798583984375}, {'step': 4, 'avg_l2_distance': 3.109373092651367, 'avg_kl_divergence': 3.131927013397217, 'entropy': 10.824795722961426}, {'step': 5, 'avg_l2_distance': 3.109373092651367, 'avg_kl_divergence': 3.131927013397217, 'entropy': 10.824792861938477}, {'step': 6, 'avg_l2_distance': 3.109373092651367, 'avg_kl_divergence': 3.131927013397217, 'entropy': 10.824790954589844}, {'step': 7, 'avg_l2_distance': 3.109373092651367, 'avg_kl_divergence': 3.131927013397217, 'entropy': 10.824786186218262}, {'step': 8, 'avg_l2_distance': 3.109373092651367, 'avg_kl_divergence': 3.131927013397217, 'entropy': 10.824782371520996}, {'step': 9, 'avg_l2_distance': 3.109373092651367, 'avg_kl_divergence': 3.131927013397217, 'entropy': 10.82477855682373}, {'step': 10, 'avg_l2_distance': 3.109373092651367, 'avg_kl_divergence': 3.131927013397217, 'entropy': 10.824775695800781}, {'step': 11, 'avg_l2_distance': 3.109373092651367, 'avg_kl_divergence': 3.131927013397217, 'entropy': 10.8247709274292}, {'step': 12, 'avg_l2_distance': 3.109373092651367, 'avg_kl_divergence': 3.131927013397217, 'entropy': 10.824766159057617}, {'step': 13, 'avg_l2_distance': 3.109373092651367, 'avg_kl_divergence': 3.131927013397217, 'entropy': 10.824760437011719}, {'step': 14, 'avg_l2_distance': 3.109373092651367, 'avg_kl_divergence': 3.131927013397217, 'entropy': 10.824755668640137}, {'step': 15, 'avg_l2_distance': 3.109373092651367, 'avg_kl_divergence': 3.131927013397217, 'entropy': 10.824749946594238}, {'step': 16, 'avg_l2_distance': 3.109373092651367, 'avg_kl_divergence': 3.131927013397217, 'entropy': 10.824743270874023}, {'step': 17, 'avg_l2_distance': 3.109373092651367, 'avg_kl_divergence': 3.131927013397217, 'entropy': 10.824735641479492}, {'step': 18, 'avg_l2_distance': 3.109373092651367, 'avg_kl_divergence': 3.131927013397217, 'entropy': 10.824728965759277}, {'step': 19, 'avg_l2_distance': 3.109373092651367, 'avg_kl_divergence': 3.131927013397217, 'entropy': 10.824719429016113}, {'step': 20, 'avg_l2_distance': 3.109373092651367, 'avg_kl_divergence': 3.131927013397217, 'entropy': 10.824710845947266}, {'step': 21, 'avg_l2_distance': 3.109373092651367, 'avg_kl_divergence': 3.131927013397217, 'entropy': 10.824699401855469}, {'step': 22, 'avg_l2_distance': 2.9805943965911865, 'avg_kl_divergence': 4.54614782333374, 'entropy': 10.824689865112305}, {'step': 23, 'avg_l2_distance': 2.9805943965911865, 'avg_kl_divergence': 4.54614782333374, 'entropy': 10.824792861938477}, {'step': 24, 'avg_l2_distance': 2.9805943965911865, 'avg_kl_divergence': 4.54614782333374, 'entropy': 10.824785232543945}, {'step': 25, 'avg_l2_distance': 2.9805943965911865, 'avg_kl_divergence': 4.54614782333374, 'entropy': 10.824775695800781}, {'step': 26, 'avg_l2_distance': 3.0006039142608643, 'avg_kl_divergence': 3.0836730003356934, 'entropy': 10.8247652053833}, {'step': 27, 'avg_l2_distance': 3.0006039142608643, 'avg_kl_divergence': 3.0836730003356934, 'entropy': 10.824716567993164}, {'step': 28, 'avg_l2_distance': 3.0006039142608643, 'avg_kl_divergence': 3.0836730003356934, 'entropy': 10.824698448181152}, {'step': 29, 'avg_l2_distance': 3.0006039142608643, 'avg_kl_divergence': 3.0836730003356934, 'entropy': 10.82468032836914}, {'step': 30, 'avg_l2_distance': 3.0006039142608643, 'avg_kl_divergence': 3.0836730003356934, 'entropy': 10.82465934753418}, {'step': 31, 'avg_l2_distance': 3.0006039142608643, 'avg_kl_divergence': 3.0836730003356934, 'entropy': 10.82463264465332}, {'step': 32, 'avg_l2_distance': 3.0006039142608643, 'avg_kl_divergence': 3.0836730003356934, 'entropy': 10.824602127075195}, {'step': 33, 'avg_l2_distance': 3.0006039142608643, 'avg_kl_divergence': 3.0836730003356934, 'entropy': 10.824565887451172}, {'step': 34, 'avg_l2_distance': 3.0006039142608643, 'avg_kl_divergence': 3.0836730003356934, 'entropy': 10.824522972106934}, {'step': 35, 'avg_l2_distance': 2.8547356128692627, 'avg_kl_divergence': 3.581387996673584, 'entropy': 10.824469566345215}, {'step': 36, 'avg_l2_distance': 2.8547356128692627, 'avg_kl_divergence': 3.581387996673584, 'entropy': 10.82421875}, {'step': 37, 'avg_l2_distance': 2.8547356128692627, 'avg_kl_divergence': 3.581387996673584, 'entropy': 10.824119567871094}, {'step': 38, 'avg_l2_distance': 2.8547356128692627, 'avg_kl_divergence': 3.581387996673584, 'entropy': 10.823993682861328}, {'step': 39, 'avg_l2_distance': 2.8547356128692627, 'avg_kl_divergence': 3.581387996673584, 'entropy': 10.823831558227539}, {'step': 40, 'avg_l2_distance': 2.8547356128692627, 'avg_kl_divergence': 3.581387996673584, 'entropy': 10.82361888885498}, {'step': 41, 'avg_l2_distance': 2.8547356128692627, 'avg_kl_divergence': 3.581387996673584, 'entropy': 10.82332992553711}, {'step': 42, 'avg_l2_distance': 2.8547356128692627, 'avg_kl_divergence': 3.581387996673584, 'entropy': 10.822925567626953}, {'step': 43, 'avg_l2_distance': 2.8547356128692627, 'avg_kl_divergence': 3.581387996673584, 'entropy': 10.822332382202148}, {'step': 44, 'avg_l2_distance': 3.049781084060669, 'avg_kl_divergence': 2.6565394401550293, 'entropy': 10.821405410766602}, {'step': 45, 'avg_l2_distance': 3.049781084060669, 'avg_kl_divergence': 2.6565394401550293, 'entropy': 10.820898056030273}, {'step': 46, 'avg_l2_distance': 3.049781084060669, 'avg_kl_divergence': 2.6565394401550293, 'entropy': 10.8185453414917}, {'step': 47, 'avg_l2_distance': 3.049781084060669, 'avg_kl_divergence': 2.6565394401550293, 'entropy': 10.813013076782227}, {'step': 48, 'avg_l2_distance': 3.049781084060669, 'avg_kl_divergence': 2.6565394401550293, 'entropy': 10.793428421020508}, {'step': 49, 'avg_l2_distance': 3.049781084060669, 'avg_kl_divergence': 2.6565394401550293, 'entropy': 10.273946762084961}]",3.049781084060669,2.6565394401550293,0.0
111,policy,True,"[{'step': 0, 'avg_l2_distance': 2.456193208694458, 'avg_kl_divergence': 12.038416862487793, 'entropy': 10.824804306030273}, {'step': 1, 'avg_l2_distance': 2.4454164505004883, 'avg_kl_divergence': 11.981681823730469, 'entropy': 10.824801445007324}, {'step': 2, 'avg_l2_distance': 2.6601243019104004, 'avg_kl_divergence': 9.742713928222656, 'entropy': 10.82479476928711}, {'step': 3, 'avg_l2_distance': 2.6601243019104004, 'avg_kl_divergence': 9.742713928222656, 'entropy': 10.824821472167969}, {'step': 4, 'avg_l2_distance': 2.6601243019104004, 'avg_kl_divergence': 9.742713928222656, 'entropy': 10.824819564819336}, {'step': 5, 'avg_l2_distance': 2.6601243019104004, 'avg_kl_divergence': 9.742713928222656, 'entropy': 10.824816703796387}, {'step': 6, 'avg_l2_distance': 2.6601243019104004, 'avg_kl_divergence': 9.742713928222656, 'entropy': 10.824813842773438}, {'step': 7, 'avg_l2_distance': 2.6601243019104004, 'avg_kl_divergence': 9.742713928222656, 'entropy': 10.824811935424805}, {'step': 8, 'avg_l2_distance': 2.6601243019104004, 'avg_kl_divergence': 9.742713928222656, 'entropy': 10.824808120727539}, {'step': 9, 'avg_l2_distance': 2.6601243019104004, 'avg_kl_divergence': 9.742713928222656, 'entropy': 10.824804306030273}, {'step': 10, 'avg_l2_distance': 2.54179048538208, 'avg_kl_divergence': 8.595771789550781, 'entropy': 10.82480239868164}, {'step': 11, 'avg_l2_distance': 2.54179048538208, 'avg_kl_divergence': 8.595771789550781, 'entropy': 10.824785232543945}, {'step': 12, 'avg_l2_distance': 2.54179048538208, 'avg_kl_divergence': 8.595771789550781, 'entropy': 10.82478141784668}, {'step': 13, 'avg_l2_distance': 2.54179048538208, 'avg_kl_divergence': 8.595771789550781, 'entropy': 10.824777603149414}, {'step': 14, 'avg_l2_distance': 2.54179048538208, 'avg_kl_divergence': 8.595771789550781, 'entropy': 10.824771881103516}, {'step': 15, 'avg_l2_distance': 2.54179048538208, 'avg_kl_divergence': 8.595771789550781, 'entropy': 10.824766159057617}, {'step': 16, 'avg_l2_distance': 2.54179048538208, 'avg_kl_divergence': 8.595771789550781, 'entropy': 10.824760437011719}, {'step': 17, 'avg_l2_distance': 2.54179048538208, 'avg_kl_divergence': 8.595771789550781, 'entropy': 10.824753761291504}, {'step': 18, 'avg_l2_distance': 2.391716957092285, 'avg_kl_divergence': 3.536790132522583, 'entropy': 10.824746131896973}, {'step': 19, 'avg_l2_distance': 2.391716957092285, 'avg_kl_divergence': 3.536790132522583, 'entropy': 10.82476806640625}, {'step': 20, 'avg_l2_distance': 2.391716957092285, 'avg_kl_divergence': 3.536790132522583, 'entropy': 10.824761390686035}, {'step': 21, 'avg_l2_distance': 2.391716957092285, 'avg_kl_divergence': 3.536790132522583, 'entropy': 10.824752807617188}, {'step': 22, 'avg_l2_distance': 2.391716957092285, 'avg_kl_divergence': 3.536790132522583, 'entropy': 10.82474422454834}, {'step': 23, 'avg_l2_distance': 2.391716957092285, 'avg_kl_divergence': 3.536790132522583, 'entropy': 10.824734687805176}, {'step': 24, 'avg_l2_distance': 2.391716957092285, 'avg_kl_divergence': 3.536790132522583, 'entropy': 10.824723243713379}, {'step': 25, 'avg_l2_distance': 2.129027843475342, 'avg_kl_divergence': 3.2567298412323, 'entropy': 10.824710845947266}, {'step': 26, 'avg_l2_distance': 2.129027843475342, 'avg_kl_divergence': 3.2567298412323, 'entropy': 10.824602127075195}, {'step': 27, 'avg_l2_distance': 2.129027843475342, 'avg_kl_divergence': 3.2567298412323, 'entropy': 10.824580192565918}, {'step': 28, 'avg_l2_distance': 2.129027843475342, 'avg_kl_divergence': 3.2567298412323, 'entropy': 10.824552536010742}, {'step': 29, 'avg_l2_distance': 2.129027843475342, 'avg_kl_divergence': 3.2567298412323, 'entropy': 10.82452392578125}, {'step': 30, 'avg_l2_distance': 2.129027843475342, 'avg_kl_divergence': 3.2567298412323, 'entropy': 10.824487686157227}, {'step': 31, 'avg_l2_distance': 2.129027843475342, 'avg_kl_divergence': 3.2567298412323, 'entropy': 10.824447631835938}, {'step': 32, 'avg_l2_distance': 2.129027843475342, 'avg_kl_divergence': 3.2567298412323, 'entropy': 10.824399948120117}, {'step': 33, 'avg_l2_distance': 2.129027843475342, 'avg_kl_divergence': 3.2567298412323, 'entropy': 10.824344635009766}, {'step': 34, 'avg_l2_distance': 2.129027843475342, 'avg_kl_divergence': 3.2567298412323, 'entropy': 10.824277877807617}, {'step': 35, 'avg_l2_distance': 2.129027843475342, 'avg_kl_divergence': 3.2567298412323, 'entropy': 10.824197769165039}, {'step': 36, 'avg_l2_distance': 2.129027843475342, 'avg_kl_divergence': 3.2567298412323, 'entropy': 10.824098587036133}, {'step': 37, 'avg_l2_distance': 2.129027843475342, 'avg_kl_divergence': 3.2567298412323, 'entropy': 10.823979377746582}, {'step': 38, 'avg_l2_distance': 2.129027843475342, 'avg_kl_divergence': 3.2567298412323, 'entropy': 10.82382583618164}, {'step': 39, 'avg_l2_distance': 2.129027843475342, 'avg_kl_divergence': 3.2567298412323, 'entropy': 10.823631286621094}, {'step': 40, 'avg_l2_distance': 2.129027843475342, 'avg_kl_divergence': 3.2567298412323, 'entropy': 10.823373794555664}, {'step': 41, 'avg_l2_distance': 2.129027843475342, 'avg_kl_divergence': 3.2567298412323, 'entropy': 10.823026657104492}, {'step': 42, 'avg_l2_distance': 2.129027843475342, 'avg_kl_divergence': 3.2567298412323, 'entropy': 10.822539329528809}, {'step': 43, 'avg_l2_distance': 2.129027843475342, 'avg_kl_divergence': 3.2567298412323, 'entropy': 10.821824073791504}, {'step': 44, 'avg_l2_distance': 2.129027843475342, 'avg_kl_divergence': 3.2567298412323, 'entropy': 10.820712089538574}, {'step': 45, 'avg_l2_distance': 2.129027843475342, 'avg_kl_divergence': 3.2567298412323, 'entropy': 10.818828582763672}, {'step': 46, 'avg_l2_distance': 2.129027843475342, 'avg_kl_divergence': 3.2567298412323, 'entropy': 10.815216064453125}, {'step': 47, 'avg_l2_distance': 2.129027843475342, 'avg_kl_divergence': 3.2567298412323, 'entropy': 10.806713104248047}, {'step': 48, 'avg_l2_distance': 2.129027843475342, 'avg_kl_divergence': 3.2567298412323, 'entropy': 10.776777267456055}, {'step': 49, 'avg_l2_distance': 2.129027843475342, 'avg_kl_divergence': 3.2567298412323, 'entropy': 10.35521125793457}]",2.129027843475342,3.2567298412323,0.0
112,policy,True,"[{'step': 0, 'avg_l2_distance': 2.460759162902832, 'avg_kl_divergence': 0.4897834062576294, 'entropy': 10.824841499328613}, {'step': 1, 'avg_l2_distance': 2.460759162902832, 'avg_kl_divergence': 0.4897834062576294, 'entropy': 10.824831008911133}, {'step': 2, 'avg_l2_distance': 2.8631622791290283, 'avg_kl_divergence': 0.966602087020874, 'entropy': 10.824831008911133}, {'step': 3, 'avg_l2_distance': 2.8631622791290283, 'avg_kl_divergence': 0.966602087020874, 'entropy': 10.82479190826416}, {'step': 4, 'avg_l2_distance': 2.760274648666382, 'avg_kl_divergence': 8.479701042175293, 'entropy': 10.824789047241211}, {'step': 5, 'avg_l2_distance': 2.5873186588287354, 'avg_kl_divergence': 0.03130951523780823, 'entropy': 10.824833869934082}, {'step': 6, 'avg_l2_distance': 2.5873186588287354, 'avg_kl_divergence': 0.03130951523780823, 'entropy': 10.824813842773438}, {'step': 7, 'avg_l2_distance': 2.5873186588287354, 'avg_kl_divergence': 0.03130951523780823, 'entropy': 10.824811935424805}, {'step': 8, 'avg_l2_distance': 2.5873186588287354, 'avg_kl_divergence': 0.03130951523780823, 'entropy': 10.824808120727539}, {'step': 9, 'avg_l2_distance': 2.5873186588287354, 'avg_kl_divergence': 0.03130951523780823, 'entropy': 10.824804306030273}, {'step': 10, 'avg_l2_distance': 2.5873186588287354, 'avg_kl_divergence': 0.03130951523780823, 'entropy': 10.82480239868164}, {'step': 11, 'avg_l2_distance': 2.5187196731567383, 'avg_kl_divergence': 1.7398531436920166, 'entropy': 10.824797630310059}, {'step': 12, 'avg_l2_distance': 2.5187196731567383, 'avg_kl_divergence': 1.7398531436920166, 'entropy': 10.824800491333008}, {'step': 13, 'avg_l2_distance': 2.5187196731567383, 'avg_kl_divergence': 1.7398531436920166, 'entropy': 10.824795722961426}, {'step': 14, 'avg_l2_distance': 2.5187196731567383, 'avg_kl_divergence': 1.7398531436920166, 'entropy': 10.824790954589844}, {'step': 15, 'avg_l2_distance': 2.5187196731567383, 'avg_kl_divergence': 1.7398531436920166, 'entropy': 10.824786186218262}, {'step': 16, 'avg_l2_distance': 2.5187196731567383, 'avg_kl_divergence': 1.7398531436920166, 'entropy': 10.82478141784668}, {'step': 17, 'avg_l2_distance': 2.6206462383270264, 'avg_kl_divergence': 9.96446704864502, 'entropy': 10.824775695800781}, {'step': 18, 'avg_l2_distance': 2.6206462383270264, 'avg_kl_divergence': 9.96446704864502, 'entropy': 10.824762344360352}, {'step': 19, 'avg_l2_distance': 2.6206462383270264, 'avg_kl_divergence': 9.96446704864502, 'entropy': 10.82475471496582}, {'step': 20, 'avg_l2_distance': 2.6206462383270264, 'avg_kl_divergence': 9.96446704864502, 'entropy': 10.824745178222656}, {'step': 21, 'avg_l2_distance': 2.6206462383270264, 'avg_kl_divergence': 9.96446704864502, 'entropy': 10.824736595153809}, {'step': 22, 'avg_l2_distance': 2.6206462383270264, 'avg_kl_divergence': 9.96446704864502, 'entropy': 10.824728012084961}, {'step': 23, 'avg_l2_distance': 2.6206462383270264, 'avg_kl_divergence': 9.96446704864502, 'entropy': 10.824714660644531}, {'step': 24, 'avg_l2_distance': 2.6206462383270264, 'avg_kl_divergence': 9.96446704864502, 'entropy': 10.824703216552734}, {'step': 25, 'avg_l2_distance': 2.6206462383270264, 'avg_kl_divergence': 9.96446704864502, 'entropy': 10.824687957763672}, {'step': 26, 'avg_l2_distance': 2.6206462383270264, 'avg_kl_divergence': 9.96446704864502, 'entropy': 10.82467269897461}, {'step': 27, 'avg_l2_distance': 2.6206462383270264, 'avg_kl_divergence': 9.96446704864502, 'entropy': 10.824653625488281}, {'step': 28, 'avg_l2_distance': 2.6206462383270264, 'avg_kl_divergence': 9.96446704864502, 'entropy': 10.824630737304688}, {'step': 29, 'avg_l2_distance': 2.6206462383270264, 'avg_kl_divergence': 9.96446704864502, 'entropy': 10.824607849121094}, {'step': 30, 'avg_l2_distance': 2.6206462383270264, 'avg_kl_divergence': 9.96446704864502, 'entropy': 10.824580192565918}, {'step': 31, 'avg_l2_distance': 2.6206462383270264, 'avg_kl_divergence': 9.96446704864502, 'entropy': 10.824546813964844}, {'step': 32, 'avg_l2_distance': 2.6206462383270264, 'avg_kl_divergence': 9.96446704864502, 'entropy': 10.824508666992188}, {'step': 33, 'avg_l2_distance': 2.6206462383270264, 'avg_kl_divergence': 9.96446704864502, 'entropy': 10.824462890625}, {'step': 34, 'avg_l2_distance': 2.6206462383270264, 'avg_kl_divergence': 9.96446704864502, 'entropy': 10.824407577514648}, {'step': 35, 'avg_l2_distance': 2.6206462383270264, 'avg_kl_divergence': 9.96446704864502, 'entropy': 10.824342727661133}, {'step': 36, 'avg_l2_distance': 2.6206462383270264, 'avg_kl_divergence': 9.96446704864502, 'entropy': 10.824261665344238}, {'step': 37, 'avg_l2_distance': 2.6206462383270264, 'avg_kl_divergence': 9.96446704864502, 'entropy': 10.824161529541016}, {'step': 38, 'avg_l2_distance': 2.6206462383270264, 'avg_kl_divergence': 9.96446704864502, 'entropy': 10.824033737182617}, {'step': 39, 'avg_l2_distance': 2.6206462383270264, 'avg_kl_divergence': 9.96446704864502, 'entropy': 10.823869705200195}, {'step': 40, 'avg_l2_distance': 2.6206462383270264, 'avg_kl_divergence': 9.96446704864502, 'entropy': 10.823651313781738}, {'step': 41, 'avg_l2_distance': 2.6206462383270264, 'avg_kl_divergence': 9.96446704864502, 'entropy': 10.823356628417969}, {'step': 42, 'avg_l2_distance': 2.6206462383270264, 'avg_kl_divergence': 9.96446704864502, 'entropy': 10.8229398727417}, {'step': 43, 'avg_l2_distance': 2.6206462383270264, 'avg_kl_divergence': 9.96446704864502, 'entropy': 10.822324752807617}, {'step': 44, 'avg_l2_distance': 2.6206462383270264, 'avg_kl_divergence': 9.96446704864502, 'entropy': 10.821362495422363}, {'step': 45, 'avg_l2_distance': 2.6206462383270264, 'avg_kl_divergence': 9.96446704864502, 'entropy': 10.819721221923828}, {'step': 46, 'avg_l2_distance': 2.6206462383270264, 'avg_kl_divergence': 9.96446704864502, 'entropy': 10.816560745239258}, {'step': 47, 'avg_l2_distance': 2.6206462383270264, 'avg_kl_divergence': 9.96446704864502, 'entropy': 10.809100151062012}, {'step': 48, 'avg_l2_distance': 2.6206462383270264, 'avg_kl_divergence': 9.96446704864502, 'entropy': 10.782816886901855}, {'step': 49, 'avg_l2_distance': 2.6206462383270264, 'avg_kl_divergence': 9.96446704864502, 'entropy': 10.322637557983398}]",2.6206462383270264,9.96446704864502,0.0
113,policy,True,"[{'step': 0, 'avg_l2_distance': 3.030979633331299, 'avg_kl_divergence': 11.018651962280273, 'entropy': 10.82484245300293}, {'step': 1, 'avg_l2_distance': 3.030979633331299, 'avg_kl_divergence': 11.018651962280273, 'entropy': 10.82483959197998}, {'step': 2, 'avg_l2_distance': 3.030979633331299, 'avg_kl_divergence': 11.018651962280273, 'entropy': 10.824840545654297}, {'step': 3, 'avg_l2_distance': 3.030979633331299, 'avg_kl_divergence': 11.018651962280273, 'entropy': 10.824837684631348}, {'step': 4, 'avg_l2_distance': 3.030979633331299, 'avg_kl_divergence': 11.018651962280273, 'entropy': 10.824835777282715}, {'step': 5, 'avg_l2_distance': 3.030979633331299, 'avg_kl_divergence': 11.018651962280273, 'entropy': 10.824833869934082}, {'step': 6, 'avg_l2_distance': 3.030979633331299, 'avg_kl_divergence': 11.018651962280273, 'entropy': 10.824831008911133}, {'step': 7, 'avg_l2_distance': 2.9818317890167236, 'avg_kl_divergence': 13.108987808227539, 'entropy': 10.8248291015625}, {'step': 8, 'avg_l2_distance': 2.9818317890167236, 'avg_kl_divergence': 13.108987808227539, 'entropy': 10.824798583984375}, {'step': 9, 'avg_l2_distance': 2.9818317890167236, 'avg_kl_divergence': 13.108987808227539, 'entropy': 10.824795722961426}, {'step': 10, 'avg_l2_distance': 2.9818317890167236, 'avg_kl_divergence': 13.108987808227539, 'entropy': 10.824790954589844}, {'step': 11, 'avg_l2_distance': 2.9818317890167236, 'avg_kl_divergence': 13.108987808227539, 'entropy': 10.824787139892578}, {'step': 12, 'avg_l2_distance': 2.878800630569458, 'avg_kl_divergence': 13.30550765991211, 'entropy': 10.824783325195312}, {'step': 13, 'avg_l2_distance': 2.878800630569458, 'avg_kl_divergence': 13.30550765991211, 'entropy': 10.824702262878418}, {'step': 14, 'avg_l2_distance': 2.878800630569458, 'avg_kl_divergence': 13.30550765991211, 'entropy': 10.824695587158203}, {'step': 15, 'avg_l2_distance': 2.878800630569458, 'avg_kl_divergence': 13.30550765991211, 'entropy': 10.824687957763672}, {'step': 16, 'avg_l2_distance': 2.878800630569458, 'avg_kl_divergence': 13.30550765991211, 'entropy': 10.82468032836914}, {'step': 17, 'avg_l2_distance': 2.878800630569458, 'avg_kl_divergence': 13.30550765991211, 'entropy': 10.824670791625977}, {'step': 18, 'avg_l2_distance': 2.878800630569458, 'avg_kl_divergence': 13.30550765991211, 'entropy': 10.824661254882812}, {'step': 19, 'avg_l2_distance': 2.878800630569458, 'avg_kl_divergence': 13.30550765991211, 'entropy': 10.824649810791016}, {'step': 20, 'avg_l2_distance': 2.878800630569458, 'avg_kl_divergence': 13.30550765991211, 'entropy': 10.824638366699219}, {'step': 21, 'avg_l2_distance': 2.878800630569458, 'avg_kl_divergence': 13.30550765991211, 'entropy': 10.824626922607422}, {'step': 22, 'avg_l2_distance': 2.878800630569458, 'avg_kl_divergence': 13.30550765991211, 'entropy': 10.824613571166992}, {'step': 23, 'avg_l2_distance': 2.878800630569458, 'avg_kl_divergence': 13.30550765991211, 'entropy': 10.824596405029297}, {'step': 24, 'avg_l2_distance': 2.878800630569458, 'avg_kl_divergence': 13.30550765991211, 'entropy': 10.824579238891602}, {'step': 25, 'avg_l2_distance': 2.878800630569458, 'avg_kl_divergence': 13.30550765991211, 'entropy': 10.824560165405273}, {'step': 26, 'avg_l2_distance': 2.878800630569458, 'avg_kl_divergence': 13.30550765991211, 'entropy': 10.824540138244629}, {'step': 27, 'avg_l2_distance': 2.878800630569458, 'avg_kl_divergence': 13.30550765991211, 'entropy': 10.824516296386719}, {'step': 28, 'avg_l2_distance': 2.878800630569458, 'avg_kl_divergence': 13.30550765991211, 'entropy': 10.82448959350586}, {'step': 29, 'avg_l2_distance': 2.878800630569458, 'avg_kl_divergence': 13.30550765991211, 'entropy': 10.824457168579102}, {'step': 30, 'avg_l2_distance': 2.878800630569458, 'avg_kl_divergence': 13.30550765991211, 'entropy': 10.824422836303711}, {'step': 31, 'avg_l2_distance': 2.879210948944092, 'avg_kl_divergence': 15.59762954711914, 'entropy': 10.824381828308105}, {'step': 32, 'avg_l2_distance': 2.879210948944092, 'avg_kl_divergence': 15.59762954711914, 'entropy': 10.8244047164917}, {'step': 33, 'avg_l2_distance': 2.879210948944092, 'avg_kl_divergence': 15.59762954711914, 'entropy': 10.82435417175293}, {'step': 34, 'avg_l2_distance': 2.879210948944092, 'avg_kl_divergence': 15.59762954711914, 'entropy': 10.82429313659668}, {'step': 35, 'avg_l2_distance': 2.879210948944092, 'avg_kl_divergence': 15.59762954711914, 'entropy': 10.824220657348633}, {'step': 36, 'avg_l2_distance': 2.879210948944092, 'avg_kl_divergence': 15.59762954711914, 'entropy': 10.824132919311523}, {'step': 37, 'avg_l2_distance': 2.879210948944092, 'avg_kl_divergence': 15.59762954711914, 'entropy': 10.824026107788086}, {'step': 38, 'avg_l2_distance': 2.879210948944092, 'avg_kl_divergence': 15.59762954711914, 'entropy': 10.823887825012207}, {'step': 39, 'avg_l2_distance': 2.879210948944092, 'avg_kl_divergence': 15.59762954711914, 'entropy': 10.823713302612305}, {'step': 40, 'avg_l2_distance': 3.0795724391937256, 'avg_kl_divergence': 12.898301124572754, 'entropy': 10.823485374450684}, {'step': 41, 'avg_l2_distance': 3.0795724391937256, 'avg_kl_divergence': 12.898301124572754, 'entropy': 10.823895454406738}, {'step': 42, 'avg_l2_distance': 3.0795724391937256, 'avg_kl_divergence': 12.898301124572754, 'entropy': 10.823627471923828}, {'step': 43, 'avg_l2_distance': 3.0795724391937256, 'avg_kl_divergence': 12.898301124572754, 'entropy': 10.823232650756836}, {'step': 44, 'avg_l2_distance': 3.0795724391937256, 'avg_kl_divergence': 12.898301124572754, 'entropy': 10.822611808776855}, {'step': 45, 'avg_l2_distance': 3.0795724391937256, 'avg_kl_divergence': 12.898301124572754, 'entropy': 10.821551322937012}, {'step': 46, 'avg_l2_distance': 3.0795724391937256, 'avg_kl_divergence': 12.898301124572754, 'entropy': 10.819499969482422}, {'step': 47, 'avg_l2_distance': 2.958375930786133, 'avg_kl_divergence': 10.17812442779541, 'entropy': 10.814624786376953}, {'step': 48, 'avg_l2_distance': 2.958375930786133, 'avg_kl_divergence': 10.17812442779541, 'entropy': 10.774245262145996}, {'step': 49, 'avg_l2_distance': 2.958375930786133, 'avg_kl_divergence': 10.17812442779541, 'entropy': 10.233846664428711}]",2.958375930786133,10.17812442779541,0.0
114,policy,True,"[{'step': 0, 'avg_l2_distance': 2.9901320934295654, 'avg_kl_divergence': 16.343212127685547, 'entropy': 10.824817657470703}, {'step': 1, 'avg_l2_distance': 2.9901320934295654, 'avg_kl_divergence': 16.343212127685547, 'entropy': 10.82481575012207}, {'step': 2, 'avg_l2_distance': 2.7951033115386963, 'avg_kl_divergence': 11.363919258117676, 'entropy': 10.82481575012207}, {'step': 3, 'avg_l2_distance': 2.7951033115386963, 'avg_kl_divergence': 11.363919258117676, 'entropy': 10.824801445007324}, {'step': 4, 'avg_l2_distance': 2.7951033115386963, 'avg_kl_divergence': 11.363919258117676, 'entropy': 10.824798583984375}, {'step': 5, 'avg_l2_distance': 3.1158342361450195, 'avg_kl_divergence': 7.896100044250488, 'entropy': 10.824795722961426}, {'step': 6, 'avg_l2_distance': 3.1158342361450195, 'avg_kl_divergence': 7.896100044250488, 'entropy': 10.824773788452148}, {'step': 7, 'avg_l2_distance': 2.891432285308838, 'avg_kl_divergence': 2.2746660709381104, 'entropy': 10.824769973754883}, {'step': 8, 'avg_l2_distance': 2.891432285308838, 'avg_kl_divergence': 2.2746660709381104, 'entropy': 10.824756622314453}, {'step': 9, 'avg_l2_distance': 2.891432285308838, 'avg_kl_divergence': 2.2746660709381104, 'entropy': 10.824751853942871}, {'step': 10, 'avg_l2_distance': 2.891432285308838, 'avg_kl_divergence': 2.2746660709381104, 'entropy': 10.824747085571289}, {'step': 11, 'avg_l2_distance': 2.891432285308838, 'avg_kl_divergence': 2.2746660709381104, 'entropy': 10.82474136352539}, {'step': 12, 'avg_l2_distance': 2.891432285308838, 'avg_kl_divergence': 2.2746660709381104, 'entropy': 10.82473373413086}, {'step': 13, 'avg_l2_distance': 2.7093448638916016, 'avg_kl_divergence': 8.729292869567871, 'entropy': 10.824727058410645}, {'step': 14, 'avg_l2_distance': 2.7093448638916016, 'avg_kl_divergence': 8.729292869567871, 'entropy': 10.824642181396484}, {'step': 15, 'avg_l2_distance': 2.7093448638916016, 'avg_kl_divergence': 8.729292869567871, 'entropy': 10.82463264465332}, {'step': 16, 'avg_l2_distance': 2.7093448638916016, 'avg_kl_divergence': 8.729292869567871, 'entropy': 10.82462215423584}, {'step': 17, 'avg_l2_distance': 2.7093448638916016, 'avg_kl_divergence': 8.729292869567871, 'entropy': 10.824609756469727}, {'step': 18, 'avg_l2_distance': 2.7093448638916016, 'avg_kl_divergence': 8.729292869567871, 'entropy': 10.824596405029297}, {'step': 19, 'avg_l2_distance': 2.7093448638916016, 'avg_kl_divergence': 8.729292869567871, 'entropy': 10.82458209991455}, {'step': 20, 'avg_l2_distance': 2.7093448638916016, 'avg_kl_divergence': 8.729292869567871, 'entropy': 10.824566841125488}, {'step': 21, 'avg_l2_distance': 2.7093448638916016, 'avg_kl_divergence': 8.729292869567871, 'entropy': 10.824548721313477}, {'step': 22, 'avg_l2_distance': 2.7093448638916016, 'avg_kl_divergence': 8.729292869567871, 'entropy': 10.824529647827148}, {'step': 23, 'avg_l2_distance': 2.7093448638916016, 'avg_kl_divergence': 8.729292869567871, 'entropy': 10.824508666992188}, {'step': 24, 'avg_l2_distance': 2.7093448638916016, 'avg_kl_divergence': 8.729292869567871, 'entropy': 10.824484825134277}, {'step': 25, 'avg_l2_distance': 2.7093448638916016, 'avg_kl_divergence': 8.729292869567871, 'entropy': 10.824459075927734}, {'step': 26, 'avg_l2_distance': 2.7093448638916016, 'avg_kl_divergence': 8.729292869567871, 'entropy': 10.824430465698242}, {'step': 27, 'avg_l2_distance': 2.7093448638916016, 'avg_kl_divergence': 8.729292869567871, 'entropy': 10.824398040771484}, {'step': 28, 'avg_l2_distance': 2.7093448638916016, 'avg_kl_divergence': 8.729292869567871, 'entropy': 10.824359893798828}, {'step': 29, 'avg_l2_distance': 2.7093448638916016, 'avg_kl_divergence': 8.729292869567871, 'entropy': 10.82431697845459}, {'step': 30, 'avg_l2_distance': 2.7093448638916016, 'avg_kl_divergence': 8.729292869567871, 'entropy': 10.824268341064453}, {'step': 31, 'avg_l2_distance': 2.7093448638916016, 'avg_kl_divergence': 8.729292869567871, 'entropy': 10.824213027954102}, {'step': 32, 'avg_l2_distance': 2.7093448638916016, 'avg_kl_divergence': 8.729292869567871, 'entropy': 10.824148178100586}, {'step': 33, 'avg_l2_distance': 2.7093448638916016, 'avg_kl_divergence': 8.729292869567871, 'entropy': 10.824071884155273}, {'step': 34, 'avg_l2_distance': 2.7093448638916016, 'avg_kl_divergence': 8.729292869567871, 'entropy': 10.823982238769531}, {'step': 35, 'avg_l2_distance': 2.7093448638916016, 'avg_kl_divergence': 8.729292869567871, 'entropy': 10.823872566223145}, {'step': 36, 'avg_l2_distance': 2.7093448638916016, 'avg_kl_divergence': 8.729292869567871, 'entropy': 10.823741912841797}, {'step': 37, 'avg_l2_distance': 2.7093448638916016, 'avg_kl_divergence': 8.729292869567871, 'entropy': 10.823580741882324}, {'step': 38, 'avg_l2_distance': 2.7093448638916016, 'avg_kl_divergence': 8.729292869567871, 'entropy': 10.82337760925293}, {'step': 39, 'avg_l2_distance': 2.9615461826324463, 'avg_kl_divergence': 5.058624744415283, 'entropy': 10.823119163513184}, {'step': 40, 'avg_l2_distance': 2.9615461826324463, 'avg_kl_divergence': 5.058624744415283, 'entropy': 10.823965072631836}, {'step': 41, 'avg_l2_distance': 2.9615461826324463, 'avg_kl_divergence': 5.058624744415283, 'entropy': 10.823735237121582}, {'step': 42, 'avg_l2_distance': 2.9615461826324463, 'avg_kl_divergence': 5.058624744415283, 'entropy': 10.82341480255127}, {'step': 43, 'avg_l2_distance': 2.9615461826324463, 'avg_kl_divergence': 5.058624744415283, 'entropy': 10.8229398727417}, {'step': 44, 'avg_l2_distance': 2.9512386322021484, 'avg_kl_divergence': 8.275001525878906, 'entropy': 10.822195053100586}, {'step': 45, 'avg_l2_distance': 2.9512386322021484, 'avg_kl_divergence': 8.275001525878906, 'entropy': 10.818257331848145}, {'step': 46, 'avg_l2_distance': 2.9512386322021484, 'avg_kl_divergence': 8.275001525878906, 'entropy': 10.814319610595703}, {'step': 47, 'avg_l2_distance': 2.9512386322021484, 'avg_kl_divergence': 8.275001525878906, 'entropy': 10.805074691772461}, {'step': 48, 'avg_l2_distance': 2.9512386322021484, 'avg_kl_divergence': 8.275001525878906, 'entropy': 10.772724151611328}, {'step': 49, 'avg_l2_distance': 2.9512386322021484, 'avg_kl_divergence': 8.275001525878906, 'entropy': 10.30560302734375}]",2.9512386322021484,8.275001525878906,0.0
115,policy,True,"[{'step': 0, 'avg_l2_distance': 2.008016347885132, 'avg_kl_divergence': 11.322793006896973, 'entropy': 10.824817657470703}, {'step': 1, 'avg_l2_distance': 2.008016347885132, 'avg_kl_divergence': 11.322793006896973, 'entropy': 10.824813842773438}, {'step': 2, 'avg_l2_distance': 2.008016347885132, 'avg_kl_divergence': 11.322793006896973, 'entropy': 10.824812889099121}, {'step': 3, 'avg_l2_distance': 2.008016347885132, 'avg_kl_divergence': 11.322793006896973, 'entropy': 10.824808120727539}, {'step': 4, 'avg_l2_distance': 2.008016347885132, 'avg_kl_divergence': 11.322793006896973, 'entropy': 10.824806213378906}, {'step': 5, 'avg_l2_distance': 2.008016347885132, 'avg_kl_divergence': 11.322793006896973, 'entropy': 10.824804306030273}, {'step': 6, 'avg_l2_distance': 2.008016347885132, 'avg_kl_divergence': 11.322793006896973, 'entropy': 10.824799537658691}, {'step': 7, 'avg_l2_distance': 2.008016347885132, 'avg_kl_divergence': 11.322793006896973, 'entropy': 10.824796676635742}, {'step': 8, 'avg_l2_distance': 2.008016347885132, 'avg_kl_divergence': 11.322793006896973, 'entropy': 10.824790954589844}, {'step': 9, 'avg_l2_distance': 2.008016347885132, 'avg_kl_divergence': 11.322793006896973, 'entropy': 10.824787139892578}, {'step': 10, 'avg_l2_distance': 2.008016347885132, 'avg_kl_divergence': 11.322793006896973, 'entropy': 10.824782371520996}, {'step': 11, 'avg_l2_distance': 2.008016347885132, 'avg_kl_divergence': 11.322793006896973, 'entropy': 10.824777603149414}, {'step': 12, 'avg_l2_distance': 2.008016347885132, 'avg_kl_divergence': 11.322793006896973, 'entropy': 10.824771881103516}, {'step': 13, 'avg_l2_distance': 2.008016347885132, 'avg_kl_divergence': 11.322793006896973, 'entropy': 10.824766159057617}, {'step': 14, 'avg_l2_distance': 2.008016347885132, 'avg_kl_divergence': 11.322793006896973, 'entropy': 10.824760437011719}, {'step': 15, 'avg_l2_distance': 2.008016347885132, 'avg_kl_divergence': 11.322793006896973, 'entropy': 10.824752807617188}, {'step': 16, 'avg_l2_distance': 2.008016347885132, 'avg_kl_divergence': 11.322793006896973, 'entropy': 10.824747085571289}, {'step': 17, 'avg_l2_distance': 2.008016347885132, 'avg_kl_divergence': 11.322793006896973, 'entropy': 10.824737548828125}, {'step': 18, 'avg_l2_distance': 2.008016347885132, 'avg_kl_divergence': 11.322793006896973, 'entropy': 10.824728012084961}, {'step': 19, 'avg_l2_distance': 2.008016347885132, 'avg_kl_divergence': 11.322793006896973, 'entropy': 10.824718475341797}, {'step': 20, 'avg_l2_distance': 2.008016347885132, 'avg_kl_divergence': 11.322793006896973, 'entropy': 10.82470703125}, {'step': 21, 'avg_l2_distance': 2.008016347885132, 'avg_kl_divergence': 11.322793006896973, 'entropy': 10.824694633483887}, {'step': 22, 'avg_l2_distance': 2.008016347885132, 'avg_kl_divergence': 11.322793006896973, 'entropy': 10.82468032836914}, {'step': 23, 'avg_l2_distance': 1.7459646463394165, 'avg_kl_divergence': 14.223066329956055, 'entropy': 10.824666023254395}, {'step': 24, 'avg_l2_distance': 1.7459646463394165, 'avg_kl_divergence': 14.223066329956055, 'entropy': 10.824590682983398}, {'step': 25, 'avg_l2_distance': 1.7459646463394165, 'avg_kl_divergence': 14.223066329956055, 'entropy': 10.82457160949707}, {'step': 26, 'avg_l2_distance': 1.7459646463394165, 'avg_kl_divergence': 14.223066329956055, 'entropy': 10.82455062866211}, {'step': 27, 'avg_l2_distance': 1.7459646463394165, 'avg_kl_divergence': 14.223066329956055, 'entropy': 10.824528694152832}, {'step': 28, 'avg_l2_distance': 1.7459646463394165, 'avg_kl_divergence': 14.223066329956055, 'entropy': 10.824502944946289}, {'step': 29, 'avg_l2_distance': 1.7459646463394165, 'avg_kl_divergence': 14.223066329956055, 'entropy': 10.824472427368164}, {'step': 30, 'avg_l2_distance': 1.7459646463394165, 'avg_kl_divergence': 14.223066329956055, 'entropy': 10.824440002441406}, {'step': 31, 'avg_l2_distance': 1.7459646463394165, 'avg_kl_divergence': 14.223066329956055, 'entropy': 10.824399948120117}, {'step': 32, 'avg_l2_distance': 1.7459646463394165, 'avg_kl_divergence': 14.223066329956055, 'entropy': 10.82435417175293}, {'step': 33, 'avg_l2_distance': 1.7459646463394165, 'avg_kl_divergence': 14.223066329956055, 'entropy': 10.824300765991211}, {'step': 34, 'avg_l2_distance': 1.7459646463394165, 'avg_kl_divergence': 14.223066329956055, 'entropy': 10.824239730834961}, {'step': 35, 'avg_l2_distance': 1.7459646463394165, 'avg_kl_divergence': 14.223066329956055, 'entropy': 10.824161529541016}, {'step': 36, 'avg_l2_distance': 1.7459646463394165, 'avg_kl_divergence': 14.223066329956055, 'entropy': 10.82406997680664}, {'step': 37, 'avg_l2_distance': 1.7459646463394165, 'avg_kl_divergence': 14.223066329956055, 'entropy': 10.823957443237305}, {'step': 38, 'avg_l2_distance': 1.7459646463394165, 'avg_kl_divergence': 14.223066329956055, 'entropy': 10.823814392089844}, {'step': 39, 'avg_l2_distance': 1.7459646463394165, 'avg_kl_divergence': 14.223066329956055, 'entropy': 10.823631286621094}, {'step': 40, 'avg_l2_distance': 1.7459646463394165, 'avg_kl_divergence': 14.223066329956055, 'entropy': 10.823394775390625}, {'step': 41, 'avg_l2_distance': 1.7459646463394165, 'avg_kl_divergence': 14.223066329956055, 'entropy': 10.823074340820312}, {'step': 42, 'avg_l2_distance': 1.7459646463394165, 'avg_kl_divergence': 14.223066329956055, 'entropy': 10.822628021240234}, {'step': 43, 'avg_l2_distance': 1.7459646463394165, 'avg_kl_divergence': 14.223066329956055, 'entropy': 10.82197380065918}, {'step': 44, 'avg_l2_distance': 1.7459646463394165, 'avg_kl_divergence': 14.223066329956055, 'entropy': 10.820958137512207}, {'step': 45, 'avg_l2_distance': 1.7459646463394165, 'avg_kl_divergence': 14.223066329956055, 'entropy': 10.81924057006836}, {'step': 46, 'avg_l2_distance': 1.7459646463394165, 'avg_kl_divergence': 14.223066329956055, 'entropy': 10.815956115722656}, {'step': 47, 'avg_l2_distance': 1.7459646463394165, 'avg_kl_divergence': 14.223066329956055, 'entropy': 10.808226585388184}, {'step': 48, 'avg_l2_distance': 1.7459646463394165, 'avg_kl_divergence': 14.223066329956055, 'entropy': 10.780898094177246}, {'step': 49, 'avg_l2_distance': 1.7459646463394165, 'avg_kl_divergence': 14.223066329956055, 'entropy': 10.401710510253906}]",1.7459646463394165,14.223066329956055,0.0
116,policy,True,"[{'step': 0, 'avg_l2_distance': 2.9741218090057373, 'avg_kl_divergence': 8.781331062316895, 'entropy': 10.824837684631348}, {'step': 1, 'avg_l2_distance': 2.787391185760498, 'avg_kl_divergence': 8.190235137939453, 'entropy': 10.824835777282715}, {'step': 2, 'avg_l2_distance': 2.787391185760498, 'avg_kl_divergence': 8.190235137939453, 'entropy': 10.824817657470703}, {'step': 3, 'avg_l2_distance': 2.787391185760498, 'avg_kl_divergence': 8.190235137939453, 'entropy': 10.824817657470703}, {'step': 4, 'avg_l2_distance': 2.787391185760498, 'avg_kl_divergence': 8.190235137939453, 'entropy': 10.824814796447754}, {'step': 5, 'avg_l2_distance': 2.787391185760498, 'avg_kl_divergence': 8.190235137939453, 'entropy': 10.824812889099121}, {'step': 6, 'avg_l2_distance': 2.787391185760498, 'avg_kl_divergence': 8.190235137939453, 'entropy': 10.824810028076172}, {'step': 7, 'avg_l2_distance': 2.787391185760498, 'avg_kl_divergence': 8.190235137939453, 'entropy': 10.824808120727539}, {'step': 8, 'avg_l2_distance': 2.787391185760498, 'avg_kl_divergence': 8.190235137939453, 'entropy': 10.824804306030273}, {'step': 9, 'avg_l2_distance': 2.787391185760498, 'avg_kl_divergence': 8.190235137939453, 'entropy': 10.82480239868164}, {'step': 10, 'avg_l2_distance': 2.787391185760498, 'avg_kl_divergence': 8.190235137939453, 'entropy': 10.824799537658691}, {'step': 11, 'avg_l2_distance': 2.787391185760498, 'avg_kl_divergence': 8.190235137939453, 'entropy': 10.824796676635742}, {'step': 12, 'avg_l2_distance': 2.787391185760498, 'avg_kl_divergence': 8.190235137939453, 'entropy': 10.824792861938477}, {'step': 13, 'avg_l2_distance': 2.787391185760498, 'avg_kl_divergence': 8.190235137939453, 'entropy': 10.824789047241211}, {'step': 14, 'avg_l2_distance': 2.787391185760498, 'avg_kl_divergence': 8.190235137939453, 'entropy': 10.824785232543945}, {'step': 15, 'avg_l2_distance': 2.787391185760498, 'avg_kl_divergence': 8.190235137939453, 'entropy': 10.82478141784668}, {'step': 16, 'avg_l2_distance': 2.787391185760498, 'avg_kl_divergence': 8.190235137939453, 'entropy': 10.824775695800781}, {'step': 17, 'avg_l2_distance': 2.787391185760498, 'avg_kl_divergence': 8.190235137939453, 'entropy': 10.824771881103516}, {'step': 18, 'avg_l2_distance': 2.787391185760498, 'avg_kl_divergence': 8.190235137939453, 'entropy': 10.8247652053833}, {'step': 19, 'avg_l2_distance': 2.787391185760498, 'avg_kl_divergence': 8.190235137939453, 'entropy': 10.824759483337402}, {'step': 20, 'avg_l2_distance': 2.787391185760498, 'avg_kl_divergence': 8.190235137939453, 'entropy': 10.824750900268555}, {'step': 21, 'avg_l2_distance': 2.787391185760498, 'avg_kl_divergence': 8.190235137939453, 'entropy': 10.824745178222656}, {'step': 22, 'avg_l2_distance': 2.787391185760498, 'avg_kl_divergence': 8.190235137939453, 'entropy': 10.824736595153809}, {'step': 23, 'avg_l2_distance': 2.787391185760498, 'avg_kl_divergence': 8.190235137939453, 'entropy': 10.824727058410645}, {'step': 24, 'avg_l2_distance': 2.787391185760498, 'avg_kl_divergence': 8.190235137939453, 'entropy': 10.824716567993164}, {'step': 25, 'avg_l2_distance': 2.787391185760498, 'avg_kl_divergence': 8.190235137939453, 'entropy': 10.82470417022705}, {'step': 26, 'avg_l2_distance': 2.787391185760498, 'avg_kl_divergence': 8.190235137939453, 'entropy': 10.824690818786621}, {'step': 27, 'avg_l2_distance': 2.787391185760498, 'avg_kl_divergence': 8.190235137939453, 'entropy': 10.824674606323242}, {'step': 28, 'avg_l2_distance': 2.787391185760498, 'avg_kl_divergence': 8.190235137939453, 'entropy': 10.824658393859863}, {'step': 29, 'avg_l2_distance': 2.787391185760498, 'avg_kl_divergence': 8.190235137939453, 'entropy': 10.824638366699219}, {'step': 30, 'avg_l2_distance': 2.787391185760498, 'avg_kl_divergence': 8.190235137939453, 'entropy': 10.824616432189941}, {'step': 31, 'avg_l2_distance': 2.787391185760498, 'avg_kl_divergence': 8.190235137939453, 'entropy': 10.824590682983398}, {'step': 32, 'avg_l2_distance': 2.787391185760498, 'avg_kl_divergence': 8.190235137939453, 'entropy': 10.824560165405273}, {'step': 33, 'avg_l2_distance': 2.787391185760498, 'avg_kl_divergence': 8.190235137939453, 'entropy': 10.82452392578125}, {'step': 34, 'avg_l2_distance': 2.787391185760498, 'avg_kl_divergence': 8.190235137939453, 'entropy': 10.824480056762695}, {'step': 35, 'avg_l2_distance': 2.787391185760498, 'avg_kl_divergence': 8.190235137939453, 'entropy': 10.82442855834961}, {'step': 36, 'avg_l2_distance': 2.787391185760498, 'avg_kl_divergence': 8.190235137939453, 'entropy': 10.824365615844727}, {'step': 37, 'avg_l2_distance': 2.787391185760498, 'avg_kl_divergence': 8.190235137939453, 'entropy': 10.824287414550781}, {'step': 38, 'avg_l2_distance': 2.787391185760498, 'avg_kl_divergence': 8.190235137939453, 'entropy': 10.824188232421875}, {'step': 39, 'avg_l2_distance': 2.787391185760498, 'avg_kl_divergence': 8.190235137939453, 'entropy': 10.824060440063477}, {'step': 40, 'avg_l2_distance': 2.787391185760498, 'avg_kl_divergence': 8.190235137939453, 'entropy': 10.823895454406738}, {'step': 41, 'avg_l2_distance': 2.787391185760498, 'avg_kl_divergence': 8.190235137939453, 'entropy': 10.82366943359375}, {'step': 42, 'avg_l2_distance': 2.787391185760498, 'avg_kl_divergence': 8.190235137939453, 'entropy': 10.823352813720703}, {'step': 43, 'avg_l2_distance': 2.787391185760498, 'avg_kl_divergence': 8.190235137939453, 'entropy': 10.822887420654297}, {'step': 44, 'avg_l2_distance': 2.787391185760498, 'avg_kl_divergence': 8.190235137939453, 'entropy': 10.822164535522461}, {'step': 45, 'avg_l2_distance': 2.787391185760498, 'avg_kl_divergence': 8.190235137939453, 'entropy': 10.820941925048828}, {'step': 46, 'avg_l2_distance': 2.787391185760498, 'avg_kl_divergence': 8.190235137939453, 'entropy': 10.818596839904785}, {'step': 47, 'avg_l2_distance': 2.787391185760498, 'avg_kl_divergence': 8.190235137939453, 'entropy': 10.81308364868164}, {'step': 48, 'avg_l2_distance': 2.787391185760498, 'avg_kl_divergence': 8.190235137939453, 'entropy': 10.793449401855469}, {'step': 49, 'avg_l2_distance': 2.787391185760498, 'avg_kl_divergence': 8.190235137939453, 'entropy': 9.9241943359375}]",2.787391185760498,8.190235137939453,0.0
117,policy,True,"[{'step': 0, 'avg_l2_distance': 2.6899471282958984, 'avg_kl_divergence': 2.5189740657806396, 'entropy': 10.824850082397461}, {'step': 1, 'avg_l2_distance': 2.624084234237671, 'avg_kl_divergence': 0.5970518589019775, 'entropy': 10.824849128723145}, {'step': 2, 'avg_l2_distance': 2.624084234237671, 'avg_kl_divergence': 0.5970518589019775, 'entropy': 10.824825286865234}, {'step': 3, 'avg_l2_distance': 2.624084234237671, 'avg_kl_divergence': 0.5970518589019775, 'entropy': 10.824821472167969}, {'step': 4, 'avg_l2_distance': 2.624084234237671, 'avg_kl_divergence': 0.5970518589019775, 'entropy': 10.824820518493652}, {'step': 5, 'avg_l2_distance': 2.5163631439208984, 'avg_kl_divergence': 4.543140888214111, 'entropy': 10.824817657470703}, {'step': 6, 'avg_l2_distance': 2.5163631439208984, 'avg_kl_divergence': 4.543140888214111, 'entropy': 10.824833869934082}, {'step': 7, 'avg_l2_distance': 2.5139997005462646, 'avg_kl_divergence': 3.79779314994812, 'entropy': 10.82483196258545}, {'step': 8, 'avg_l2_distance': 2.5139997005462646, 'avg_kl_divergence': 3.79779314994812, 'entropy': 10.824811935424805}, {'step': 9, 'avg_l2_distance': 2.5139997005462646, 'avg_kl_divergence': 3.79779314994812, 'entropy': 10.824807167053223}, {'step': 10, 'avg_l2_distance': 2.5139997005462646, 'avg_kl_divergence': 3.79779314994812, 'entropy': 10.824806213378906}, {'step': 11, 'avg_l2_distance': 2.5139997005462646, 'avg_kl_divergence': 3.79779314994812, 'entropy': 10.82480239868164}, {'step': 12, 'avg_l2_distance': 2.5139997005462646, 'avg_kl_divergence': 3.79779314994812, 'entropy': 10.824797630310059}, {'step': 13, 'avg_l2_distance': 2.5139997005462646, 'avg_kl_divergence': 3.79779314994812, 'entropy': 10.82479476928711}, {'step': 14, 'avg_l2_distance': 2.5139997005462646, 'avg_kl_divergence': 3.79779314994812, 'entropy': 10.824789047241211}, {'step': 15, 'avg_l2_distance': 2.994044542312622, 'avg_kl_divergence': 6.300710201263428, 'entropy': 10.824785232543945}, {'step': 16, 'avg_l2_distance': 2.575603723526001, 'avg_kl_divergence': 5.8524699211120605, 'entropy': 10.824808120727539}, {'step': 17, 'avg_l2_distance': 2.575603723526001, 'avg_kl_divergence': 5.8524699211120605, 'entropy': 10.82468032836914}, {'step': 18, 'avg_l2_distance': 2.575603723526001, 'avg_kl_divergence': 5.8524699211120605, 'entropy': 10.824670791625977}, {'step': 19, 'avg_l2_distance': 2.575603723526001, 'avg_kl_divergence': 5.8524699211120605, 'entropy': 10.82465934753418}, {'step': 20, 'avg_l2_distance': 2.575603723526001, 'avg_kl_divergence': 5.8524699211120605, 'entropy': 10.824646949768066}, {'step': 21, 'avg_l2_distance': 2.575603723526001, 'avg_kl_divergence': 5.8524699211120605, 'entropy': 10.824634552001953}, {'step': 22, 'avg_l2_distance': 2.575603723526001, 'avg_kl_divergence': 5.8524699211120605, 'entropy': 10.82461929321289}, {'step': 23, 'avg_l2_distance': 2.575603723526001, 'avg_kl_divergence': 5.8524699211120605, 'entropy': 10.824602127075195}, {'step': 24, 'avg_l2_distance': 2.575603723526001, 'avg_kl_divergence': 5.8524699211120605, 'entropy': 10.824583053588867}, {'step': 25, 'avg_l2_distance': 2.575603723526001, 'avg_kl_divergence': 5.8524699211120605, 'entropy': 10.824562072753906}, {'step': 26, 'avg_l2_distance': 2.575603723526001, 'avg_kl_divergence': 5.8524699211120605, 'entropy': 10.824539184570312}, {'step': 27, 'avg_l2_distance': 2.575603723526001, 'avg_kl_divergence': 5.8524699211120605, 'entropy': 10.824512481689453}, {'step': 28, 'avg_l2_distance': 2.575603723526001, 'avg_kl_divergence': 5.8524699211120605, 'entropy': 10.824483871459961}, {'step': 29, 'avg_l2_distance': 2.575603723526001, 'avg_kl_divergence': 5.8524699211120605, 'entropy': 10.82444953918457}, {'step': 30, 'avg_l2_distance': 2.575603723526001, 'avg_kl_divergence': 5.8524699211120605, 'entropy': 10.824409484863281}, {'step': 31, 'avg_l2_distance': 2.575603723526001, 'avg_kl_divergence': 5.8524699211120605, 'entropy': 10.824365615844727}, {'step': 32, 'avg_l2_distance': 2.575603723526001, 'avg_kl_divergence': 5.8524699211120605, 'entropy': 10.824310302734375}, {'step': 33, 'avg_l2_distance': 2.575603723526001, 'avg_kl_divergence': 5.8524699211120605, 'entropy': 10.824249267578125}, {'step': 34, 'avg_l2_distance': 2.575603723526001, 'avg_kl_divergence': 5.8524699211120605, 'entropy': 10.824174880981445}, {'step': 35, 'avg_l2_distance': 2.575603723526001, 'avg_kl_divergence': 5.8524699211120605, 'entropy': 10.824087142944336}, {'step': 36, 'avg_l2_distance': 2.575603723526001, 'avg_kl_divergence': 5.8524699211120605, 'entropy': 10.823978424072266}, {'step': 37, 'avg_l2_distance': 2.575603723526001, 'avg_kl_divergence': 5.8524699211120605, 'entropy': 10.823843002319336}, {'step': 38, 'avg_l2_distance': 2.575603723526001, 'avg_kl_divergence': 5.8524699211120605, 'entropy': 10.823675155639648}, {'step': 39, 'avg_l2_distance': 2.575603723526001, 'avg_kl_divergence': 5.8524699211120605, 'entropy': 10.823460578918457}, {'step': 40, 'avg_l2_distance': 2.575603723526001, 'avg_kl_divergence': 5.8524699211120605, 'entropy': 10.823176383972168}, {'step': 41, 'avg_l2_distance': 2.575603723526001, 'avg_kl_divergence': 5.8524699211120605, 'entropy': 10.822793006896973}, {'step': 42, 'avg_l2_distance': 2.575603723526001, 'avg_kl_divergence': 5.8524699211120605, 'entropy': 10.822257995605469}, {'step': 43, 'avg_l2_distance': 2.575603723526001, 'avg_kl_divergence': 5.8524699211120605, 'entropy': 10.821471214294434}, {'step': 44, 'avg_l2_distance': 2.575603723526001, 'avg_kl_divergence': 5.8524699211120605, 'entropy': 10.820244789123535}, {'step': 45, 'avg_l2_distance': 2.575603723526001, 'avg_kl_divergence': 5.8524699211120605, 'entropy': 10.818168640136719}, {'step': 46, 'avg_l2_distance': 2.575603723526001, 'avg_kl_divergence': 5.8524699211120605, 'entropy': 10.81418514251709}, {'step': 47, 'avg_l2_distance': 2.542236804962158, 'avg_kl_divergence': 5.662732124328613, 'entropy': 10.804815292358398}, {'step': 48, 'avg_l2_distance': 2.542236804962158, 'avg_kl_divergence': 5.662732124328613, 'entropy': 10.779809951782227}, {'step': 49, 'avg_l2_distance': 2.542236804962158, 'avg_kl_divergence': 5.662732124328613, 'entropy': 10.334449768066406}]",2.542236804962158,5.662732124328613,0.0
118,policy,True,"[{'step': 0, 'avg_l2_distance': 2.911133289337158, 'avg_kl_divergence': 5.161590099334717, 'entropy': 10.824823379516602}, {'step': 1, 'avg_l2_distance': 2.911133289337158, 'avg_kl_divergence': 5.161590099334717, 'entropy': 10.824819564819336}, {'step': 2, 'avg_l2_distance': 2.911133289337158, 'avg_kl_divergence': 5.161590099334717, 'entropy': 10.824816703796387}, {'step': 3, 'avg_l2_distance': 2.911133289337158, 'avg_kl_divergence': 5.161590099334717, 'entropy': 10.824814796447754}, {'step': 4, 'avg_l2_distance': 2.911133289337158, 'avg_kl_divergence': 5.161590099334717, 'entropy': 10.824813842773438}, {'step': 5, 'avg_l2_distance': 2.328730344772339, 'avg_kl_divergence': 12.115209579467773, 'entropy': 10.824811935424805}, {'step': 6, 'avg_l2_distance': 2.328730344772339, 'avg_kl_divergence': 12.115209579467773, 'entropy': 10.824810028076172}, {'step': 7, 'avg_l2_distance': 2.328730344772339, 'avg_kl_divergence': 12.115209579467773, 'entropy': 10.824807167053223}, {'step': 8, 'avg_l2_distance': 2.328730344772339, 'avg_kl_divergence': 12.115209579467773, 'entropy': 10.824804306030273}, {'step': 9, 'avg_l2_distance': 2.328730344772339, 'avg_kl_divergence': 12.115209579467773, 'entropy': 10.824801445007324}, {'step': 10, 'avg_l2_distance': 2.328730344772339, 'avg_kl_divergence': 12.115209579467773, 'entropy': 10.824796676635742}, {'step': 11, 'avg_l2_distance': 2.328730344772339, 'avg_kl_divergence': 12.115209579467773, 'entropy': 10.82479476928711}, {'step': 12, 'avg_l2_distance': 2.328730344772339, 'avg_kl_divergence': 12.115209579467773, 'entropy': 10.824790954589844}, {'step': 13, 'avg_l2_distance': 2.328730344772339, 'avg_kl_divergence': 12.115209579467773, 'entropy': 10.824785232543945}, {'step': 14, 'avg_l2_distance': 2.328730344772339, 'avg_kl_divergence': 12.115209579467773, 'entropy': 10.824780464172363}, {'step': 15, 'avg_l2_distance': 2.5661633014678955, 'avg_kl_divergence': 10.657373428344727, 'entropy': 10.824775695800781}, {'step': 16, 'avg_l2_distance': 2.5661633014678955, 'avg_kl_divergence': 10.657373428344727, 'entropy': 10.824796676635742}, {'step': 17, 'avg_l2_distance': 2.5661633014678955, 'avg_kl_divergence': 10.657373428344727, 'entropy': 10.824790954589844}, {'step': 18, 'avg_l2_distance': 2.5661633014678955, 'avg_kl_divergence': 10.657373428344727, 'entropy': 10.824786186218262}, {'step': 19, 'avg_l2_distance': 2.5661633014678955, 'avg_kl_divergence': 10.657373428344727, 'entropy': 10.824779510498047}, {'step': 20, 'avg_l2_distance': 2.5661633014678955, 'avg_kl_divergence': 10.657373428344727, 'entropy': 10.824772834777832}, {'step': 21, 'avg_l2_distance': 2.5661633014678955, 'avg_kl_divergence': 10.657373428344727, 'entropy': 10.824766159057617}, {'step': 22, 'avg_l2_distance': 2.5661633014678955, 'avg_kl_divergence': 10.657373428344727, 'entropy': 10.824756622314453}, {'step': 23, 'avg_l2_distance': 2.5661633014678955, 'avg_kl_divergence': 10.657373428344727, 'entropy': 10.824747085571289}, {'step': 24, 'avg_l2_distance': 2.5661633014678955, 'avg_kl_divergence': 10.657373428344727, 'entropy': 10.824737548828125}, {'step': 25, 'avg_l2_distance': 2.5661633014678955, 'avg_kl_divergence': 10.657373428344727, 'entropy': 10.824726104736328}, {'step': 26, 'avg_l2_distance': 2.5661633014678955, 'avg_kl_divergence': 10.657373428344727, 'entropy': 10.824711799621582}, {'step': 27, 'avg_l2_distance': 2.5661633014678955, 'avg_kl_divergence': 10.657373428344727, 'entropy': 10.824697494506836}, {'step': 28, 'avg_l2_distance': 2.5661633014678955, 'avg_kl_divergence': 10.657373428344727, 'entropy': 10.82468032836914}, {'step': 29, 'avg_l2_distance': 2.5661633014678955, 'avg_kl_divergence': 10.657373428344727, 'entropy': 10.82465934753418}, {'step': 30, 'avg_l2_distance': 2.5661633014678955, 'avg_kl_divergence': 10.657373428344727, 'entropy': 10.824636459350586}, {'step': 31, 'avg_l2_distance': 2.5661633014678955, 'avg_kl_divergence': 10.657373428344727, 'entropy': 10.824609756469727}, {'step': 32, 'avg_l2_distance': 2.5661633014678955, 'avg_kl_divergence': 10.657373428344727, 'entropy': 10.824578285217285}, {'step': 33, 'avg_l2_distance': 2.5661633014678955, 'avg_kl_divergence': 10.657373428344727, 'entropy': 10.824539184570312}, {'step': 34, 'avg_l2_distance': 2.27528715133667, 'avg_kl_divergence': 8.606365203857422, 'entropy': 10.824495315551758}, {'step': 35, 'avg_l2_distance': 2.27528715133667, 'avg_kl_divergence': 8.606365203857422, 'entropy': 10.824328422546387}, {'step': 36, 'avg_l2_distance': 2.27528715133667, 'avg_kl_divergence': 8.606365203857422, 'entropy': 10.824246406555176}, {'step': 37, 'avg_l2_distance': 2.27528715133667, 'avg_kl_divergence': 8.606365203857422, 'entropy': 10.824143409729004}, {'step': 38, 'avg_l2_distance': 2.27528715133667, 'avg_kl_divergence': 8.606365203857422, 'entropy': 10.824014663696289}, {'step': 39, 'avg_l2_distance': 2.27528715133667, 'avg_kl_divergence': 8.606365203857422, 'entropy': 10.823846817016602}, {'step': 40, 'avg_l2_distance': 2.27528715133667, 'avg_kl_divergence': 8.606365203857422, 'entropy': 10.823627471923828}, {'step': 41, 'avg_l2_distance': 2.27528715133667, 'avg_kl_divergence': 8.606365203857422, 'entropy': 10.823326110839844}, {'step': 42, 'avg_l2_distance': 2.27528715133667, 'avg_kl_divergence': 8.606365203857422, 'entropy': 10.822906494140625}, {'step': 43, 'avg_l2_distance': 2.27528715133667, 'avg_kl_divergence': 8.606365203857422, 'entropy': 10.822287559509277}, {'step': 44, 'avg_l2_distance': 2.27528715133667, 'avg_kl_divergence': 8.606365203857422, 'entropy': 10.821319580078125}, {'step': 45, 'avg_l2_distance': 2.27528715133667, 'avg_kl_divergence': 8.606365203857422, 'entropy': 10.819679260253906}, {'step': 46, 'avg_l2_distance': 2.27528715133667, 'avg_kl_divergence': 8.606365203857422, 'entropy': 10.816534996032715}, {'step': 47, 'avg_l2_distance': 2.27528715133667, 'avg_kl_divergence': 8.606365203857422, 'entropy': 10.809172630310059}, {'step': 48, 'avg_l2_distance': 2.27528715133667, 'avg_kl_divergence': 8.606365203857422, 'entropy': 10.783544540405273}, {'step': 49, 'avg_l2_distance': 2.27528715133667, 'avg_kl_divergence': 8.606365203857422, 'entropy': 10.331360816955566}]",2.27528715133667,8.606365203857422,0.0
119,policy,True,"[{'step': 0, 'avg_l2_distance': 2.4398317337036133, 'avg_kl_divergence': 6.8185858726501465, 'entropy': 10.824821472167969}, {'step': 1, 'avg_l2_distance': 1.1999022960662842, 'avg_kl_divergence': 4.465482234954834, 'entropy': 10.824819564819336}, {'step': 2, 'avg_l2_distance': 1.1999022960662842, 'avg_kl_divergence': 4.465482234954834, 'entropy': 10.824811935424805}, {'step': 3, 'avg_l2_distance': 1.1999022960662842, 'avg_kl_divergence': 4.465482234954834, 'entropy': 10.824810028076172}, {'step': 4, 'avg_l2_distance': 1.1999022960662842, 'avg_kl_divergence': 4.465482234954834, 'entropy': 10.824806213378906}, {'step': 5, 'avg_l2_distance': 1.1999022960662842, 'avg_kl_divergence': 4.465482234954834, 'entropy': 10.82480239868164}, {'step': 6, 'avg_l2_distance': 1.1999022960662842, 'avg_kl_divergence': 4.465482234954834, 'entropy': 10.824798583984375}, {'step': 7, 'avg_l2_distance': 1.1999022960662842, 'avg_kl_divergence': 4.465482234954834, 'entropy': 10.82479476928711}, {'step': 8, 'avg_l2_distance': 1.1999022960662842, 'avg_kl_divergence': 4.465482234954834, 'entropy': 10.824790000915527}, {'step': 9, 'avg_l2_distance': 1.1999022960662842, 'avg_kl_divergence': 4.465482234954834, 'entropy': 10.824786186218262}, {'step': 10, 'avg_l2_distance': 1.1999022960662842, 'avg_kl_divergence': 4.465482234954834, 'entropy': 10.824779510498047}, {'step': 11, 'avg_l2_distance': 1.1999022960662842, 'avg_kl_divergence': 4.465482234954834, 'entropy': 10.824775695800781}, {'step': 12, 'avg_l2_distance': 1.1999022960662842, 'avg_kl_divergence': 4.465482234954834, 'entropy': 10.82476806640625}, {'step': 13, 'avg_l2_distance': 1.1999022960662842, 'avg_kl_divergence': 4.465482234954834, 'entropy': 10.824763298034668}, {'step': 14, 'avg_l2_distance': 1.1999022960662842, 'avg_kl_divergence': 4.465482234954834, 'entropy': 10.824755668640137}, {'step': 15, 'avg_l2_distance': 1.1999022960662842, 'avg_kl_divergence': 4.465482234954834, 'entropy': 10.824748039245605}, {'step': 16, 'avg_l2_distance': 1.1999022960662842, 'avg_kl_divergence': 4.465482234954834, 'entropy': 10.824739456176758}, {'step': 17, 'avg_l2_distance': 1.1999022960662842, 'avg_kl_divergence': 4.465482234954834, 'entropy': 10.82473087310791}, {'step': 18, 'avg_l2_distance': 1.1999022960662842, 'avg_kl_divergence': 4.465482234954834, 'entropy': 10.82472038269043}, {'step': 19, 'avg_l2_distance': 1.1999022960662842, 'avg_kl_divergence': 4.465482234954834, 'entropy': 10.82470989227295}, {'step': 20, 'avg_l2_distance': 1.1999022960662842, 'avg_kl_divergence': 4.465482234954834, 'entropy': 10.824697494506836}, {'step': 21, 'avg_l2_distance': 1.1999022960662842, 'avg_kl_divergence': 4.465482234954834, 'entropy': 10.824684143066406}, {'step': 22, 'avg_l2_distance': 1.1999022960662842, 'avg_kl_divergence': 4.465482234954834, 'entropy': 10.82466983795166}, {'step': 23, 'avg_l2_distance': 1.1999022960662842, 'avg_kl_divergence': 4.465482234954834, 'entropy': 10.824652671813965}, {'step': 24, 'avg_l2_distance': 1.1999022960662842, 'avg_kl_divergence': 4.465482234954834, 'entropy': 10.824634552001953}, {'step': 25, 'avg_l2_distance': 1.1999022960662842, 'avg_kl_divergence': 4.465482234954834, 'entropy': 10.824614524841309}, {'step': 26, 'avg_l2_distance': 1.1999022960662842, 'avg_kl_divergence': 4.465482234954834, 'entropy': 10.824590682983398}, {'step': 27, 'avg_l2_distance': 1.1999022960662842, 'avg_kl_divergence': 4.465482234954834, 'entropy': 10.824563980102539}, {'step': 28, 'avg_l2_distance': 1.1999022960662842, 'avg_kl_divergence': 4.465482234954834, 'entropy': 10.824533462524414}, {'step': 29, 'avg_l2_distance': 1.1999022960662842, 'avg_kl_divergence': 4.465482234954834, 'entropy': 10.824499130249023}, {'step': 30, 'avg_l2_distance': 1.1999022960662842, 'avg_kl_divergence': 4.465482234954834, 'entropy': 10.824459075927734}, {'step': 31, 'avg_l2_distance': 1.1999022960662842, 'avg_kl_divergence': 4.465482234954834, 'entropy': 10.824413299560547}, {'step': 32, 'avg_l2_distance': 1.1999022960662842, 'avg_kl_divergence': 4.465482234954834, 'entropy': 10.824356079101562}, {'step': 33, 'avg_l2_distance': 1.1999022960662842, 'avg_kl_divergence': 4.465482234954834, 'entropy': 10.824292182922363}, {'step': 34, 'avg_l2_distance': 1.1999022960662842, 'avg_kl_divergence': 4.465482234954834, 'entropy': 10.824214935302734}, {'step': 35, 'avg_l2_distance': 1.1999022960662842, 'avg_kl_divergence': 4.465482234954834, 'entropy': 10.82412052154541}, {'step': 36, 'avg_l2_distance': 1.1999022960662842, 'avg_kl_divergence': 4.465482234954834, 'entropy': 10.824005126953125}, {'step': 37, 'avg_l2_distance': 1.1999022960662842, 'avg_kl_divergence': 4.465482234954834, 'entropy': 10.82386302947998}, {'step': 38, 'avg_l2_distance': 1.1999022960662842, 'avg_kl_divergence': 4.465482234954834, 'entropy': 10.823684692382812}, {'step': 39, 'avg_l2_distance': 1.1999022960662842, 'avg_kl_divergence': 4.465482234954834, 'entropy': 10.82345199584961}, {'step': 40, 'avg_l2_distance': 1.1999022960662842, 'avg_kl_divergence': 4.465482234954834, 'entropy': 10.82314682006836}, {'step': 41, 'avg_l2_distance': 1.1999022960662842, 'avg_kl_divergence': 4.465482234954834, 'entropy': 10.822731971740723}, {'step': 42, 'avg_l2_distance': 1.1999022960662842, 'avg_kl_divergence': 4.465482234954834, 'entropy': 10.822147369384766}, {'step': 43, 'avg_l2_distance': 1.1999022960662842, 'avg_kl_divergence': 4.465482234954834, 'entropy': 10.8212890625}, {'step': 44, 'avg_l2_distance': 1.1999022960662842, 'avg_kl_divergence': 4.465482234954834, 'entropy': 10.819944381713867}, {'step': 45, 'avg_l2_distance': 1.1999022960662842, 'avg_kl_divergence': 4.465482234954834, 'entropy': 10.817655563354492}, {'step': 46, 'avg_l2_distance': 1.1999022960662842, 'avg_kl_divergence': 4.465482234954834, 'entropy': 10.813238143920898}, {'step': 47, 'avg_l2_distance': 1.1999022960662842, 'avg_kl_divergence': 4.465482234954834, 'entropy': 10.802752494812012}, {'step': 48, 'avg_l2_distance': 1.1999022960662842, 'avg_kl_divergence': 4.465482234954834, 'entropy': 10.765497207641602}, {'step': 49, 'avg_l2_distance': 1.1999022960662842, 'avg_kl_divergence': 4.465482234954834, 'entropy': 10.288557052612305}]",1.1999022960662842,4.465482234954834,0.0
120,policy,True,"[{'step': 0, 'avg_l2_distance': 2.061744451522827, 'avg_kl_divergence': 3.266200304031372, 'entropy': 10.824785232543945}, {'step': 1, 'avg_l2_distance': 2.061744451522827, 'avg_kl_divergence': 3.266200304031372, 'entropy': 10.824811935424805}, {'step': 2, 'avg_l2_distance': 2.061744451522827, 'avg_kl_divergence': 3.266200304031372, 'entropy': 10.824810028076172}, {'step': 3, 'avg_l2_distance': 2.061744451522827, 'avg_kl_divergence': 3.266200304031372, 'entropy': 10.824807167053223}, {'step': 4, 'avg_l2_distance': 2.061744451522827, 'avg_kl_divergence': 3.266200304031372, 'entropy': 10.824804306030273}, {'step': 5, 'avg_l2_distance': 2.061744451522827, 'avg_kl_divergence': 3.266200304031372, 'entropy': 10.824800491333008}, {'step': 6, 'avg_l2_distance': 2.363189935684204, 'avg_kl_divergence': 6.460399627685547, 'entropy': 10.824796676635742}, {'step': 7, 'avg_l2_distance': 2.363189935684204, 'avg_kl_divergence': 6.460399627685547, 'entropy': 10.82478141784668}, {'step': 8, 'avg_l2_distance': 2.7979726791381836, 'avg_kl_divergence': 6.175281524658203, 'entropy': 10.824777603149414}, {'step': 9, 'avg_l2_distance': 2.7979726791381836, 'avg_kl_divergence': 6.175281524658203, 'entropy': 10.824810028076172}, {'step': 10, 'avg_l2_distance': 2.7979726791381836, 'avg_kl_divergence': 6.175281524658203, 'entropy': 10.824807167053223}, {'step': 11, 'avg_l2_distance': 2.1056039333343506, 'avg_kl_divergence': 13.738682746887207, 'entropy': 10.824804306030273}, {'step': 12, 'avg_l2_distance': 2.1056039333343506, 'avg_kl_divergence': 13.738682746887207, 'entropy': 10.824712753295898}, {'step': 13, 'avg_l2_distance': 2.1056039333343506, 'avg_kl_divergence': 13.738682746887207, 'entropy': 10.824706077575684}, {'step': 14, 'avg_l2_distance': 2.1056039333343506, 'avg_kl_divergence': 13.738682746887207, 'entropy': 10.824697494506836}, {'step': 15, 'avg_l2_distance': 2.1056039333343506, 'avg_kl_divergence': 13.738682746887207, 'entropy': 10.824688911437988}, {'step': 16, 'avg_l2_distance': 2.1056039333343506, 'avg_kl_divergence': 13.738682746887207, 'entropy': 10.824678421020508}, {'step': 17, 'avg_l2_distance': 2.1056039333343506, 'avg_kl_divergence': 13.738682746887207, 'entropy': 10.824668884277344}, {'step': 18, 'avg_l2_distance': 2.1056039333343506, 'avg_kl_divergence': 13.738682746887207, 'entropy': 10.824657440185547}, {'step': 19, 'avg_l2_distance': 2.3043055534362793, 'avg_kl_divergence': 2.112393379211426, 'entropy': 10.824644088745117}, {'step': 20, 'avg_l2_distance': 2.3043055534362793, 'avg_kl_divergence': 2.112393379211426, 'entropy': 10.824753761291504}, {'step': 21, 'avg_l2_distance': 2.3043055534362793, 'avg_kl_divergence': 2.112393379211426, 'entropy': 10.82474422454834}, {'step': 22, 'avg_l2_distance': 2.3043055534362793, 'avg_kl_divergence': 2.112393379211426, 'entropy': 10.824734687805176}, {'step': 23, 'avg_l2_distance': 2.3043055534362793, 'avg_kl_divergence': 2.112393379211426, 'entropy': 10.824722290039062}, {'step': 24, 'avg_l2_distance': 2.3043055534362793, 'avg_kl_divergence': 2.112393379211426, 'entropy': 10.824710845947266}, {'step': 25, 'avg_l2_distance': 2.3043055534362793, 'avg_kl_divergence': 2.112393379211426, 'entropy': 10.82469654083252}, {'step': 26, 'avg_l2_distance': 2.3043055534362793, 'avg_kl_divergence': 2.112393379211426, 'entropy': 10.82468032836914}, {'step': 27, 'avg_l2_distance': 2.3043055534362793, 'avg_kl_divergence': 2.112393379211426, 'entropy': 10.824661254882812}, {'step': 28, 'avg_l2_distance': 2.3043055534362793, 'avg_kl_divergence': 2.112393379211426, 'entropy': 10.824641227722168}, {'step': 29, 'avg_l2_distance': 2.3043055534362793, 'avg_kl_divergence': 2.112393379211426, 'entropy': 10.824617385864258}, {'step': 30, 'avg_l2_distance': 2.2461659908294678, 'avg_kl_divergence': 2.3342933654785156, 'entropy': 10.824588775634766}, {'step': 31, 'avg_l2_distance': 2.2461659908294678, 'avg_kl_divergence': 2.3342933654785156, 'entropy': 10.824517250061035}, {'step': 32, 'avg_l2_distance': 2.2461659908294678, 'avg_kl_divergence': 2.3342933654785156, 'entropy': 10.82447624206543}, {'step': 33, 'avg_l2_distance': 2.2461659908294678, 'avg_kl_divergence': 2.3342933654785156, 'entropy': 10.824429512023926}, {'step': 34, 'avg_l2_distance': 2.2461659908294678, 'avg_kl_divergence': 2.3342933654785156, 'entropy': 10.824371337890625}, {'step': 35, 'avg_l2_distance': 2.2461659908294678, 'avg_kl_divergence': 2.3342933654785156, 'entropy': 10.824304580688477}, {'step': 36, 'avg_l2_distance': 2.2461659908294678, 'avg_kl_divergence': 2.3342933654785156, 'entropy': 10.824219703674316}, {'step': 37, 'avg_l2_distance': 2.2461659908294678, 'avg_kl_divergence': 2.3342933654785156, 'entropy': 10.824115753173828}, {'step': 38, 'avg_l2_distance': 2.2461659908294678, 'avg_kl_divergence': 2.3342933654785156, 'entropy': 10.823983192443848}, {'step': 39, 'avg_l2_distance': 2.2461659908294678, 'avg_kl_divergence': 2.3342933654785156, 'entropy': 10.82381534576416}, {'step': 40, 'avg_l2_distance': 2.2461659908294678, 'avg_kl_divergence': 2.3342933654785156, 'entropy': 10.823590278625488}, {'step': 41, 'avg_l2_distance': 2.2461659908294678, 'avg_kl_divergence': 2.3342933654785156, 'entropy': 10.823286056518555}, {'step': 42, 'avg_l2_distance': 2.2461659908294678, 'avg_kl_divergence': 2.3342933654785156, 'entropy': 10.822860717773438}, {'step': 43, 'avg_l2_distance': 2.2461659908294678, 'avg_kl_divergence': 2.3342933654785156, 'entropy': 10.822229385375977}, {'step': 44, 'avg_l2_distance': 2.2461659908294678, 'avg_kl_divergence': 2.3342933654785156, 'entropy': 10.821244239807129}, {'step': 45, 'avg_l2_distance': 2.2461659908294678, 'avg_kl_divergence': 2.3342933654785156, 'entropy': 10.819568634033203}, {'step': 46, 'avg_l2_distance': 2.5078823566436768, 'avg_kl_divergence': 1.9646177291870117, 'entropy': 10.8163423538208}, {'step': 47, 'avg_l2_distance': 2.5078823566436768, 'avg_kl_divergence': 1.9646177291870117, 'entropy': 10.808439254760742}, {'step': 48, 'avg_l2_distance': 2.2881505489349365, 'avg_kl_divergence': 1.533782720565796, 'entropy': 10.781085968017578}, {'step': 49, 'avg_l2_distance': 2.2881505489349365, 'avg_kl_divergence': 1.533782720565796, 'entropy': 10.375848770141602}]",2.2881505489349365,1.533782720565796,0.0
121,policy,True,"[{'step': 0, 'avg_l2_distance': 2.1782608032226562, 'avg_kl_divergence': 10.588631629943848, 'entropy': 10.824832916259766}, {'step': 1, 'avg_l2_distance': 2.1782608032226562, 'avg_kl_divergence': 10.588631629943848, 'entropy': 10.824831008911133}, {'step': 2, 'avg_l2_distance': 2.1782608032226562, 'avg_kl_divergence': 10.588631629943848, 'entropy': 10.824830055236816}, {'step': 3, 'avg_l2_distance': 2.1782608032226562, 'avg_kl_divergence': 10.588631629943848, 'entropy': 10.824827194213867}, {'step': 4, 'avg_l2_distance': 2.1782608032226562, 'avg_kl_divergence': 10.588631629943848, 'entropy': 10.824825286865234}, {'step': 5, 'avg_l2_distance': 2.1782608032226562, 'avg_kl_divergence': 10.588631629943848, 'entropy': 10.824822425842285}, {'step': 6, 'avg_l2_distance': 2.1782608032226562, 'avg_kl_divergence': 10.588631629943848, 'entropy': 10.824821472167969}, {'step': 7, 'avg_l2_distance': 2.1782608032226562, 'avg_kl_divergence': 10.588631629943848, 'entropy': 10.82481861114502}, {'step': 8, 'avg_l2_distance': 2.1782608032226562, 'avg_kl_divergence': 10.588631629943848, 'entropy': 10.824813842773438}, {'step': 9, 'avg_l2_distance': 2.1782608032226562, 'avg_kl_divergence': 10.588631629943848, 'entropy': 10.824811935424805}, {'step': 10, 'avg_l2_distance': 2.1782608032226562, 'avg_kl_divergence': 10.588631629943848, 'entropy': 10.824808120727539}, {'step': 11, 'avg_l2_distance': 2.1782608032226562, 'avg_kl_divergence': 10.588631629943848, 'entropy': 10.824804306030273}, {'step': 12, 'avg_l2_distance': 2.1782608032226562, 'avg_kl_divergence': 10.588631629943848, 'entropy': 10.824800491333008}, {'step': 13, 'avg_l2_distance': 2.1782608032226562, 'avg_kl_divergence': 10.588631629943848, 'entropy': 10.824796676635742}, {'step': 14, 'avg_l2_distance': 2.1782608032226562, 'avg_kl_divergence': 10.588631629943848, 'entropy': 10.824790954589844}, {'step': 15, 'avg_l2_distance': 2.1782608032226562, 'avg_kl_divergence': 10.588631629943848, 'entropy': 10.824785232543945}, {'step': 16, 'avg_l2_distance': 2.1782608032226562, 'avg_kl_divergence': 10.588631629943848, 'entropy': 10.824779510498047}, {'step': 17, 'avg_l2_distance': 2.1782608032226562, 'avg_kl_divergence': 10.588631629943848, 'entropy': 10.824772834777832}, {'step': 18, 'avg_l2_distance': 2.1782608032226562, 'avg_kl_divergence': 10.588631629943848, 'entropy': 10.824766159057617}, {'step': 19, 'avg_l2_distance': 2.1782608032226562, 'avg_kl_divergence': 10.588631629943848, 'entropy': 10.824758529663086}, {'step': 20, 'avg_l2_distance': 2.1782608032226562, 'avg_kl_divergence': 10.588631629943848, 'entropy': 10.824748992919922}, {'step': 21, 'avg_l2_distance': 2.1782608032226562, 'avg_kl_divergence': 10.588631629943848, 'entropy': 10.824739456176758}, {'step': 22, 'avg_l2_distance': 2.1782608032226562, 'avg_kl_divergence': 10.588631629943848, 'entropy': 10.824728012084961}, {'step': 23, 'avg_l2_distance': 2.1782608032226562, 'avg_kl_divergence': 10.588631629943848, 'entropy': 10.824714660644531}, {'step': 24, 'avg_l2_distance': 2.1782608032226562, 'avg_kl_divergence': 10.588631629943848, 'entropy': 10.824700355529785}, {'step': 25, 'avg_l2_distance': 2.1782608032226562, 'avg_kl_divergence': 10.588631629943848, 'entropy': 10.824685096740723}, {'step': 26, 'avg_l2_distance': 2.1782608032226562, 'avg_kl_divergence': 10.588631629943848, 'entropy': 10.824666023254395}, {'step': 27, 'avg_l2_distance': 2.535642385482788, 'avg_kl_divergence': 11.057008743286133, 'entropy': 10.82464599609375}, {'step': 28, 'avg_l2_distance': 2.535642385482788, 'avg_kl_divergence': 11.057008743286133, 'entropy': 10.824665069580078}, {'step': 29, 'avg_l2_distance': 2.535642385482788, 'avg_kl_divergence': 11.057008743286133, 'entropy': 10.824642181396484}, {'step': 30, 'avg_l2_distance': 2.535642385482788, 'avg_kl_divergence': 11.057008743286133, 'entropy': 10.824615478515625}, {'step': 31, 'avg_l2_distance': 2.535642385482788, 'avg_kl_divergence': 11.057008743286133, 'entropy': 10.82458782196045}, {'step': 32, 'avg_l2_distance': 2.535642385482788, 'avg_kl_divergence': 11.057008743286133, 'entropy': 10.824552536010742}, {'step': 33, 'avg_l2_distance': 2.535642385482788, 'avg_kl_divergence': 11.057008743286133, 'entropy': 10.824509620666504}, {'step': 34, 'avg_l2_distance': 2.535642385482788, 'avg_kl_divergence': 11.057008743286133, 'entropy': 10.824459075927734}, {'step': 35, 'avg_l2_distance': 2.535642385482788, 'avg_kl_divergence': 11.057008743286133, 'entropy': 10.824398040771484}, {'step': 36, 'avg_l2_distance': 2.535642385482788, 'avg_kl_divergence': 11.057008743286133, 'entropy': 10.824322700500488}, {'step': 37, 'avg_l2_distance': 2.535642385482788, 'avg_kl_divergence': 11.057008743286133, 'entropy': 10.824230194091797}, {'step': 38, 'avg_l2_distance': 2.535642385482788, 'avg_kl_divergence': 11.057008743286133, 'entropy': 10.824111938476562}, {'step': 39, 'avg_l2_distance': 2.535642385482788, 'avg_kl_divergence': 11.057008743286133, 'entropy': 10.823959350585938}, {'step': 40, 'avg_l2_distance': 2.535642385482788, 'avg_kl_divergence': 11.057008743286133, 'entropy': 10.82375717163086}, {'step': 41, 'avg_l2_distance': 2.535642385482788, 'avg_kl_divergence': 11.057008743286133, 'entropy': 10.823482513427734}, {'step': 42, 'avg_l2_distance': 2.535642385482788, 'avg_kl_divergence': 11.057008743286133, 'entropy': 10.823094367980957}, {'step': 43, 'avg_l2_distance': 2.535642385482788, 'avg_kl_divergence': 11.057008743286133, 'entropy': 10.82252311706543}, {'step': 44, 'avg_l2_distance': 2.535642385482788, 'avg_kl_divergence': 11.057008743286133, 'entropy': 10.821626663208008}, {'step': 45, 'avg_l2_distance': 2.535642385482788, 'avg_kl_divergence': 11.057008743286133, 'entropy': 10.82010269165039}, {'step': 46, 'avg_l2_distance': 2.535642385482788, 'avg_kl_divergence': 11.057008743286133, 'entropy': 10.817170143127441}, {'step': 47, 'avg_l2_distance': 2.535642385482788, 'avg_kl_divergence': 11.057008743286133, 'entropy': 10.810254096984863}, {'step': 48, 'avg_l2_distance': 2.535642385482788, 'avg_kl_divergence': 11.057008743286133, 'entropy': 10.785849571228027}, {'step': 49, 'avg_l2_distance': 2.6191742420196533, 'avg_kl_divergence': 14.60679817199707, 'entropy': 10.207657814025879}]",2.6191742420196533,14.60679817199707,0.0
122,policy,True,"[{'step': 0, 'avg_l2_distance': 2.7341415882110596, 'avg_kl_divergence': 6.766641616821289, 'entropy': 10.824821472167969}, {'step': 1, 'avg_l2_distance': 2.7341415882110596, 'avg_kl_divergence': 6.766641616821289, 'entropy': 10.824820518493652}, {'step': 2, 'avg_l2_distance': 2.2020504474639893, 'avg_kl_divergence': 9.750434875488281, 'entropy': 10.82481861114502}, {'step': 3, 'avg_l2_distance': 2.749023199081421, 'avg_kl_divergence': 4.632259368896484, 'entropy': 10.824817657470703}, {'step': 4, 'avg_l2_distance': 2.749023199081421, 'avg_kl_divergence': 4.632259368896484, 'entropy': 10.824825286865234}, {'step': 5, 'avg_l2_distance': 2.1619555950164795, 'avg_kl_divergence': 4.900605201721191, 'entropy': 10.824823379516602}, {'step': 6, 'avg_l2_distance': 1.8190187215805054, 'avg_kl_divergence': 2.148772954940796, 'entropy': 10.824825286865234}, {'step': 7, 'avg_l2_distance': 1.8190187215805054, 'avg_kl_divergence': 2.148772954940796, 'entropy': 10.824819564819336}, {'step': 8, 'avg_l2_distance': 1.8190187215805054, 'avg_kl_divergence': 2.148772954940796, 'entropy': 10.824816703796387}, {'step': 9, 'avg_l2_distance': 1.8190187215805054, 'avg_kl_divergence': 2.148772954940796, 'entropy': 10.824812889099121}, {'step': 10, 'avg_l2_distance': 1.8190187215805054, 'avg_kl_divergence': 2.148772954940796, 'entropy': 10.824810028076172}, {'step': 11, 'avg_l2_distance': 1.8190187215805054, 'avg_kl_divergence': 2.148772954940796, 'entropy': 10.824806213378906}, {'step': 12, 'avg_l2_distance': 1.8190187215805054, 'avg_kl_divergence': 2.148772954940796, 'entropy': 10.824801445007324}, {'step': 13, 'avg_l2_distance': 1.8190187215805054, 'avg_kl_divergence': 2.148772954940796, 'entropy': 10.824797630310059}, {'step': 14, 'avg_l2_distance': 1.8190187215805054, 'avg_kl_divergence': 2.148772954940796, 'entropy': 10.82479190826416}, {'step': 15, 'avg_l2_distance': 2.3408353328704834, 'avg_kl_divergence': 7.0633649826049805, 'entropy': 10.824787139892578}, {'step': 16, 'avg_l2_distance': 2.3408353328704834, 'avg_kl_divergence': 7.0633649826049805, 'entropy': 10.824793815612793}, {'step': 17, 'avg_l2_distance': 2.3408353328704834, 'avg_kl_divergence': 7.0633649826049805, 'entropy': 10.824788093566895}, {'step': 18, 'avg_l2_distance': 2.3408353328704834, 'avg_kl_divergence': 7.0633649826049805, 'entropy': 10.82478141784668}, {'step': 19, 'avg_l2_distance': 2.3408353328704834, 'avg_kl_divergence': 7.0633649826049805, 'entropy': 10.824775695800781}, {'step': 20, 'avg_l2_distance': 2.3408353328704834, 'avg_kl_divergence': 7.0633649826049805, 'entropy': 10.82476806640625}, {'step': 21, 'avg_l2_distance': 2.3408353328704834, 'avg_kl_divergence': 7.0633649826049805, 'entropy': 10.824760437011719}, {'step': 22, 'avg_l2_distance': 2.3408353328704834, 'avg_kl_divergence': 7.0633649826049805, 'entropy': 10.824750900268555}, {'step': 23, 'avg_l2_distance': 2.3408353328704834, 'avg_kl_divergence': 7.0633649826049805, 'entropy': 10.82474136352539}, {'step': 24, 'avg_l2_distance': 1.9496413469314575, 'avg_kl_divergence': 4.247006416320801, 'entropy': 10.824729919433594}, {'step': 25, 'avg_l2_distance': 1.9496413469314575, 'avg_kl_divergence': 4.247006416320801, 'entropy': 10.824544906616211}, {'step': 26, 'avg_l2_distance': 1.9496413469314575, 'avg_kl_divergence': 4.247006416320801, 'entropy': 10.8245210647583}, {'step': 27, 'avg_l2_distance': 1.9496413469314575, 'avg_kl_divergence': 4.247006416320801, 'entropy': 10.824490547180176}, {'step': 28, 'avg_l2_distance': 1.9496413469314575, 'avg_kl_divergence': 4.247006416320801, 'entropy': 10.824459075927734}, {'step': 29, 'avg_l2_distance': 1.9496413469314575, 'avg_kl_divergence': 4.247006416320801, 'entropy': 10.824420928955078}, {'step': 30, 'avg_l2_distance': 1.9496413469314575, 'avg_kl_divergence': 4.247006416320801, 'entropy': 10.82437801361084}, {'step': 31, 'avg_l2_distance': 1.9496413469314575, 'avg_kl_divergence': 4.247006416320801, 'entropy': 10.824328422546387}, {'step': 32, 'avg_l2_distance': 1.9496413469314575, 'avg_kl_divergence': 4.247006416320801, 'entropy': 10.824270248413086}, {'step': 33, 'avg_l2_distance': 1.9496413469314575, 'avg_kl_divergence': 4.247006416320801, 'entropy': 10.824202537536621}, {'step': 34, 'avg_l2_distance': 1.9496413469314575, 'avg_kl_divergence': 4.247006416320801, 'entropy': 10.82412052154541}, {'step': 35, 'avg_l2_distance': 1.9496413469314575, 'avg_kl_divergence': 4.247006416320801, 'entropy': 10.824023246765137}, {'step': 36, 'avg_l2_distance': 1.9496413469314575, 'avg_kl_divergence': 4.247006416320801, 'entropy': 10.823904037475586}, {'step': 37, 'avg_l2_distance': 1.9496413469314575, 'avg_kl_divergence': 4.247006416320801, 'entropy': 10.82375717163086}, {'step': 38, 'avg_l2_distance': 1.9496413469314575, 'avg_kl_divergence': 4.247006416320801, 'entropy': 10.823572158813477}, {'step': 39, 'avg_l2_distance': 1.9496413469314575, 'avg_kl_divergence': 4.247006416320801, 'entropy': 10.823334693908691}, {'step': 40, 'avg_l2_distance': 1.9496413469314575, 'avg_kl_divergence': 4.247006416320801, 'entropy': 10.82302474975586}, {'step': 41, 'avg_l2_distance': 1.9496413469314575, 'avg_kl_divergence': 4.247006416320801, 'entropy': 10.822604179382324}, {'step': 42, 'avg_l2_distance': 1.9496413469314575, 'avg_kl_divergence': 4.247006416320801, 'entropy': 10.822015762329102}, {'step': 43, 'avg_l2_distance': 1.9496413469314575, 'avg_kl_divergence': 4.247006416320801, 'entropy': 10.821152687072754}, {'step': 44, 'avg_l2_distance': 1.9496413469314575, 'avg_kl_divergence': 4.247006416320801, 'entropy': 10.819807052612305}, {'step': 45, 'avg_l2_distance': 1.9496413469314575, 'avg_kl_divergence': 4.247006416320801, 'entropy': 10.81752872467041}, {'step': 46, 'avg_l2_distance': 1.9496413469314575, 'avg_kl_divergence': 4.247006416320801, 'entropy': 10.813148498535156}, {'step': 47, 'avg_l2_distance': 1.9496413469314575, 'avg_kl_divergence': 4.247006416320801, 'entropy': 10.802810668945312}, {'step': 48, 'avg_l2_distance': 1.9496413469314575, 'avg_kl_divergence': 4.247006416320801, 'entropy': 10.76630973815918}, {'step': 49, 'avg_l2_distance': 1.9496413469314575, 'avg_kl_divergence': 4.247006416320801, 'entropy': 10.246257781982422}]",1.9496413469314575,4.247006416320801,0.0
123,policy,True,"[{'step': 0, 'avg_l2_distance': 3.072700262069702, 'avg_kl_divergence': 0.7715596556663513, 'entropy': 10.824857711791992}, {'step': 1, 'avg_l2_distance': 3.072700262069702, 'avg_kl_divergence': 0.7715596556663513, 'entropy': 10.824810028076172}, {'step': 2, 'avg_l2_distance': 3.072700262069702, 'avg_kl_divergence': 0.7715596556663513, 'entropy': 10.824808120727539}, {'step': 3, 'avg_l2_distance': 2.7921440601348877, 'avg_kl_divergence': 1.7103545665740967, 'entropy': 10.824806213378906}, {'step': 4, 'avg_l2_distance': 2.7921440601348877, 'avg_kl_divergence': 1.7103545665740967, 'entropy': 10.824844360351562}, {'step': 5, 'avg_l2_distance': 2.7921440601348877, 'avg_kl_divergence': 1.7103545665740967, 'entropy': 10.82484245300293}, {'step': 6, 'avg_l2_distance': 2.7921440601348877, 'avg_kl_divergence': 1.7103545665740967, 'entropy': 10.824841499328613}, {'step': 7, 'avg_l2_distance': 2.9882850646972656, 'avg_kl_divergence': 5.637476444244385, 'entropy': 10.824838638305664}, {'step': 8, 'avg_l2_distance': 2.9882850646972656, 'avg_kl_divergence': 5.637476444244385, 'entropy': 10.824828147888184}, {'step': 9, 'avg_l2_distance': 2.9882850646972656, 'avg_kl_divergence': 5.637476444244385, 'entropy': 10.824825286865234}, {'step': 10, 'avg_l2_distance': 2.756953716278076, 'avg_kl_divergence': 5.0825300216674805, 'entropy': 10.824823379516602}, {'step': 11, 'avg_l2_distance': 2.8727777004241943, 'avg_kl_divergence': 0.692914605140686, 'entropy': 10.82481861114502}, {'step': 12, 'avg_l2_distance': 2.8727777004241943, 'avg_kl_divergence': 0.692914605140686, 'entropy': 10.824771881103516}, {'step': 13, 'avg_l2_distance': 2.8727777004241943, 'avg_kl_divergence': 0.692914605140686, 'entropy': 10.82476806640625}, {'step': 14, 'avg_l2_distance': 2.8727777004241943, 'avg_kl_divergence': 0.692914605140686, 'entropy': 10.824762344360352}, {'step': 15, 'avg_l2_distance': 2.8727777004241943, 'avg_kl_divergence': 0.692914605140686, 'entropy': 10.824756622314453}, {'step': 16, 'avg_l2_distance': 2.9248056411743164, 'avg_kl_divergence': 2.2454161643981934, 'entropy': 10.824748992919922}, {'step': 17, 'avg_l2_distance': 2.9248056411743164, 'avg_kl_divergence': 2.2454161643981934, 'entropy': 10.824753761291504}, {'step': 18, 'avg_l2_distance': 2.9248056411743164, 'avg_kl_divergence': 2.2454161643981934, 'entropy': 10.824746131896973}, {'step': 19, 'avg_l2_distance': 2.9248056411743164, 'avg_kl_divergence': 2.2454161643981934, 'entropy': 10.824738502502441}, {'step': 20, 'avg_l2_distance': 2.9248056411743164, 'avg_kl_divergence': 2.2454161643981934, 'entropy': 10.824729919433594}, {'step': 21, 'avg_l2_distance': 2.9248056411743164, 'avg_kl_divergence': 2.2454161643981934, 'entropy': 10.82472038269043}, {'step': 22, 'avg_l2_distance': 2.9248056411743164, 'avg_kl_divergence': 2.2454161643981934, 'entropy': 10.82470989227295}, {'step': 23, 'avg_l2_distance': 2.9248056411743164, 'avg_kl_divergence': 2.2454161643981934, 'entropy': 10.824697494506836}, {'step': 24, 'avg_l2_distance': 2.9248056411743164, 'avg_kl_divergence': 2.2454161643981934, 'entropy': 10.824686050415039}, {'step': 25, 'avg_l2_distance': 2.9248056411743164, 'avg_kl_divergence': 2.2454161643981934, 'entropy': 10.824670791625977}, {'step': 26, 'avg_l2_distance': 2.7494235038757324, 'avg_kl_divergence': 0.4146878123283386, 'entropy': 10.824653625488281}, {'step': 27, 'avg_l2_distance': 2.7494235038757324, 'avg_kl_divergence': 0.4146878123283386, 'entropy': 10.824600219726562}, {'step': 28, 'avg_l2_distance': 2.7494235038757324, 'avg_kl_divergence': 0.4146878123283386, 'entropy': 10.824578285217285}, {'step': 29, 'avg_l2_distance': 2.7494235038757324, 'avg_kl_divergence': 0.4146878123283386, 'entropy': 10.824552536010742}, {'step': 30, 'avg_l2_distance': 2.895653009414673, 'avg_kl_divergence': 3.7086331844329834, 'entropy': 10.824522018432617}, {'step': 31, 'avg_l2_distance': 2.895653009414673, 'avg_kl_divergence': 3.7086331844329834, 'entropy': 10.824545860290527}, {'step': 32, 'avg_l2_distance': 2.895653009414673, 'avg_kl_divergence': 3.7086331844329834, 'entropy': 10.824507713317871}, {'step': 33, 'avg_l2_distance': 2.895653009414673, 'avg_kl_divergence': 3.7086331844329834, 'entropy': 10.824461936950684}, {'step': 34, 'avg_l2_distance': 2.86763334274292, 'avg_kl_divergence': 4.573001384735107, 'entropy': 10.824406623840332}, {'step': 35, 'avg_l2_distance': 2.86763334274292, 'avg_kl_divergence': 4.573001384735107, 'entropy': 10.82429027557373}, {'step': 36, 'avg_l2_distance': 2.86763334274292, 'avg_kl_divergence': 4.573001384735107, 'entropy': 10.824209213256836}, {'step': 37, 'avg_l2_distance': 2.86763334274292, 'avg_kl_divergence': 4.573001384735107, 'entropy': 10.82411003112793}, {'step': 38, 'avg_l2_distance': 2.86763334274292, 'avg_kl_divergence': 4.573001384735107, 'entropy': 10.823986053466797}, {'step': 39, 'avg_l2_distance': 2.86763334274292, 'avg_kl_divergence': 4.573001384735107, 'entropy': 10.82382583618164}, {'step': 40, 'avg_l2_distance': 2.7323648929595947, 'avg_kl_divergence': 2.8552591800689697, 'entropy': 10.823616981506348}, {'step': 41, 'avg_l2_distance': 2.7323648929595947, 'avg_kl_divergence': 2.8552591800689697, 'entropy': 10.823402404785156}, {'step': 42, 'avg_l2_distance': 2.7323648929595947, 'avg_kl_divergence': 2.8552591800689697, 'entropy': 10.822996139526367}, {'step': 43, 'avg_l2_distance': 2.7130815982818604, 'avg_kl_divergence': 0.669426441192627, 'entropy': 10.822397232055664}, {'step': 44, 'avg_l2_distance': 2.725659132003784, 'avg_kl_divergence': 1.449605107307434, 'entropy': 10.820796012878418}, {'step': 45, 'avg_l2_distance': 2.725659132003784, 'avg_kl_divergence': 1.449605107307434, 'entropy': 10.81916618347168}, {'step': 46, 'avg_l2_distance': 2.725659132003784, 'avg_kl_divergence': 1.449605107307434, 'entropy': 10.815788269042969}, {'step': 47, 'avg_l2_distance': 2.725659132003784, 'avg_kl_divergence': 1.449605107307434, 'entropy': 10.807860374450684}, {'step': 48, 'avg_l2_distance': 2.725659132003784, 'avg_kl_divergence': 1.449605107307434, 'entropy': 10.780162811279297}, {'step': 49, 'avg_l2_distance': 2.725659132003784, 'avg_kl_divergence': 1.449605107307434, 'entropy': 10.406704902648926}]",2.725659132003784,1.449605107307434,0.0
124,policy,True,"[{'step': 0, 'avg_l2_distance': 2.2832162380218506, 'avg_kl_divergence': 8.254905700683594, 'entropy': 10.824825286865234}, {'step': 1, 'avg_l2_distance': 2.4113922119140625, 'avg_kl_divergence': 8.54670524597168, 'entropy': 10.824821472167969}, {'step': 2, 'avg_l2_distance': 2.4113922119140625, 'avg_kl_divergence': 8.54670524597168, 'entropy': 10.824830055236816}, {'step': 3, 'avg_l2_distance': 2.4113922119140625, 'avg_kl_divergence': 8.54670524597168, 'entropy': 10.8248291015625}, {'step': 4, 'avg_l2_distance': 2.4113922119140625, 'avg_kl_divergence': 8.54670524597168, 'entropy': 10.82482624053955}, {'step': 5, 'avg_l2_distance': 2.4113922119140625, 'avg_kl_divergence': 8.54670524597168, 'entropy': 10.824825286865234}, {'step': 6, 'avg_l2_distance': 2.4113922119140625, 'avg_kl_divergence': 8.54670524597168, 'entropy': 10.824821472167969}, {'step': 7, 'avg_l2_distance': 2.4113922119140625, 'avg_kl_divergence': 8.54670524597168, 'entropy': 10.824819564819336}, {'step': 8, 'avg_l2_distance': 2.4113922119140625, 'avg_kl_divergence': 8.54670524597168, 'entropy': 10.824817657470703}, {'step': 9, 'avg_l2_distance': 2.465571403503418, 'avg_kl_divergence': 9.480955123901367, 'entropy': 10.824813842773438}, {'step': 10, 'avg_l2_distance': 2.465571403503418, 'avg_kl_divergence': 9.480955123901367, 'entropy': 10.824807167053223}, {'step': 11, 'avg_l2_distance': 2.465571403503418, 'avg_kl_divergence': 9.480955123901367, 'entropy': 10.82480239868164}, {'step': 12, 'avg_l2_distance': 2.465571403503418, 'avg_kl_divergence': 9.480955123901367, 'entropy': 10.824799537658691}, {'step': 13, 'avg_l2_distance': 2.515380382537842, 'avg_kl_divergence': 11.067243576049805, 'entropy': 10.82479476928711}, {'step': 14, 'avg_l2_distance': 2.515380382537842, 'avg_kl_divergence': 11.067243576049805, 'entropy': 10.824745178222656}, {'step': 15, 'avg_l2_distance': 2.515380382537842, 'avg_kl_divergence': 11.067243576049805, 'entropy': 10.824739456176758}, {'step': 16, 'avg_l2_distance': 2.515380382537842, 'avg_kl_divergence': 11.067243576049805, 'entropy': 10.824734687805176}, {'step': 17, 'avg_l2_distance': 2.515380382537842, 'avg_kl_divergence': 11.067243576049805, 'entropy': 10.824728965759277}, {'step': 18, 'avg_l2_distance': 2.515380382537842, 'avg_kl_divergence': 11.067243576049805, 'entropy': 10.824722290039062}, {'step': 19, 'avg_l2_distance': 2.515380382537842, 'avg_kl_divergence': 11.067243576049805, 'entropy': 10.824715614318848}, {'step': 20, 'avg_l2_distance': 2.181016445159912, 'avg_kl_divergence': 7.4858293533325195, 'entropy': 10.824707984924316}, {'step': 21, 'avg_l2_distance': 2.181016445159912, 'avg_kl_divergence': 7.4858293533325195, 'entropy': 10.824697494506836}, {'step': 22, 'avg_l2_distance': 2.181016445159912, 'avg_kl_divergence': 7.4858293533325195, 'entropy': 10.824686050415039}, {'step': 23, 'avg_l2_distance': 2.181016445159912, 'avg_kl_divergence': 7.4858293533325195, 'entropy': 10.824673652648926}, {'step': 24, 'avg_l2_distance': 2.181016445159912, 'avg_kl_divergence': 7.4858293533325195, 'entropy': 10.82465934753418}, {'step': 25, 'avg_l2_distance': 2.181016445159912, 'avg_kl_divergence': 7.4858293533325195, 'entropy': 10.824642181396484}, {'step': 26, 'avg_l2_distance': 2.302095890045166, 'avg_kl_divergence': 6.647321701049805, 'entropy': 10.824625015258789}, {'step': 27, 'avg_l2_distance': 2.267228841781616, 'avg_kl_divergence': 6.505003929138184, 'entropy': 10.824715614318848}, {'step': 28, 'avg_l2_distance': 2.8422186374664307, 'avg_kl_divergence': 2.947805166244507, 'entropy': 10.824644088745117}, {'step': 29, 'avg_l2_distance': 2.8422186374664307, 'avg_kl_divergence': 2.947805166244507, 'entropy': 10.824674606323242}, {'step': 30, 'avg_l2_distance': 2.8422186374664307, 'avg_kl_divergence': 2.947805166244507, 'entropy': 10.824655532836914}, {'step': 31, 'avg_l2_distance': 2.8422186374664307, 'avg_kl_divergence': 2.947805166244507, 'entropy': 10.824630737304688}, {'step': 32, 'avg_l2_distance': 2.8422186374664307, 'avg_kl_divergence': 2.947805166244507, 'entropy': 10.824604034423828}, {'step': 33, 'avg_l2_distance': 2.8422186374664307, 'avg_kl_divergence': 2.947805166244507, 'entropy': 10.824569702148438}, {'step': 34, 'avg_l2_distance': 2.8422186374664307, 'avg_kl_divergence': 2.947805166244507, 'entropy': 10.824530601501465}, {'step': 35, 'avg_l2_distance': 2.8422186374664307, 'avg_kl_divergence': 2.947805166244507, 'entropy': 10.824481964111328}, {'step': 36, 'avg_l2_distance': 2.8422186374664307, 'avg_kl_divergence': 2.947805166244507, 'entropy': 10.824423789978027}, {'step': 37, 'avg_l2_distance': 2.8422186374664307, 'avg_kl_divergence': 2.947805166244507, 'entropy': 10.824352264404297}, {'step': 38, 'avg_l2_distance': 2.8422186374664307, 'avg_kl_divergence': 2.947805166244507, 'entropy': 10.824258804321289}, {'step': 39, 'avg_l2_distance': 2.8422186374664307, 'avg_kl_divergence': 2.947805166244507, 'entropy': 10.824140548706055}, {'step': 40, 'avg_l2_distance': 2.8422186374664307, 'avg_kl_divergence': 2.947805166244507, 'entropy': 10.823981285095215}, {'step': 41, 'avg_l2_distance': 2.8422186374664307, 'avg_kl_divergence': 2.947805166244507, 'entropy': 10.82376766204834}, {'step': 42, 'avg_l2_distance': 2.8422186374664307, 'avg_kl_divergence': 2.947805166244507, 'entropy': 10.823465347290039}, {'step': 43, 'avg_l2_distance': 2.8422186374664307, 'avg_kl_divergence': 2.947805166244507, 'entropy': 10.823018074035645}, {'step': 44, 'avg_l2_distance': 2.8422186374664307, 'avg_kl_divergence': 2.947805166244507, 'entropy': 10.822319030761719}, {'step': 45, 'avg_l2_distance': 2.8422186374664307, 'avg_kl_divergence': 2.947805166244507, 'entropy': 10.821128845214844}, {'step': 46, 'avg_l2_distance': 2.8422186374664307, 'avg_kl_divergence': 2.947805166244507, 'entropy': 10.818833351135254}, {'step': 47, 'avg_l2_distance': 2.8422186374664307, 'avg_kl_divergence': 2.947805166244507, 'entropy': 10.813392639160156}, {'step': 48, 'avg_l2_distance': 2.8422186374664307, 'avg_kl_divergence': 2.947805166244507, 'entropy': 10.793729782104492}, {'step': 49, 'avg_l2_distance': 2.8422186374664307, 'avg_kl_divergence': 2.947805166244507, 'entropy': 9.053010940551758}]",2.8422186374664307,2.947805166244507,0.0
125,policy,True,"[{'step': 0, 'avg_l2_distance': 2.663105010986328, 'avg_kl_divergence': 7.02600622177124, 'entropy': 10.824796676635742}, {'step': 1, 'avg_l2_distance': 2.663105010986328, 'avg_kl_divergence': 7.02600622177124, 'entropy': 10.824832916259766}, {'step': 2, 'avg_l2_distance': 2.663105010986328, 'avg_kl_divergence': 7.02600622177124, 'entropy': 10.824831008911133}, {'step': 3, 'avg_l2_distance': 2.738060712814331, 'avg_kl_divergence': 9.359950065612793, 'entropy': 10.824830055236816}, {'step': 4, 'avg_l2_distance': 2.738060712814331, 'avg_kl_divergence': 9.359950065612793, 'entropy': 10.82477855682373}, {'step': 5, 'avg_l2_distance': 2.738060712814331, 'avg_kl_divergence': 9.359950065612793, 'entropy': 10.824775695800781}, {'step': 6, 'avg_l2_distance': 2.738060712814331, 'avg_kl_divergence': 9.359950065612793, 'entropy': 10.824771881103516}, {'step': 7, 'avg_l2_distance': 3.115748643875122, 'avg_kl_divergence': 1.899218201637268, 'entropy': 10.824767112731934}, {'step': 8, 'avg_l2_distance': 3.115748643875122, 'avg_kl_divergence': 1.899218201637268, 'entropy': 10.824804306030273}, {'step': 9, 'avg_l2_distance': 3.115748643875122, 'avg_kl_divergence': 1.899218201637268, 'entropy': 10.824801445007324}, {'step': 10, 'avg_l2_distance': 3.115748643875122, 'avg_kl_divergence': 1.899218201637268, 'entropy': 10.824798583984375}, {'step': 11, 'avg_l2_distance': 3.115748643875122, 'avg_kl_divergence': 1.899218201637268, 'entropy': 10.824796676635742}, {'step': 12, 'avg_l2_distance': 3.115748643875122, 'avg_kl_divergence': 1.899218201637268, 'entropy': 10.824792861938477}, {'step': 13, 'avg_l2_distance': 3.115748643875122, 'avg_kl_divergence': 1.899218201637268, 'entropy': 10.824789047241211}, {'step': 14, 'avg_l2_distance': 3.115748643875122, 'avg_kl_divergence': 1.899218201637268, 'entropy': 10.824785232543945}, {'step': 15, 'avg_l2_distance': 3.115748643875122, 'avg_kl_divergence': 1.899218201637268, 'entropy': 10.82478141784668}, {'step': 16, 'avg_l2_distance': 3.115748643875122, 'avg_kl_divergence': 1.899218201637268, 'entropy': 10.824776649475098}, {'step': 17, 'avg_l2_distance': 3.115748643875122, 'avg_kl_divergence': 1.899218201637268, 'entropy': 10.824771881103516}, {'step': 18, 'avg_l2_distance': 3.115748643875122, 'avg_kl_divergence': 1.899218201637268, 'entropy': 10.824766159057617}, {'step': 19, 'avg_l2_distance': 3.115748643875122, 'avg_kl_divergence': 1.899218201637268, 'entropy': 10.824760437011719}, {'step': 20, 'avg_l2_distance': 3.115748643875122, 'avg_kl_divergence': 1.899218201637268, 'entropy': 10.824752807617188}, {'step': 21, 'avg_l2_distance': 3.115748643875122, 'avg_kl_divergence': 1.899218201637268, 'entropy': 10.824746131896973}, {'step': 22, 'avg_l2_distance': 3.115748643875122, 'avg_kl_divergence': 1.899218201637268, 'entropy': 10.824739456176758}, {'step': 23, 'avg_l2_distance': 3.115748643875122, 'avg_kl_divergence': 1.899218201637268, 'entropy': 10.824729919433594}, {'step': 24, 'avg_l2_distance': 3.115748643875122, 'avg_kl_divergence': 1.899218201637268, 'entropy': 10.824719429016113}, {'step': 25, 'avg_l2_distance': 3.115748643875122, 'avg_kl_divergence': 1.899218201637268, 'entropy': 10.824707984924316}, {'step': 26, 'avg_l2_distance': 3.115748643875122, 'avg_kl_divergence': 1.899218201637268, 'entropy': 10.82469654083252}, {'step': 27, 'avg_l2_distance': 3.115748643875122, 'avg_kl_divergence': 1.899218201637268, 'entropy': 10.824682235717773}, {'step': 28, 'avg_l2_distance': 3.115748643875122, 'avg_kl_divergence': 1.899218201637268, 'entropy': 10.824666023254395}, {'step': 29, 'avg_l2_distance': 3.115748643875122, 'avg_kl_divergence': 1.899218201637268, 'entropy': 10.824647903442383}, {'step': 30, 'avg_l2_distance': 3.115748643875122, 'avg_kl_divergence': 1.899218201637268, 'entropy': 10.824626922607422}, {'step': 31, 'avg_l2_distance': 3.115748643875122, 'avg_kl_divergence': 1.899218201637268, 'entropy': 10.824603080749512}, {'step': 32, 'avg_l2_distance': 3.115748643875122, 'avg_kl_divergence': 1.899218201637268, 'entropy': 10.824575424194336}, {'step': 33, 'avg_l2_distance': 3.115748643875122, 'avg_kl_divergence': 1.899218201637268, 'entropy': 10.824541091918945}, {'step': 34, 'avg_l2_distance': 3.115748643875122, 'avg_kl_divergence': 1.899218201637268, 'entropy': 10.824502944946289}, {'step': 35, 'avg_l2_distance': 3.115748643875122, 'avg_kl_divergence': 1.899218201637268, 'entropy': 10.824455261230469}, {'step': 36, 'avg_l2_distance': 3.115748643875122, 'avg_kl_divergence': 1.899218201637268, 'entropy': 10.824397087097168}, {'step': 37, 'avg_l2_distance': 3.115748643875122, 'avg_kl_divergence': 1.899218201637268, 'entropy': 10.824325561523438}, {'step': 38, 'avg_l2_distance': 3.115748643875122, 'avg_kl_divergence': 1.899218201637268, 'entropy': 10.824235916137695}, {'step': 39, 'avg_l2_distance': 3.115748643875122, 'avg_kl_divergence': 1.899218201637268, 'entropy': 10.824119567871094}, {'step': 40, 'avg_l2_distance': 3.115748643875122, 'avg_kl_divergence': 1.899218201637268, 'entropy': 10.823966979980469}, {'step': 41, 'avg_l2_distance': 3.115748643875122, 'avg_kl_divergence': 1.899218201637268, 'entropy': 10.823761940002441}, {'step': 42, 'avg_l2_distance': 3.115748643875122, 'avg_kl_divergence': 1.899218201637268, 'entropy': 10.823474884033203}, {'step': 43, 'avg_l2_distance': 3.115748643875122, 'avg_kl_divergence': 1.899218201637268, 'entropy': 10.823051452636719}, {'step': 44, 'avg_l2_distance': 3.115748643875122, 'avg_kl_divergence': 1.899218201637268, 'entropy': 10.822395324707031}, {'step': 45, 'avg_l2_distance': 3.115748643875122, 'avg_kl_divergence': 1.899218201637268, 'entropy': 10.821279525756836}, {'step': 46, 'avg_l2_distance': 3.115748643875122, 'avg_kl_divergence': 1.899218201637268, 'entropy': 10.819144248962402}, {'step': 47, 'avg_l2_distance': 3.115748643875122, 'avg_kl_divergence': 1.899218201637268, 'entropy': 10.814108848571777}, {'step': 48, 'avg_l2_distance': 3.115748643875122, 'avg_kl_divergence': 1.899218201637268, 'entropy': 10.795989990234375}, {'step': 49, 'avg_l2_distance': 3.115748643875122, 'avg_kl_divergence': 1.899218201637268, 'entropy': 9.266921997070312}]",3.115748643875122,1.899218201637268,0.0
126,policy,True,"[{'step': 0, 'avg_l2_distance': 1.8830386400222778, 'avg_kl_divergence': 6.5411763191223145, 'entropy': 10.824832916259766}, {'step': 1, 'avg_l2_distance': 1.8830386400222778, 'avg_kl_divergence': 6.5411763191223145, 'entropy': 10.824792861938477}, {'step': 2, 'avg_l2_distance': 2.0110697746276855, 'avg_kl_divergence': 7.216059684753418, 'entropy': 10.824789047241211}, {'step': 3, 'avg_l2_distance': 2.36565899848938, 'avg_kl_divergence': 12.683608055114746, 'entropy': 10.824817657470703}, {'step': 4, 'avg_l2_distance': 2.36565899848938, 'avg_kl_divergence': 12.683608055114746, 'entropy': 10.824831008911133}, {'step': 5, 'avg_l2_distance': 2.36565899848938, 'avg_kl_divergence': 12.683608055114746, 'entropy': 10.8248291015625}, {'step': 6, 'avg_l2_distance': 2.36565899848938, 'avg_kl_divergence': 12.683608055114746, 'entropy': 10.82482624053955}, {'step': 7, 'avg_l2_distance': 2.1718709468841553, 'avg_kl_divergence': 4.218347549438477, 'entropy': 10.824823379516602}, {'step': 8, 'avg_l2_distance': 2.1718709468841553, 'avg_kl_divergence': 4.218347549438477, 'entropy': 10.824827194213867}, {'step': 9, 'avg_l2_distance': 2.1718709468841553, 'avg_kl_divergence': 4.218347549438477, 'entropy': 10.824823379516602}, {'step': 10, 'avg_l2_distance': 2.1718709468841553, 'avg_kl_divergence': 4.218347549438477, 'entropy': 10.824819564819336}, {'step': 11, 'avg_l2_distance': 2.1718709468841553, 'avg_kl_divergence': 4.218347549438477, 'entropy': 10.824817657470703}, {'step': 12, 'avg_l2_distance': 2.1718709468841553, 'avg_kl_divergence': 4.218347549438477, 'entropy': 10.824813842773438}, {'step': 13, 'avg_l2_distance': 2.1718709468841553, 'avg_kl_divergence': 4.218347549438477, 'entropy': 10.824810028076172}, {'step': 14, 'avg_l2_distance': 2.1718709468841553, 'avg_kl_divergence': 4.218347549438477, 'entropy': 10.824806213378906}, {'step': 15, 'avg_l2_distance': 2.1718709468841553, 'avg_kl_divergence': 4.218347549438477, 'entropy': 10.824800491333008}, {'step': 16, 'avg_l2_distance': 2.1718709468841553, 'avg_kl_divergence': 4.218347549438477, 'entropy': 10.824796676635742}, {'step': 17, 'avg_l2_distance': 2.1718709468841553, 'avg_kl_divergence': 4.218347549438477, 'entropy': 10.824790000915527}, {'step': 18, 'avg_l2_distance': 2.1718709468841553, 'avg_kl_divergence': 4.218347549438477, 'entropy': 10.824784278869629}, {'step': 19, 'avg_l2_distance': 2.1718709468841553, 'avg_kl_divergence': 4.218347549438477, 'entropy': 10.824777603149414}, {'step': 20, 'avg_l2_distance': 2.1718709468841553, 'avg_kl_divergence': 4.218347549438477, 'entropy': 10.824769973754883}, {'step': 21, 'avg_l2_distance': 2.1718709468841553, 'avg_kl_divergence': 4.218347549438477, 'entropy': 10.824762344360352}, {'step': 22, 'avg_l2_distance': 2.1718709468841553, 'avg_kl_divergence': 4.218347549438477, 'entropy': 10.824752807617188}, {'step': 23, 'avg_l2_distance': 2.1718709468841553, 'avg_kl_divergence': 4.218347549438477, 'entropy': 10.82474136352539}, {'step': 24, 'avg_l2_distance': 2.1718709468841553, 'avg_kl_divergence': 4.218347549438477, 'entropy': 10.824729919433594}, {'step': 25, 'avg_l2_distance': 2.1718709468841553, 'avg_kl_divergence': 4.218347549438477, 'entropy': 10.824718475341797}, {'step': 26, 'avg_l2_distance': 2.1718709468841553, 'avg_kl_divergence': 4.218347549438477, 'entropy': 10.824701309204102}, {'step': 27, 'avg_l2_distance': 2.1718709468841553, 'avg_kl_divergence': 4.218347549438477, 'entropy': 10.824682235717773}, {'step': 28, 'avg_l2_distance': 2.1718709468841553, 'avg_kl_divergence': 4.218347549438477, 'entropy': 10.824664115905762}, {'step': 29, 'avg_l2_distance': 2.1718709468841553, 'avg_kl_divergence': 4.218347549438477, 'entropy': 10.824640274047852}, {'step': 30, 'avg_l2_distance': 2.1718709468841553, 'avg_kl_divergence': 4.218347549438477, 'entropy': 10.824613571166992}, {'step': 31, 'avg_l2_distance': 2.1718709468841553, 'avg_kl_divergence': 4.218347549438477, 'entropy': 10.824583053588867}, {'step': 32, 'avg_l2_distance': 2.1718709468841553, 'avg_kl_divergence': 4.218347549438477, 'entropy': 10.824544906616211}, {'step': 33, 'avg_l2_distance': 2.1718709468841553, 'avg_kl_divergence': 4.218347549438477, 'entropy': 10.824501991271973}, {'step': 34, 'avg_l2_distance': 2.1718709468841553, 'avg_kl_divergence': 4.218347549438477, 'entropy': 10.82444953918457}, {'step': 35, 'avg_l2_distance': 2.1718709468841553, 'avg_kl_divergence': 4.218347549438477, 'entropy': 10.824384689331055}, {'step': 36, 'avg_l2_distance': 2.1718709468841553, 'avg_kl_divergence': 4.218347549438477, 'entropy': 10.824304580688477}, {'step': 37, 'avg_l2_distance': 2.1718709468841553, 'avg_kl_divergence': 4.218347549438477, 'entropy': 10.82420539855957}, {'step': 38, 'avg_l2_distance': 2.835219383239746, 'avg_kl_divergence': 10.27796745300293, 'entropy': 10.824080467224121}, {'step': 39, 'avg_l2_distance': 2.835219383239746, 'avg_kl_divergence': 10.27796745300293, 'entropy': 10.824127197265625}, {'step': 40, 'avg_l2_distance': 2.835219383239746, 'avg_kl_divergence': 10.27796745300293, 'entropy': 10.823973655700684}, {'step': 41, 'avg_l2_distance': 2.835219383239746, 'avg_kl_divergence': 10.27796745300293, 'entropy': 10.823766708374023}, {'step': 42, 'avg_l2_distance': 2.835219383239746, 'avg_kl_divergence': 10.27796745300293, 'entropy': 10.82347583770752}, {'step': 43, 'avg_l2_distance': 2.835219383239746, 'avg_kl_divergence': 10.27796745300293, 'entropy': 10.823047637939453}, {'step': 44, 'avg_l2_distance': 2.835219383239746, 'avg_kl_divergence': 10.27796745300293, 'entropy': 10.822381973266602}, {'step': 45, 'avg_l2_distance': 2.2891507148742676, 'avg_kl_divergence': 4.544651985168457, 'entropy': 10.821253776550293}, {'step': 46, 'avg_l2_distance': 2.2891507148742676, 'avg_kl_divergence': 4.544651985168457, 'entropy': 10.816591262817383}, {'step': 47, 'avg_l2_distance': 2.2891507148742676, 'avg_kl_divergence': 4.544651985168457, 'entropy': 10.809186935424805}, {'step': 48, 'avg_l2_distance': 2.2891507148742676, 'avg_kl_divergence': 4.544651985168457, 'entropy': 10.783158302307129}, {'step': 49, 'avg_l2_distance': 2.2891507148742676, 'avg_kl_divergence': 4.544651985168457, 'entropy': 10.34283447265625}]",2.2891507148742676,4.544651985168457,0.0
127,policy,True,"[{'step': 0, 'avg_l2_distance': 2.567598342895508, 'avg_kl_divergence': 1.7812873125076294, 'entropy': 10.824825286865234}, {'step': 1, 'avg_l2_distance': 2.567598342895508, 'avg_kl_divergence': 1.7812873125076294, 'entropy': 10.824831008911133}, {'step': 2, 'avg_l2_distance': 2.567598342895508, 'avg_kl_divergence': 1.7812873125076294, 'entropy': 10.8248291015625}, {'step': 3, 'avg_l2_distance': 2.281170129776001, 'avg_kl_divergence': 7.255123615264893, 'entropy': 10.8248291015625}, {'step': 4, 'avg_l2_distance': 2.281170129776001, 'avg_kl_divergence': 7.255123615264893, 'entropy': 10.824828147888184}, {'step': 5, 'avg_l2_distance': 2.281170129776001, 'avg_kl_divergence': 7.255123615264893, 'entropy': 10.82482624053955}, {'step': 6, 'avg_l2_distance': 2.281170129776001, 'avg_kl_divergence': 7.255123615264893, 'entropy': 10.824823379516602}, {'step': 7, 'avg_l2_distance': 2.281170129776001, 'avg_kl_divergence': 7.255123615264893, 'entropy': 10.824821472167969}, {'step': 8, 'avg_l2_distance': 2.281170129776001, 'avg_kl_divergence': 7.255123615264893, 'entropy': 10.82481861114502}, {'step': 9, 'avg_l2_distance': 2.281170129776001, 'avg_kl_divergence': 7.255123615264893, 'entropy': 10.82481575012207}, {'step': 10, 'avg_l2_distance': 2.281170129776001, 'avg_kl_divergence': 7.255123615264893, 'entropy': 10.824812889099121}, {'step': 11, 'avg_l2_distance': 2.281170129776001, 'avg_kl_divergence': 7.255123615264893, 'entropy': 10.824808120727539}, {'step': 12, 'avg_l2_distance': 2.281170129776001, 'avg_kl_divergence': 7.255123615264893, 'entropy': 10.82480525970459}, {'step': 13, 'avg_l2_distance': 2.281170129776001, 'avg_kl_divergence': 7.255123615264893, 'entropy': 10.824801445007324}, {'step': 14, 'avg_l2_distance': 2.281170129776001, 'avg_kl_divergence': 7.255123615264893, 'entropy': 10.824796676635742}, {'step': 15, 'avg_l2_distance': 2.281170129776001, 'avg_kl_divergence': 7.255123615264893, 'entropy': 10.824792861938477}, {'step': 16, 'avg_l2_distance': 2.227111577987671, 'avg_kl_divergence': 0.9424200654029846, 'entropy': 10.824787139892578}, {'step': 17, 'avg_l2_distance': 2.3820788860321045, 'avg_kl_divergence': 0.1377180814743042, 'entropy': 10.824748992919922}, {'step': 18, 'avg_l2_distance': 2.3820788860321045, 'avg_kl_divergence': 0.1377180814743042, 'entropy': 10.82463264465332}, {'step': 19, 'avg_l2_distance': 2.3820788860321045, 'avg_kl_divergence': 0.1377180814743042, 'entropy': 10.824621200561523}, {'step': 20, 'avg_l2_distance': 2.3820788860321045, 'avg_kl_divergence': 0.1377180814743042, 'entropy': 10.824607849121094}, {'step': 21, 'avg_l2_distance': 2.3820788860321045, 'avg_kl_divergence': 0.1377180814743042, 'entropy': 10.824592590332031}, {'step': 22, 'avg_l2_distance': 2.3820788860321045, 'avg_kl_divergence': 0.1377180814743042, 'entropy': 10.824577331542969}, {'step': 23, 'avg_l2_distance': 2.3820788860321045, 'avg_kl_divergence': 0.1377180814743042, 'entropy': 10.824559211730957}, {'step': 24, 'avg_l2_distance': 2.3820788860321045, 'avg_kl_divergence': 0.1377180814743042, 'entropy': 10.824540138244629}, {'step': 25, 'avg_l2_distance': 2.3820788860321045, 'avg_kl_divergence': 0.1377180814743042, 'entropy': 10.824518203735352}, {'step': 26, 'avg_l2_distance': 2.3820788860321045, 'avg_kl_divergence': 0.1377180814743042, 'entropy': 10.824493408203125}, {'step': 27, 'avg_l2_distance': 2.3820788860321045, 'avg_kl_divergence': 0.1377180814743042, 'entropy': 10.824466705322266}, {'step': 28, 'avg_l2_distance': 2.3820788860321045, 'avg_kl_divergence': 0.1377180814743042, 'entropy': 10.824435234069824}, {'step': 29, 'avg_l2_distance': 2.3820788860321045, 'avg_kl_divergence': 0.1377180814743042, 'entropy': 10.824399948120117}, {'step': 30, 'avg_l2_distance': 2.3820788860321045, 'avg_kl_divergence': 0.1377180814743042, 'entropy': 10.824359893798828}, {'step': 31, 'avg_l2_distance': 2.3820788860321045, 'avg_kl_divergence': 0.1377180814743042, 'entropy': 10.82431411743164}, {'step': 32, 'avg_l2_distance': 2.3820788860321045, 'avg_kl_divergence': 0.1377180814743042, 'entropy': 10.824260711669922}, {'step': 33, 'avg_l2_distance': 2.3820788860321045, 'avg_kl_divergence': 0.1377180814743042, 'entropy': 10.824196815490723}, {'step': 34, 'avg_l2_distance': 2.3820788860321045, 'avg_kl_divergence': 0.1377180814743042, 'entropy': 10.824121475219727}, {'step': 35, 'avg_l2_distance': 2.3820788860321045, 'avg_kl_divergence': 0.1377180814743042, 'entropy': 10.8240327835083}, {'step': 36, 'avg_l2_distance': 2.3820788860321045, 'avg_kl_divergence': 0.1377180814743042, 'entropy': 10.823923110961914}, {'step': 37, 'avg_l2_distance': 2.3820788860321045, 'avg_kl_divergence': 0.1377180814743042, 'entropy': 10.823789596557617}, {'step': 38, 'avg_l2_distance': 2.3820788860321045, 'avg_kl_divergence': 0.1377180814743042, 'entropy': 10.82362174987793}, {'step': 39, 'avg_l2_distance': 2.3820788860321045, 'avg_kl_divergence': 0.1377180814743042, 'entropy': 10.823408126831055}, {'step': 40, 'avg_l2_distance': 2.3820788860321045, 'avg_kl_divergence': 0.1377180814743042, 'entropy': 10.823127746582031}, {'step': 41, 'avg_l2_distance': 2.423664093017578, 'avg_kl_divergence': 0.029410436749458313, 'entropy': 10.82275390625}, {'step': 42, 'avg_l2_distance': 2.423664093017578, 'avg_kl_divergence': 0.029410436749458313, 'entropy': 10.822919845581055}, {'step': 43, 'avg_l2_distance': 2.423664093017578, 'avg_kl_divergence': 0.029410436749458313, 'entropy': 10.82234001159668}, {'step': 44, 'avg_l2_distance': 2.423664093017578, 'avg_kl_divergence': 0.029410436749458313, 'entropy': 10.821442604064941}, {'step': 45, 'avg_l2_distance': 2.423664093017578, 'avg_kl_divergence': 0.029410436749458313, 'entropy': 10.819934844970703}, {'step': 46, 'avg_l2_distance': 2.423664093017578, 'avg_kl_divergence': 0.029410436749458313, 'entropy': 10.817052841186523}, {'step': 47, 'avg_l2_distance': 2.423664093017578, 'avg_kl_divergence': 0.029410436749458313, 'entropy': 10.810281753540039}, {'step': 48, 'avg_l2_distance': 2.003770112991333, 'avg_kl_divergence': 0.576681911945343, 'entropy': 10.786174774169922}, {'step': 49, 'avg_l2_distance': 2.003770112991333, 'avg_kl_divergence': 0.576681911945343, 'entropy': 10.192322731018066}]",2.003770112991333,0.576681911945343,0.0
128,policy,True,"[{'step': 0, 'avg_l2_distance': 2.3899762630462646, 'avg_kl_divergence': 0.5766443014144897, 'entropy': 10.824845314025879}, {'step': 1, 'avg_l2_distance': 2.3847687244415283, 'avg_kl_divergence': 5.233898162841797, 'entropy': 10.824844360351562}, {'step': 2, 'avg_l2_distance': 2.3847687244415283, 'avg_kl_divergence': 5.233898162841797, 'entropy': 10.82476806640625}, {'step': 3, 'avg_l2_distance': 2.307353973388672, 'avg_kl_divergence': 1.1169264316558838, 'entropy': 10.824764251708984}, {'step': 4, 'avg_l2_distance': 2.307353973388672, 'avg_kl_divergence': 1.1169264316558838, 'entropy': 10.824831008911133}, {'step': 5, 'avg_l2_distance': 2.307353973388672, 'avg_kl_divergence': 1.1169264316558838, 'entropy': 10.8248291015625}, {'step': 6, 'avg_l2_distance': 2.307353973388672, 'avg_kl_divergence': 1.1169264316558838, 'entropy': 10.824827194213867}, {'step': 7, 'avg_l2_distance': 2.307353973388672, 'avg_kl_divergence': 1.1169264316558838, 'entropy': 10.824824333190918}, {'step': 8, 'avg_l2_distance': 2.307353973388672, 'avg_kl_divergence': 1.1169264316558838, 'entropy': 10.824822425842285}, {'step': 9, 'avg_l2_distance': 2.307353973388672, 'avg_kl_divergence': 1.1169264316558838, 'entropy': 10.824819564819336}, {'step': 10, 'avg_l2_distance': 2.360727310180664, 'avg_kl_divergence': 0.6489152908325195, 'entropy': 10.824817657470703}, {'step': 11, 'avg_l2_distance': 2.360727310180664, 'avg_kl_divergence': 0.6489152908325195, 'entropy': 10.824796676635742}, {'step': 12, 'avg_l2_distance': 2.360727310180664, 'avg_kl_divergence': 0.6489152908325195, 'entropy': 10.824792861938477}, {'step': 13, 'avg_l2_distance': 1.6018799543380737, 'avg_kl_divergence': 0.5957999229431152, 'entropy': 10.824789047241211}, {'step': 14, 'avg_l2_distance': 1.6018799543380737, 'avg_kl_divergence': 0.5957999229431152, 'entropy': 10.824718475341797}, {'step': 15, 'avg_l2_distance': 1.6018799543380737, 'avg_kl_divergence': 0.5957999229431152, 'entropy': 10.824710845947266}, {'step': 16, 'avg_l2_distance': 1.6018799543380737, 'avg_kl_divergence': 0.5957999229431152, 'entropy': 10.824703216552734}, {'step': 17, 'avg_l2_distance': 2.542093276977539, 'avg_kl_divergence': 0.5963587760925293, 'entropy': 10.82469367980957}, {'step': 18, 'avg_l2_distance': 2.542093276977539, 'avg_kl_divergence': 0.5963587760925293, 'entropy': 10.824771881103516}, {'step': 19, 'avg_l2_distance': 2.542093276977539, 'avg_kl_divergence': 0.5963587760925293, 'entropy': 10.824764251708984}, {'step': 20, 'avg_l2_distance': 2.542093276977539, 'avg_kl_divergence': 0.5963587760925293, 'entropy': 10.824756622314453}, {'step': 21, 'avg_l2_distance': 2.542093276977539, 'avg_kl_divergence': 0.5963587760925293, 'entropy': 10.824748992919922}, {'step': 22, 'avg_l2_distance': 2.542093276977539, 'avg_kl_divergence': 0.5963587760925293, 'entropy': 10.824739456176758}, {'step': 23, 'avg_l2_distance': 2.542093276977539, 'avg_kl_divergence': 0.5963587760925293, 'entropy': 10.824728012084961}, {'step': 24, 'avg_l2_distance': 2.542093276977539, 'avg_kl_divergence': 0.5963587760925293, 'entropy': 10.824715614318848}, {'step': 25, 'avg_l2_distance': 2.542093276977539, 'avg_kl_divergence': 0.5963587760925293, 'entropy': 10.824703216552734}, {'step': 26, 'avg_l2_distance': 2.542093276977539, 'avg_kl_divergence': 0.5963587760925293, 'entropy': 10.824687004089355}, {'step': 27, 'avg_l2_distance': 2.542093276977539, 'avg_kl_divergence': 0.5963587760925293, 'entropy': 10.824670791625977}, {'step': 28, 'avg_l2_distance': 2.542093276977539, 'avg_kl_divergence': 0.5963587760925293, 'entropy': 10.824649810791016}, {'step': 29, 'avg_l2_distance': 2.542093276977539, 'avg_kl_divergence': 0.5963587760925293, 'entropy': 10.824626922607422}, {'step': 30, 'avg_l2_distance': 2.542093276977539, 'avg_kl_divergence': 0.5963587760925293, 'entropy': 10.824600219726562}, {'step': 31, 'avg_l2_distance': 2.542093276977539, 'avg_kl_divergence': 0.5963587760925293, 'entropy': 10.824569702148438}, {'step': 32, 'avg_l2_distance': 2.542093276977539, 'avg_kl_divergence': 0.5963587760925293, 'entropy': 10.824533462524414}, {'step': 33, 'avg_l2_distance': 2.542093276977539, 'avg_kl_divergence': 0.5963587760925293, 'entropy': 10.824491500854492}, {'step': 34, 'avg_l2_distance': 2.542093276977539, 'avg_kl_divergence': 0.5963587760925293, 'entropy': 10.824438095092773}, {'step': 35, 'avg_l2_distance': 2.542093276977539, 'avg_kl_divergence': 0.5963587760925293, 'entropy': 10.824378967285156}, {'step': 36, 'avg_l2_distance': 2.542093276977539, 'avg_kl_divergence': 0.5963587760925293, 'entropy': 10.824300765991211}, {'step': 37, 'avg_l2_distance': 2.542093276977539, 'avg_kl_divergence': 0.5963587760925293, 'entropy': 10.824207305908203}, {'step': 38, 'avg_l2_distance': 2.542093276977539, 'avg_kl_divergence': 0.5963587760925293, 'entropy': 10.824089050292969}, {'step': 39, 'avg_l2_distance': 2.542093276977539, 'avg_kl_divergence': 0.5963587760925293, 'entropy': 10.823936462402344}, {'step': 40, 'avg_l2_distance': 2.542093276977539, 'avg_kl_divergence': 0.5963587760925293, 'entropy': 10.82373332977295}, {'step': 41, 'avg_l2_distance': 2.542093276977539, 'avg_kl_divergence': 0.5963587760925293, 'entropy': 10.82345962524414}, {'step': 42, 'avg_l2_distance': 2.542093276977539, 'avg_kl_divergence': 0.5963587760925293, 'entropy': 10.82307243347168}, {'step': 43, 'avg_l2_distance': 2.542093276977539, 'avg_kl_divergence': 0.5963587760925293, 'entropy': 10.822505950927734}, {'step': 44, 'avg_l2_distance': 2.542093276977539, 'avg_kl_divergence': 0.5963587760925293, 'entropy': 10.821617126464844}, {'step': 45, 'avg_l2_distance': 2.542093276977539, 'avg_kl_divergence': 0.5963587760925293, 'entropy': 10.820110321044922}, {'step': 46, 'avg_l2_distance': 2.542093276977539, 'avg_kl_divergence': 0.5963587760925293, 'entropy': 10.817218780517578}, {'step': 47, 'avg_l2_distance': 2.542093276977539, 'avg_kl_divergence': 0.5963587760925293, 'entropy': 10.810423851013184}, {'step': 48, 'avg_l2_distance': 2.542093276977539, 'avg_kl_divergence': 0.5963587760925293, 'entropy': 10.786579132080078}, {'step': 49, 'avg_l2_distance': 2.542093276977539, 'avg_kl_divergence': 0.5963587760925293, 'entropy': 10.230941772460938}]",2.542093276977539,0.5963587760925293,0.0
129,policy,True,"[{'step': 0, 'avg_l2_distance': 2.403651714324951, 'avg_kl_divergence': 8.894325256347656, 'entropy': 10.82483959197998}, {'step': 1, 'avg_l2_distance': 2.4198100566864014, 'avg_kl_divergence': 11.470483779907227, 'entropy': 10.824838638305664}, {'step': 2, 'avg_l2_distance': 2.4106926918029785, 'avg_kl_divergence': 9.931734085083008, 'entropy': 10.8247709274292}, {'step': 3, 'avg_l2_distance': 2.130882740020752, 'avg_kl_divergence': 13.481392860412598, 'entropy': 10.824817657470703}, {'step': 4, 'avg_l2_distance': 2.130882740020752, 'avg_kl_divergence': 13.481392860412598, 'entropy': 10.824821472167969}, {'step': 5, 'avg_l2_distance': 2.130882740020752, 'avg_kl_divergence': 13.481392860412598, 'entropy': 10.824817657470703}, {'step': 6, 'avg_l2_distance': 2.6191091537475586, 'avg_kl_divergence': 9.411686897277832, 'entropy': 10.82481575012207}, {'step': 7, 'avg_l2_distance': 2.0500001907348633, 'avg_kl_divergence': 14.284494400024414, 'entropy': 10.824813842773438}, {'step': 8, 'avg_l2_distance': 2.3765203952789307, 'avg_kl_divergence': 9.40111255645752, 'entropy': 10.824804306030273}, {'step': 9, 'avg_l2_distance': 2.3765203952789307, 'avg_kl_divergence': 9.40111255645752, 'entropy': 10.824817657470703}, {'step': 10, 'avg_l2_distance': 2.3765203952789307, 'avg_kl_divergence': 9.40111255645752, 'entropy': 10.824814796447754}, {'step': 11, 'avg_l2_distance': 2.3765203952789307, 'avg_kl_divergence': 9.40111255645752, 'entropy': 10.824811935424805}, {'step': 12, 'avg_l2_distance': 2.3765203952789307, 'avg_kl_divergence': 9.40111255645752, 'entropy': 10.824808120727539}, {'step': 13, 'avg_l2_distance': 2.3174586296081543, 'avg_kl_divergence': 10.186646461486816, 'entropy': 10.824804306030273}, {'step': 14, 'avg_l2_distance': 2.461188554763794, 'avg_kl_divergence': 7.171174049377441, 'entropy': 10.824750900268555}, {'step': 15, 'avg_l2_distance': 2.461188554763794, 'avg_kl_divergence': 7.171174049377441, 'entropy': 10.8247652053833}, {'step': 16, 'avg_l2_distance': 2.461188554763794, 'avg_kl_divergence': 7.171174049377441, 'entropy': 10.824759483337402}, {'step': 17, 'avg_l2_distance': 2.461188554763794, 'avg_kl_divergence': 7.171174049377441, 'entropy': 10.824752807617188}, {'step': 18, 'avg_l2_distance': 2.461188554763794, 'avg_kl_divergence': 7.171174049377441, 'entropy': 10.824746131896973}, {'step': 19, 'avg_l2_distance': 2.461188554763794, 'avg_kl_divergence': 7.171174049377441, 'entropy': 10.824737548828125}, {'step': 20, 'avg_l2_distance': 2.461188554763794, 'avg_kl_divergence': 7.171174049377441, 'entropy': 10.824729919433594}, {'step': 21, 'avg_l2_distance': 2.461188554763794, 'avg_kl_divergence': 7.171174049377441, 'entropy': 10.824721336364746}, {'step': 22, 'avg_l2_distance': 2.461188554763794, 'avg_kl_divergence': 7.171174049377441, 'entropy': 10.824710845947266}, {'step': 23, 'avg_l2_distance': 2.461188554763794, 'avg_kl_divergence': 7.171174049377441, 'entropy': 10.824699401855469}, {'step': 24, 'avg_l2_distance': 2.461188554763794, 'avg_kl_divergence': 7.171174049377441, 'entropy': 10.824687004089355}, {'step': 25, 'avg_l2_distance': 2.461188554763794, 'avg_kl_divergence': 7.171174049377441, 'entropy': 10.824673652648926}, {'step': 26, 'avg_l2_distance': 2.461188554763794, 'avg_kl_divergence': 7.171174049377441, 'entropy': 10.824657440185547}, {'step': 27, 'avg_l2_distance': 2.461188554763794, 'avg_kl_divergence': 7.171174049377441, 'entropy': 10.824638366699219}, {'step': 28, 'avg_l2_distance': 2.461188554763794, 'avg_kl_divergence': 7.171174049377441, 'entropy': 10.82461929321289}, {'step': 29, 'avg_l2_distance': 2.461188554763794, 'avg_kl_divergence': 7.171174049377441, 'entropy': 10.824596405029297}, {'step': 30, 'avg_l2_distance': 2.461188554763794, 'avg_kl_divergence': 7.171174049377441, 'entropy': 10.824569702148438}, {'step': 31, 'avg_l2_distance': 2.388331651687622, 'avg_kl_divergence': 13.327201843261719, 'entropy': 10.82453727722168}, {'step': 32, 'avg_l2_distance': 2.388331651687622, 'avg_kl_divergence': 13.327201843261719, 'entropy': 10.824482917785645}, {'step': 33, 'avg_l2_distance': 2.388331651687622, 'avg_kl_divergence': 13.327201843261719, 'entropy': 10.824438095092773}, {'step': 34, 'avg_l2_distance': 2.388331651687622, 'avg_kl_divergence': 13.327201843261719, 'entropy': 10.824383735656738}, {'step': 35, 'avg_l2_distance': 2.4036076068878174, 'avg_kl_divergence': 8.435602188110352, 'entropy': 10.82431697845459}, {'step': 36, 'avg_l2_distance': 2.4036076068878174, 'avg_kl_divergence': 8.435602188110352, 'entropy': 10.82427978515625}, {'step': 37, 'avg_l2_distance': 2.4036076068878174, 'avg_kl_divergence': 8.435602188110352, 'entropy': 10.824180603027344}, {'step': 38, 'avg_l2_distance': 2.4036076068878174, 'avg_kl_divergence': 8.435602188110352, 'entropy': 10.824055671691895}, {'step': 39, 'avg_l2_distance': 2.4036076068878174, 'avg_kl_divergence': 8.435602188110352, 'entropy': 10.823893547058105}, {'step': 40, 'avg_l2_distance': 2.4036076068878174, 'avg_kl_divergence': 8.435602188110352, 'entropy': 10.82367992401123}, {'step': 41, 'avg_l2_distance': 2.4036076068878174, 'avg_kl_divergence': 8.435602188110352, 'entropy': 10.82339096069336}, {'step': 42, 'avg_l2_distance': 2.4036076068878174, 'avg_kl_divergence': 8.435602188110352, 'entropy': 10.822982788085938}, {'step': 43, 'avg_l2_distance': 2.4036076068878174, 'avg_kl_divergence': 8.435602188110352, 'entropy': 10.822380065917969}, {'step': 44, 'avg_l2_distance': 2.4036076068878174, 'avg_kl_divergence': 8.435602188110352, 'entropy': 10.821440696716309}, {'step': 45, 'avg_l2_distance': 2.4036076068878174, 'avg_kl_divergence': 8.435602188110352, 'entropy': 10.819846153259277}, {'step': 46, 'avg_l2_distance': 2.4036076068878174, 'avg_kl_divergence': 8.435602188110352, 'entropy': 10.816781044006348}, {'step': 47, 'avg_l2_distance': 2.4036076068878174, 'avg_kl_divergence': 8.435602188110352, 'entropy': 10.809579849243164}, {'step': 48, 'avg_l2_distance': 2.4036076068878174, 'avg_kl_divergence': 8.435602188110352, 'entropy': 10.784324645996094}, {'step': 49, 'avg_l2_distance': 2.4036076068878174, 'avg_kl_divergence': 8.435602188110352, 'entropy': 10.252561569213867}]",2.4036076068878174,8.435602188110352,0.0
130,policy,True,"[{'step': 0, 'avg_l2_distance': 2.285665273666382, 'avg_kl_divergence': 6.062526702880859, 'entropy': 10.824824333190918}, {'step': 1, 'avg_l2_distance': 2.285665273666382, 'avg_kl_divergence': 6.062526702880859, 'entropy': 10.824755668640137}, {'step': 2, 'avg_l2_distance': 2.285665273666382, 'avg_kl_divergence': 6.062526702880859, 'entropy': 10.824752807617188}, {'step': 3, 'avg_l2_distance': 2.3020095825195312, 'avg_kl_divergence': 5.426030158996582, 'entropy': 10.824747085571289}, {'step': 4, 'avg_l2_distance': 2.3020095825195312, 'avg_kl_divergence': 5.426030158996582, 'entropy': 10.824796676635742}, {'step': 5, 'avg_l2_distance': 2.3020095825195312, 'avg_kl_divergence': 5.426030158996582, 'entropy': 10.824793815612793}, {'step': 6, 'avg_l2_distance': 2.3020095825195312, 'avg_kl_divergence': 5.426030158996582, 'entropy': 10.824790954589844}, {'step': 7, 'avg_l2_distance': 2.3020095825195312, 'avg_kl_divergence': 5.426030158996582, 'entropy': 10.824787139892578}, {'step': 8, 'avg_l2_distance': 2.3020095825195312, 'avg_kl_divergence': 5.426030158996582, 'entropy': 10.824785232543945}, {'step': 9, 'avg_l2_distance': 2.3020095825195312, 'avg_kl_divergence': 5.426030158996582, 'entropy': 10.824780464172363}, {'step': 10, 'avg_l2_distance': 2.3020095825195312, 'avg_kl_divergence': 5.426030158996582, 'entropy': 10.824776649475098}, {'step': 11, 'avg_l2_distance': 2.3020095825195312, 'avg_kl_divergence': 5.426030158996582, 'entropy': 10.824771881103516}, {'step': 12, 'avg_l2_distance': 2.3020095825195312, 'avg_kl_divergence': 5.426030158996582, 'entropy': 10.82476806640625}, {'step': 13, 'avg_l2_distance': 1.9527753591537476, 'avg_kl_divergence': 6.827496528625488, 'entropy': 10.824763298034668}, {'step': 14, 'avg_l2_distance': 1.9527753591537476, 'avg_kl_divergence': 6.827496528625488, 'entropy': 10.8247652053833}, {'step': 15, 'avg_l2_distance': 1.9527753591537476, 'avg_kl_divergence': 6.827496528625488, 'entropy': 10.824758529663086}, {'step': 16, 'avg_l2_distance': 1.9527753591537476, 'avg_kl_divergence': 6.827496528625488, 'entropy': 10.824752807617188}, {'step': 17, 'avg_l2_distance': 1.9527753591537476, 'avg_kl_divergence': 6.827496528625488, 'entropy': 10.824745178222656}, {'step': 18, 'avg_l2_distance': 2.5622406005859375, 'avg_kl_divergence': 5.233996391296387, 'entropy': 10.824736595153809}, {'step': 19, 'avg_l2_distance': 2.5622406005859375, 'avg_kl_divergence': 5.233996391296387, 'entropy': 10.824756622314453}, {'step': 20, 'avg_l2_distance': 2.5622406005859375, 'avg_kl_divergence': 5.233996391296387, 'entropy': 10.824748992919922}, {'step': 21, 'avg_l2_distance': 2.3705475330352783, 'avg_kl_divergence': 7.265151500701904, 'entropy': 10.824740409851074}, {'step': 22, 'avg_l2_distance': 2.3705475330352783, 'avg_kl_divergence': 7.265151500701904, 'entropy': 10.824695587158203}, {'step': 23, 'avg_l2_distance': 2.3705475330352783, 'avg_kl_divergence': 7.265151500701904, 'entropy': 10.824682235717773}, {'step': 24, 'avg_l2_distance': 2.3705475330352783, 'avg_kl_divergence': 7.265151500701904, 'entropy': 10.824667930603027}, {'step': 25, 'avg_l2_distance': 2.3705475330352783, 'avg_kl_divergence': 7.265151500701904, 'entropy': 10.824651718139648}, {'step': 26, 'avg_l2_distance': 2.3705475330352783, 'avg_kl_divergence': 7.265151500701904, 'entropy': 10.824634552001953}, {'step': 27, 'avg_l2_distance': 2.3705475330352783, 'avg_kl_divergence': 7.265151500701904, 'entropy': 10.824613571166992}, {'step': 28, 'avg_l2_distance': 2.3705475330352783, 'avg_kl_divergence': 7.265151500701904, 'entropy': 10.824590682983398}, {'step': 29, 'avg_l2_distance': 2.3067715167999268, 'avg_kl_divergence': 7.887881278991699, 'entropy': 10.824563980102539}, {'step': 30, 'avg_l2_distance': 2.3067715167999268, 'avg_kl_divergence': 7.887881278991699, 'entropy': 10.82448673248291}, {'step': 31, 'avg_l2_distance': 2.3067715167999268, 'avg_kl_divergence': 7.887881278991699, 'entropy': 10.82444953918457}, {'step': 32, 'avg_l2_distance': 2.3067715167999268, 'avg_kl_divergence': 7.887881278991699, 'entropy': 10.824409484863281}, {'step': 33, 'avg_l2_distance': 2.3067715167999268, 'avg_kl_divergence': 7.887881278991699, 'entropy': 10.824359893798828}, {'step': 34, 'avg_l2_distance': 2.3067715167999268, 'avg_kl_divergence': 7.887881278991699, 'entropy': 10.824302673339844}, {'step': 35, 'avg_l2_distance': 2.3067715167999268, 'avg_kl_divergence': 7.887881278991699, 'entropy': 10.824233055114746}, {'step': 36, 'avg_l2_distance': 2.3067715167999268, 'avg_kl_divergence': 7.887881278991699, 'entropy': 10.824149131774902}, {'step': 37, 'avg_l2_distance': 2.3067715167999268, 'avg_kl_divergence': 7.887881278991699, 'entropy': 10.824043273925781}, {'step': 38, 'avg_l2_distance': 2.3067715167999268, 'avg_kl_divergence': 7.887881278991699, 'entropy': 10.823911666870117}, {'step': 39, 'avg_l2_distance': 2.3067715167999268, 'avg_kl_divergence': 7.887881278991699, 'entropy': 10.823744773864746}, {'step': 40, 'avg_l2_distance': 2.3067715167999268, 'avg_kl_divergence': 7.887881278991699, 'entropy': 10.823524475097656}, {'step': 41, 'avg_l2_distance': 2.3067715167999268, 'avg_kl_divergence': 7.887881278991699, 'entropy': 10.823224067687988}, {'step': 42, 'avg_l2_distance': 2.3067715167999268, 'avg_kl_divergence': 7.887881278991699, 'entropy': 10.822807312011719}, {'step': 43, 'avg_l2_distance': 2.3067715167999268, 'avg_kl_divergence': 7.887881278991699, 'entropy': 10.822195053100586}, {'step': 44, 'avg_l2_distance': 2.3067715167999268, 'avg_kl_divergence': 7.887881278991699, 'entropy': 10.821239471435547}, {'step': 45, 'avg_l2_distance': 2.3067715167999268, 'avg_kl_divergence': 7.887881278991699, 'entropy': 10.819618225097656}, {'step': 46, 'avg_l2_distance': 2.568732261657715, 'avg_kl_divergence': 7.200098037719727, 'entropy': 10.816502571105957}, {'step': 47, 'avg_l2_distance': 2.568732261657715, 'avg_kl_divergence': 7.200098037719727, 'entropy': 10.809465408325195}, {'step': 48, 'avg_l2_distance': 2.568732261657715, 'avg_kl_divergence': 7.200098037719727, 'entropy': 10.78429126739502}, {'step': 49, 'avg_l2_distance': 2.568732261657715, 'avg_kl_divergence': 7.200098037719727, 'entropy': 10.19295883178711}]",2.568732261657715,7.200098037719727,0.0
131,policy,True,"[{'step': 0, 'avg_l2_distance': 2.1677114963531494, 'avg_kl_divergence': 9.808463096618652, 'entropy': 10.82475471496582}, {'step': 1, 'avg_l2_distance': 2.0417168140411377, 'avg_kl_divergence': 9.12812328338623, 'entropy': 10.824800491333008}, {'step': 2, 'avg_l2_distance': 2.0417168140411377, 'avg_kl_divergence': 9.12812328338623, 'entropy': 10.824785232543945}, {'step': 3, 'avg_l2_distance': 2.0417168140411377, 'avg_kl_divergence': 9.12812328338623, 'entropy': 10.82478141784668}, {'step': 4, 'avg_l2_distance': 2.0417168140411377, 'avg_kl_divergence': 9.12812328338623, 'entropy': 10.82477855682373}, {'step': 5, 'avg_l2_distance': 2.0417168140411377, 'avg_kl_divergence': 9.12812328338623, 'entropy': 10.824775695800781}, {'step': 6, 'avg_l2_distance': 2.0417168140411377, 'avg_kl_divergence': 9.12812328338623, 'entropy': 10.824771881103516}, {'step': 7, 'avg_l2_distance': 2.0417168140411377, 'avg_kl_divergence': 9.12812328338623, 'entropy': 10.82476806640625}, {'step': 8, 'avg_l2_distance': 2.0417168140411377, 'avg_kl_divergence': 9.12812328338623, 'entropy': 10.824764251708984}, {'step': 9, 'avg_l2_distance': 2.0417168140411377, 'avg_kl_divergence': 9.12812328338623, 'entropy': 10.824758529663086}, {'step': 10, 'avg_l2_distance': 2.0417168140411377, 'avg_kl_divergence': 9.12812328338623, 'entropy': 10.824756622314453}, {'step': 11, 'avg_l2_distance': 2.0417168140411377, 'avg_kl_divergence': 9.12812328338623, 'entropy': 10.824751853942871}, {'step': 12, 'avg_l2_distance': 2.0417168140411377, 'avg_kl_divergence': 9.12812328338623, 'entropy': 10.824746131896973}, {'step': 13, 'avg_l2_distance': 2.0417168140411377, 'avg_kl_divergence': 9.12812328338623, 'entropy': 10.82474136352539}, {'step': 14, 'avg_l2_distance': 2.0417168140411377, 'avg_kl_divergence': 9.12812328338623, 'entropy': 10.824735641479492}, {'step': 15, 'avg_l2_distance': 2.0417168140411377, 'avg_kl_divergence': 9.12812328338623, 'entropy': 10.824728965759277}, {'step': 16, 'avg_l2_distance': 2.0417168140411377, 'avg_kl_divergence': 9.12812328338623, 'entropy': 10.824721336364746}, {'step': 17, 'avg_l2_distance': 2.0417168140411377, 'avg_kl_divergence': 9.12812328338623, 'entropy': 10.824714660644531}, {'step': 18, 'avg_l2_distance': 2.0417168140411377, 'avg_kl_divergence': 9.12812328338623, 'entropy': 10.82470703125}, {'step': 19, 'avg_l2_distance': 2.0417168140411377, 'avg_kl_divergence': 9.12812328338623, 'entropy': 10.824697494506836}, {'step': 20, 'avg_l2_distance': 2.0417168140411377, 'avg_kl_divergence': 9.12812328338623, 'entropy': 10.824687957763672}, {'step': 21, 'avg_l2_distance': 2.0417168140411377, 'avg_kl_divergence': 9.12812328338623, 'entropy': 10.824676513671875}, {'step': 22, 'avg_l2_distance': 2.0417168140411377, 'avg_kl_divergence': 9.12812328338623, 'entropy': 10.824665069580078}, {'step': 23, 'avg_l2_distance': 2.0417168140411377, 'avg_kl_divergence': 9.12812328338623, 'entropy': 10.824651718139648}, {'step': 24, 'avg_l2_distance': 2.0417168140411377, 'avg_kl_divergence': 9.12812328338623, 'entropy': 10.824636459350586}, {'step': 25, 'avg_l2_distance': 2.0417168140411377, 'avg_kl_divergence': 9.12812328338623, 'entropy': 10.824621200561523}, {'step': 26, 'avg_l2_distance': 2.0417168140411377, 'avg_kl_divergence': 9.12812328338623, 'entropy': 10.824602127075195}, {'step': 27, 'avg_l2_distance': 2.0417168140411377, 'avg_kl_divergence': 9.12812328338623, 'entropy': 10.824581146240234}, {'step': 28, 'avg_l2_distance': 2.0417168140411377, 'avg_kl_divergence': 9.12812328338623, 'entropy': 10.824557304382324}, {'step': 29, 'avg_l2_distance': 2.0417168140411377, 'avg_kl_divergence': 9.12812328338623, 'entropy': 10.824530601501465}, {'step': 30, 'avg_l2_distance': 2.0417168140411377, 'avg_kl_divergence': 9.12812328338623, 'entropy': 10.824499130249023}, {'step': 31, 'avg_l2_distance': 2.0417168140411377, 'avg_kl_divergence': 9.12812328338623, 'entropy': 10.824462890625}, {'step': 32, 'avg_l2_distance': 2.0417168140411377, 'avg_kl_divergence': 9.12812328338623, 'entropy': 10.824420928955078}, {'step': 33, 'avg_l2_distance': 2.0417168140411377, 'avg_kl_divergence': 9.12812328338623, 'entropy': 10.824372291564941}, {'step': 34, 'avg_l2_distance': 2.0417168140411377, 'avg_kl_divergence': 9.12812328338623, 'entropy': 10.82431411743164}, {'step': 35, 'avg_l2_distance': 2.0417168140411377, 'avg_kl_divergence': 9.12812328338623, 'entropy': 10.824241638183594}, {'step': 36, 'avg_l2_distance': 2.0417168140411377, 'avg_kl_divergence': 9.12812328338623, 'entropy': 10.824155807495117}, {'step': 37, 'avg_l2_distance': 2.0417168140411377, 'avg_kl_divergence': 9.12812328338623, 'entropy': 10.824049949645996}, {'step': 38, 'avg_l2_distance': 2.0417168140411377, 'avg_kl_divergence': 9.12812328338623, 'entropy': 10.8239164352417}, {'step': 39, 'avg_l2_distance': 2.0417168140411377, 'avg_kl_divergence': 9.12812328338623, 'entropy': 10.823744773864746}, {'step': 40, 'avg_l2_distance': 1.407234787940979, 'avg_kl_divergence': 8.837453842163086, 'entropy': 10.823519706726074}, {'step': 41, 'avg_l2_distance': 1.407234787940979, 'avg_kl_divergence': 8.837453842163086, 'entropy': 10.822487831115723}, {'step': 42, 'avg_l2_distance': 1.407234787940979, 'avg_kl_divergence': 8.837453842163086, 'entropy': 10.821846008300781}, {'step': 43, 'avg_l2_distance': 1.407234787940979, 'avg_kl_divergence': 8.837453842163086, 'entropy': 10.820900917053223}, {'step': 44, 'avg_l2_distance': 1.407234787940979, 'avg_kl_divergence': 8.837453842163086, 'entropy': 10.819422721862793}, {'step': 45, 'avg_l2_distance': 1.407234787940979, 'avg_kl_divergence': 8.837453842163086, 'entropy': 10.816905975341797}, {'step': 46, 'avg_l2_distance': 1.407234787940979, 'avg_kl_divergence': 8.837453842163086, 'entropy': 10.81204605102539}, {'step': 47, 'avg_l2_distance': 1.407234787940979, 'avg_kl_divergence': 8.837453842163086, 'entropy': 10.800482749938965}, {'step': 48, 'avg_l2_distance': 1.407234787940979, 'avg_kl_divergence': 8.837453842163086, 'entropy': 10.759111404418945}, {'step': 49, 'avg_l2_distance': 1.407234787940979, 'avg_kl_divergence': 8.837453842163086, 'entropy': 10.207387924194336}]",1.407234787940979,8.837453842163086,0.0
132,policy,True,"[{'step': 0, 'avg_l2_distance': 2.45285701751709, 'avg_kl_divergence': 26.158592224121094, 'entropy': 10.82480525970459}, {'step': 1, 'avg_l2_distance': 2.8073315620422363, 'avg_kl_divergence': 20.711275100708008, 'entropy': 10.824789047241211}, {'step': 2, 'avg_l2_distance': 2.8073315620422363, 'avg_kl_divergence': 20.711275100708008, 'entropy': 10.824817657470703}, {'step': 3, 'avg_l2_distance': 2.8073315620422363, 'avg_kl_divergence': 20.711275100708008, 'entropy': 10.824813842773438}, {'step': 4, 'avg_l2_distance': 2.8073315620422363, 'avg_kl_divergence': 20.711275100708008, 'entropy': 10.824811935424805}, {'step': 5, 'avg_l2_distance': 2.8073315620422363, 'avg_kl_divergence': 20.711275100708008, 'entropy': 10.824810028076172}, {'step': 6, 'avg_l2_distance': 2.8073315620422363, 'avg_kl_divergence': 20.711275100708008, 'entropy': 10.824808120727539}, {'step': 7, 'avg_l2_distance': 2.8073315620422363, 'avg_kl_divergence': 20.711275100708008, 'entropy': 10.82480525970459}, {'step': 8, 'avg_l2_distance': 2.713604211807251, 'avg_kl_divergence': 15.958986282348633, 'entropy': 10.82480239868164}, {'step': 9, 'avg_l2_distance': 2.713604211807251, 'avg_kl_divergence': 15.958986282348633, 'entropy': 10.824785232543945}, {'step': 10, 'avg_l2_distance': 2.713604211807251, 'avg_kl_divergence': 15.958986282348633, 'entropy': 10.824782371520996}, {'step': 11, 'avg_l2_distance': 2.713604211807251, 'avg_kl_divergence': 15.958986282348633, 'entropy': 10.82477855682373}, {'step': 12, 'avg_l2_distance': 2.7878432273864746, 'avg_kl_divergence': 17.98493766784668, 'entropy': 10.824773788452148}, {'step': 13, 'avg_l2_distance': 2.7878432273864746, 'avg_kl_divergence': 17.98493766784668, 'entropy': 10.824811935424805}, {'step': 14, 'avg_l2_distance': 2.7878432273864746, 'avg_kl_divergence': 17.98493766784668, 'entropy': 10.824808120727539}, {'step': 15, 'avg_l2_distance': 2.7878432273864746, 'avg_kl_divergence': 17.98493766784668, 'entropy': 10.824804306030273}, {'step': 16, 'avg_l2_distance': 2.7878432273864746, 'avg_kl_divergence': 17.98493766784668, 'entropy': 10.824799537658691}, {'step': 17, 'avg_l2_distance': 2.7878432273864746, 'avg_kl_divergence': 17.98493766784668, 'entropy': 10.824795722961426}, {'step': 18, 'avg_l2_distance': 2.7878432273864746, 'avg_kl_divergence': 17.98493766784668, 'entropy': 10.824790954589844}, {'step': 19, 'avg_l2_distance': 2.7878432273864746, 'avg_kl_divergence': 17.98493766784668, 'entropy': 10.824783325195312}, {'step': 20, 'avg_l2_distance': 2.7878432273864746, 'avg_kl_divergence': 17.98493766784668, 'entropy': 10.824777603149414}, {'step': 21, 'avg_l2_distance': 2.7878432273864746, 'avg_kl_divergence': 17.98493766784668, 'entropy': 10.824769973754883}, {'step': 22, 'avg_l2_distance': 2.7878432273864746, 'avg_kl_divergence': 17.98493766784668, 'entropy': 10.824762344360352}, {'step': 23, 'avg_l2_distance': 2.7878432273864746, 'avg_kl_divergence': 17.98493766784668, 'entropy': 10.824755668640137}, {'step': 24, 'avg_l2_distance': 2.129554033279419, 'avg_kl_divergence': 16.80195426940918, 'entropy': 10.824745178222656}, {'step': 25, 'avg_l2_distance': 2.129554033279419, 'avg_kl_divergence': 16.80195426940918, 'entropy': 10.824512481689453}, {'step': 26, 'avg_l2_distance': 2.129554033279419, 'avg_kl_divergence': 16.80195426940918, 'entropy': 10.824487686157227}, {'step': 27, 'avg_l2_distance': 2.129554033279419, 'avg_kl_divergence': 16.80195426940918, 'entropy': 10.824459075927734}, {'step': 28, 'avg_l2_distance': 2.129554033279419, 'avg_kl_divergence': 16.80195426940918, 'entropy': 10.824426651000977}, {'step': 29, 'avg_l2_distance': 2.129554033279419, 'avg_kl_divergence': 16.80195426940918, 'entropy': 10.82439136505127}, {'step': 30, 'avg_l2_distance': 2.129554033279419, 'avg_kl_divergence': 16.80195426940918, 'entropy': 10.824348449707031}, {'step': 31, 'avg_l2_distance': 2.129554033279419, 'avg_kl_divergence': 16.80195426940918, 'entropy': 10.824300765991211}, {'step': 32, 'avg_l2_distance': 2.129554033279419, 'avg_kl_divergence': 16.80195426940918, 'entropy': 10.824244499206543}, {'step': 33, 'avg_l2_distance': 2.4868013858795166, 'avg_kl_divergence': 15.298833847045898, 'entropy': 10.824178695678711}, {'step': 34, 'avg_l2_distance': 2.4868013858795166, 'avg_kl_divergence': 15.298833847045898, 'entropy': 10.824373245239258}, {'step': 35, 'avg_l2_distance': 2.4868013858795166, 'avg_kl_divergence': 15.298833847045898, 'entropy': 10.82430648803711}, {'step': 36, 'avg_l2_distance': 2.4868013858795166, 'avg_kl_divergence': 15.298833847045898, 'entropy': 10.824228286743164}, {'step': 37, 'avg_l2_distance': 2.4868013858795166, 'avg_kl_divergence': 15.298833847045898, 'entropy': 10.824129104614258}, {'step': 38, 'avg_l2_distance': 2.4868013858795166, 'avg_kl_divergence': 15.298833847045898, 'entropy': 10.824007987976074}, {'step': 39, 'avg_l2_distance': 2.4868013858795166, 'avg_kl_divergence': 15.298833847045898, 'entropy': 10.823848724365234}, {'step': 40, 'avg_l2_distance': 2.4868013858795166, 'avg_kl_divergence': 15.298833847045898, 'entropy': 10.82364273071289}, {'step': 41, 'avg_l2_distance': 2.4868013858795166, 'avg_kl_divergence': 15.298833847045898, 'entropy': 10.823363304138184}, {'step': 42, 'avg_l2_distance': 2.4868013858795166, 'avg_kl_divergence': 15.298833847045898, 'entropy': 10.822972297668457}, {'step': 43, 'avg_l2_distance': 2.4868013858795166, 'avg_kl_divergence': 15.298833847045898, 'entropy': 10.82240104675293}, {'step': 44, 'avg_l2_distance': 2.4868013858795166, 'avg_kl_divergence': 15.298833847045898, 'entropy': 10.821514129638672}, {'step': 45, 'avg_l2_distance': 2.4868013858795166, 'avg_kl_divergence': 15.298833847045898, 'entropy': 10.820013046264648}, {'step': 46, 'avg_l2_distance': 2.4868013858795166, 'avg_kl_divergence': 15.298833847045898, 'entropy': 10.817144393920898}, {'step': 47, 'avg_l2_distance': 2.4868013858795166, 'avg_kl_divergence': 15.298833847045898, 'entropy': 10.810388565063477}, {'step': 48, 'avg_l2_distance': 2.4868013858795166, 'avg_kl_divergence': 15.298833847045898, 'entropy': 10.78632926940918}, {'step': 49, 'avg_l2_distance': 2.4868013858795166, 'avg_kl_divergence': 15.298833847045898, 'entropy': 10.23503303527832}]",2.4868013858795166,15.298833847045898,0.0
133,policy,True,"[{'step': 0, 'avg_l2_distance': 2.8756635189056396, 'avg_kl_divergence': 4.089273452758789, 'entropy': 10.824792861938477}, {'step': 1, 'avg_l2_distance': 2.4101920127868652, 'avg_kl_divergence': 4.388869285583496, 'entropy': 10.824824333190918}, {'step': 2, 'avg_l2_distance': 2.4101920127868652, 'avg_kl_divergence': 4.388869285583496, 'entropy': 10.82482624053955}, {'step': 3, 'avg_l2_distance': 2.4101920127868652, 'avg_kl_divergence': 4.388869285583496, 'entropy': 10.824824333190918}, {'step': 4, 'avg_l2_distance': 2.4101920127868652, 'avg_kl_divergence': 4.388869285583496, 'entropy': 10.824822425842285}, {'step': 5, 'avg_l2_distance': 2.4101920127868652, 'avg_kl_divergence': 4.388869285583496, 'entropy': 10.824821472167969}, {'step': 6, 'avg_l2_distance': 2.4101920127868652, 'avg_kl_divergence': 4.388869285583496, 'entropy': 10.82481861114502}, {'step': 7, 'avg_l2_distance': 2.4101920127868652, 'avg_kl_divergence': 4.388869285583496, 'entropy': 10.82481575012207}, {'step': 8, 'avg_l2_distance': 2.4101920127868652, 'avg_kl_divergence': 4.388869285583496, 'entropy': 10.824812889099121}, {'step': 9, 'avg_l2_distance': 2.4101920127868652, 'avg_kl_divergence': 4.388869285583496, 'entropy': 10.824810981750488}, {'step': 10, 'avg_l2_distance': 2.4101920127868652, 'avg_kl_divergence': 4.388869285583496, 'entropy': 10.824807167053223}, {'step': 11, 'avg_l2_distance': 2.4101920127868652, 'avg_kl_divergence': 4.388869285583496, 'entropy': 10.824803352355957}, {'step': 12, 'avg_l2_distance': 2.4101920127868652, 'avg_kl_divergence': 4.388869285583496, 'entropy': 10.824800491333008}, {'step': 13, 'avg_l2_distance': 2.4101920127868652, 'avg_kl_divergence': 4.388869285583496, 'entropy': 10.824795722961426}, {'step': 14, 'avg_l2_distance': 2.4101920127868652, 'avg_kl_divergence': 4.388869285583496, 'entropy': 10.82479190826416}, {'step': 15, 'avg_l2_distance': 2.4101920127868652, 'avg_kl_divergence': 4.388869285583496, 'entropy': 10.824787139892578}, {'step': 16, 'avg_l2_distance': 2.1737325191497803, 'avg_kl_divergence': 4.162001609802246, 'entropy': 10.824783325195312}, {'step': 17, 'avg_l2_distance': 2.1737325191497803, 'avg_kl_divergence': 4.162001609802246, 'entropy': 10.824713706970215}, {'step': 18, 'avg_l2_distance': 2.1737325191497803, 'avg_kl_divergence': 4.162001609802246, 'entropy': 10.824703216552734}, {'step': 19, 'avg_l2_distance': 2.1737325191497803, 'avg_kl_divergence': 4.162001609802246, 'entropy': 10.824695587158203}, {'step': 20, 'avg_l2_distance': 2.1737325191497803, 'avg_kl_divergence': 4.162001609802246, 'entropy': 10.824684143066406}, {'step': 21, 'avg_l2_distance': 2.1737325191497803, 'avg_kl_divergence': 4.162001609802246, 'entropy': 10.82467269897461}, {'step': 22, 'avg_l2_distance': 2.1737325191497803, 'avg_kl_divergence': 4.162001609802246, 'entropy': 10.82465934753418}, {'step': 23, 'avg_l2_distance': 2.1737325191497803, 'avg_kl_divergence': 4.162001609802246, 'entropy': 10.82464599609375}, {'step': 24, 'avg_l2_distance': 2.1737325191497803, 'avg_kl_divergence': 4.162001609802246, 'entropy': 10.824628829956055}, {'step': 25, 'avg_l2_distance': 2.1737325191497803, 'avg_kl_divergence': 4.162001609802246, 'entropy': 10.824610710144043}, {'step': 26, 'avg_l2_distance': 2.1737325191497803, 'avg_kl_divergence': 4.162001609802246, 'entropy': 10.824590682983398}, {'step': 27, 'avg_l2_distance': 2.1737325191497803, 'avg_kl_divergence': 4.162001609802246, 'entropy': 10.824568748474121}, {'step': 28, 'avg_l2_distance': 2.1737325191497803, 'avg_kl_divergence': 4.162001609802246, 'entropy': 10.824542045593262}, {'step': 29, 'avg_l2_distance': 2.1737325191497803, 'avg_kl_divergence': 4.162001609802246, 'entropy': 10.824512481689453}, {'step': 30, 'avg_l2_distance': 2.1737325191497803, 'avg_kl_divergence': 4.162001609802246, 'entropy': 10.824478149414062}, {'step': 31, 'avg_l2_distance': 2.1737325191497803, 'avg_kl_divergence': 4.162001609802246, 'entropy': 10.824438095092773}, {'step': 32, 'avg_l2_distance': 2.1737325191497803, 'avg_kl_divergence': 4.162001609802246, 'entropy': 10.824393272399902}, {'step': 33, 'avg_l2_distance': 2.1737325191497803, 'avg_kl_divergence': 4.162001609802246, 'entropy': 10.824338912963867}, {'step': 34, 'avg_l2_distance': 2.1737325191497803, 'avg_kl_divergence': 4.162001609802246, 'entropy': 10.824273109436035}, {'step': 35, 'avg_l2_distance': 2.1737325191497803, 'avg_kl_divergence': 4.162001609802246, 'entropy': 10.824196815490723}, {'step': 36, 'avg_l2_distance': 2.1737325191497803, 'avg_kl_divergence': 4.162001609802246, 'entropy': 10.824101448059082}, {'step': 37, 'avg_l2_distance': 2.1737325191497803, 'avg_kl_divergence': 4.162001609802246, 'entropy': 10.823984146118164}, {'step': 38, 'avg_l2_distance': 2.1737325191497803, 'avg_kl_divergence': 4.162001609802246, 'entropy': 10.823837280273438}, {'step': 39, 'avg_l2_distance': 2.1737325191497803, 'avg_kl_divergence': 4.162001609802246, 'entropy': 10.823646545410156}, {'step': 40, 'avg_l2_distance': 2.1737325191497803, 'avg_kl_divergence': 4.162001609802246, 'entropy': 10.823397636413574}, {'step': 41, 'avg_l2_distance': 2.1737325191497803, 'avg_kl_divergence': 4.162001609802246, 'entropy': 10.823060035705566}, {'step': 42, 'avg_l2_distance': 2.1737325191497803, 'avg_kl_divergence': 4.162001609802246, 'entropy': 10.822587966918945}, {'step': 43, 'avg_l2_distance': 2.1737325191497803, 'avg_kl_divergence': 4.162001609802246, 'entropy': 10.821893692016602}, {'step': 44, 'avg_l2_distance': 2.1737325191497803, 'avg_kl_divergence': 4.162001609802246, 'entropy': 10.820810317993164}, {'step': 45, 'avg_l2_distance': 2.1737325191497803, 'avg_kl_divergence': 4.162001609802246, 'entropy': 10.8189697265625}, {'step': 46, 'avg_l2_distance': 2.1737325191497803, 'avg_kl_divergence': 4.162001609802246, 'entropy': 10.815433502197266}, {'step': 47, 'avg_l2_distance': 2.1737325191497803, 'avg_kl_divergence': 4.162001609802246, 'entropy': 10.807090759277344}, {'step': 48, 'avg_l2_distance': 2.1737325191497803, 'avg_kl_divergence': 4.162001609802246, 'entropy': 10.777616500854492}, {'step': 49, 'avg_l2_distance': 2.1737325191497803, 'avg_kl_divergence': 4.162001609802246, 'entropy': 10.315149307250977}]",2.1737325191497803,4.162001609802246,0.0
134,policy,True,"[{'step': 0, 'avg_l2_distance': 2.0805044174194336, 'avg_kl_divergence': 9.934791564941406, 'entropy': 10.824821472167969}, {'step': 1, 'avg_l2_distance': 2.1167869567871094, 'avg_kl_divergence': 10.941681861877441, 'entropy': 10.824819564819336}, {'step': 2, 'avg_l2_distance': 2.1167869567871094, 'avg_kl_divergence': 10.941681861877441, 'entropy': 10.824831008911133}, {'step': 3, 'avg_l2_distance': 1.9630093574523926, 'avg_kl_divergence': 7.892816066741943, 'entropy': 10.8248291015625}, {'step': 4, 'avg_l2_distance': 1.9630093574523926, 'avg_kl_divergence': 7.892816066741943, 'entropy': 10.824787139892578}, {'step': 5, 'avg_l2_distance': 1.9630093574523926, 'avg_kl_divergence': 7.892816066741943, 'entropy': 10.824783325195312}, {'step': 6, 'avg_l2_distance': 1.9630093574523926, 'avg_kl_divergence': 7.892816066741943, 'entropy': 10.824779510498047}, {'step': 7, 'avg_l2_distance': 2.22391414642334, 'avg_kl_divergence': 12.756799697875977, 'entropy': 10.824775695800781}, {'step': 8, 'avg_l2_distance': 2.22391414642334, 'avg_kl_divergence': 12.756799697875977, 'entropy': 10.824702262878418}, {'step': 9, 'avg_l2_distance': 2.22391414642334, 'avg_kl_divergence': 12.756799697875977, 'entropy': 10.82469654083252}, {'step': 10, 'avg_l2_distance': 2.6982569694519043, 'avg_kl_divergence': 5.361869812011719, 'entropy': 10.824689865112305}, {'step': 11, 'avg_l2_distance': 2.6982569694519043, 'avg_kl_divergence': 5.361869812011719, 'entropy': 10.824792861938477}, {'step': 12, 'avg_l2_distance': 2.6982569694519043, 'avg_kl_divergence': 5.361869812011719, 'entropy': 10.824789047241211}, {'step': 13, 'avg_l2_distance': 2.6982569694519043, 'avg_kl_divergence': 5.361869812011719, 'entropy': 10.824785232543945}, {'step': 14, 'avg_l2_distance': 2.6982569694519043, 'avg_kl_divergence': 5.361869812011719, 'entropy': 10.824780464172363}, {'step': 15, 'avg_l2_distance': 2.6982569694519043, 'avg_kl_divergence': 5.361869812011719, 'entropy': 10.824775695800781}, {'step': 16, 'avg_l2_distance': 2.6982569694519043, 'avg_kl_divergence': 5.361869812011719, 'entropy': 10.8247709274292}, {'step': 17, 'avg_l2_distance': 2.6982569694519043, 'avg_kl_divergence': 5.361869812011719, 'entropy': 10.824764251708984}, {'step': 18, 'avg_l2_distance': 2.6982569694519043, 'avg_kl_divergence': 5.361869812011719, 'entropy': 10.824758529663086}, {'step': 19, 'avg_l2_distance': 2.6982569694519043, 'avg_kl_divergence': 5.361869812011719, 'entropy': 10.824751853942871}, {'step': 20, 'avg_l2_distance': 2.6982569694519043, 'avg_kl_divergence': 5.361869812011719, 'entropy': 10.824745178222656}, {'step': 21, 'avg_l2_distance': 2.6982569694519043, 'avg_kl_divergence': 5.361869812011719, 'entropy': 10.824735641479492}, {'step': 22, 'avg_l2_distance': 2.1565117835998535, 'avg_kl_divergence': 4.676508903503418, 'entropy': 10.824727058410645}, {'step': 23, 'avg_l2_distance': 2.1565117835998535, 'avg_kl_divergence': 4.676508903503418, 'entropy': 10.82469367980957}, {'step': 24, 'avg_l2_distance': 2.1565117835998535, 'avg_kl_divergence': 4.676508903503418, 'entropy': 10.82468032836914}, {'step': 25, 'avg_l2_distance': 2.1565117835998535, 'avg_kl_divergence': 4.676508903503418, 'entropy': 10.824663162231445}, {'step': 26, 'avg_l2_distance': 2.1565117835998535, 'avg_kl_divergence': 4.676508903503418, 'entropy': 10.824646949768066}, {'step': 27, 'avg_l2_distance': 2.1565117835998535, 'avg_kl_divergence': 4.676508903503418, 'entropy': 10.824626922607422}, {'step': 28, 'avg_l2_distance': 2.1565117835998535, 'avg_kl_divergence': 4.676508903503418, 'entropy': 10.824603080749512}, {'step': 29, 'avg_l2_distance': 2.1565117835998535, 'avg_kl_divergence': 4.676508903503418, 'entropy': 10.824577331542969}, {'step': 30, 'avg_l2_distance': 2.1565117835998535, 'avg_kl_divergence': 4.676508903503418, 'entropy': 10.82454776763916}, {'step': 31, 'avg_l2_distance': 2.1565117835998535, 'avg_kl_divergence': 4.676508903503418, 'entropy': 10.824512481689453}, {'step': 32, 'avg_l2_distance': 2.1565117835998535, 'avg_kl_divergence': 4.676508903503418, 'entropy': 10.824470520019531}, {'step': 33, 'avg_l2_distance': 2.1565117835998535, 'avg_kl_divergence': 4.676508903503418, 'entropy': 10.824422836303711}, {'step': 34, 'avg_l2_distance': 2.1565117835998535, 'avg_kl_divergence': 4.676508903503418, 'entropy': 10.824363708496094}, {'step': 35, 'avg_l2_distance': 2.1565117835998535, 'avg_kl_divergence': 4.676508903503418, 'entropy': 10.82429313659668}, {'step': 36, 'avg_l2_distance': 2.1565117835998535, 'avg_kl_divergence': 4.676508903503418, 'entropy': 10.824207305908203}, {'step': 37, 'avg_l2_distance': 2.1565117835998535, 'avg_kl_divergence': 4.676508903503418, 'entropy': 10.824101448059082}, {'step': 38, 'avg_l2_distance': 2.1565117835998535, 'avg_kl_divergence': 4.676508903503418, 'entropy': 10.823966979980469}, {'step': 39, 'avg_l2_distance': 1.602305293083191, 'avg_kl_divergence': 8.54330062866211, 'entropy': 10.823793411254883}, {'step': 40, 'avg_l2_distance': 1.602305293083191, 'avg_kl_divergence': 8.54330062866211, 'entropy': 10.823461532592773}, {'step': 41, 'avg_l2_distance': 1.602305293083191, 'avg_kl_divergence': 8.54330062866211, 'entropy': 10.823122024536133}, {'step': 42, 'avg_l2_distance': 1.602305293083191, 'avg_kl_divergence': 8.54330062866211, 'entropy': 10.822643280029297}, {'step': 43, 'avg_l2_distance': 1.602305293083191, 'avg_kl_divergence': 8.54330062866211, 'entropy': 10.821938514709473}, {'step': 44, 'avg_l2_distance': 1.602305293083191, 'avg_kl_divergence': 8.54330062866211, 'entropy': 10.820834159851074}, {'step': 45, 'avg_l2_distance': 1.602305293083191, 'avg_kl_divergence': 8.54330062866211, 'entropy': 10.818957328796387}, {'step': 46, 'avg_l2_distance': 1.602305293083191, 'avg_kl_divergence': 8.54330062866211, 'entropy': 10.815338134765625}, {'step': 47, 'avg_l2_distance': 1.602305293083191, 'avg_kl_divergence': 8.54330062866211, 'entropy': 10.80673599243164}, {'step': 48, 'avg_l2_distance': 1.602305293083191, 'avg_kl_divergence': 8.54330062866211, 'entropy': 10.775810241699219}, {'step': 49, 'avg_l2_distance': 1.602305293083191, 'avg_kl_divergence': 8.54330062866211, 'entropy': 10.318414688110352}]",1.602305293083191,8.54330062866211,0.0
135,policy,True,"[{'step': 0, 'avg_l2_distance': 2.1378848552703857, 'avg_kl_divergence': 4.625866889953613, 'entropy': 10.824811935424805}, {'step': 1, 'avg_l2_distance': 2.1378848552703857, 'avg_kl_divergence': 4.625866889953613, 'entropy': 10.82481861114502}, {'step': 2, 'avg_l2_distance': 2.1378848552703857, 'avg_kl_divergence': 4.625866889953613, 'entropy': 10.82481575012207}, {'step': 3, 'avg_l2_distance': 2.1378848552703857, 'avg_kl_divergence': 4.625866889953613, 'entropy': 10.824811935424805}, {'step': 4, 'avg_l2_distance': 2.1378848552703857, 'avg_kl_divergence': 4.625866889953613, 'entropy': 10.824809074401855}, {'step': 5, 'avg_l2_distance': 2.1378848552703857, 'avg_kl_divergence': 4.625866889953613, 'entropy': 10.824806213378906}, {'step': 6, 'avg_l2_distance': 2.1378848552703857, 'avg_kl_divergence': 4.625866889953613, 'entropy': 10.824804306030273}, {'step': 7, 'avg_l2_distance': 2.1378848552703857, 'avg_kl_divergence': 4.625866889953613, 'entropy': 10.824800491333008}, {'step': 8, 'avg_l2_distance': 2.1378848552703857, 'avg_kl_divergence': 4.625866889953613, 'entropy': 10.824796676635742}, {'step': 9, 'avg_l2_distance': 2.1378848552703857, 'avg_kl_divergence': 4.625866889953613, 'entropy': 10.824792861938477}, {'step': 10, 'avg_l2_distance': 2.1378848552703857, 'avg_kl_divergence': 4.625866889953613, 'entropy': 10.824788093566895}, {'step': 11, 'avg_l2_distance': 2.1378848552703857, 'avg_kl_divergence': 4.625866889953613, 'entropy': 10.824784278869629}, {'step': 12, 'avg_l2_distance': 2.1378848552703857, 'avg_kl_divergence': 4.625866889953613, 'entropy': 10.82477855682373}, {'step': 13, 'avg_l2_distance': 2.1378848552703857, 'avg_kl_divergence': 4.625866889953613, 'entropy': 10.824773788452148}, {'step': 14, 'avg_l2_distance': 2.1378848552703857, 'avg_kl_divergence': 4.625866889953613, 'entropy': 10.82476806640625}, {'step': 15, 'avg_l2_distance': 2.1378848552703857, 'avg_kl_divergence': 4.625866889953613, 'entropy': 10.824760437011719}, {'step': 16, 'avg_l2_distance': 2.1378848552703857, 'avg_kl_divergence': 4.625866889953613, 'entropy': 10.82475471496582}, {'step': 17, 'avg_l2_distance': 2.1378848552703857, 'avg_kl_divergence': 4.625866889953613, 'entropy': 10.824747085571289}, {'step': 18, 'avg_l2_distance': 2.1378848552703857, 'avg_kl_divergence': 4.625866889953613, 'entropy': 10.824737548828125}, {'step': 19, 'avg_l2_distance': 2.185004472732544, 'avg_kl_divergence': 6.606188774108887, 'entropy': 10.824729919433594}, {'step': 20, 'avg_l2_distance': 2.185004472732544, 'avg_kl_divergence': 6.606188774108887, 'entropy': 10.824756622314453}, {'step': 21, 'avg_l2_distance': 2.185004472732544, 'avg_kl_divergence': 6.606188774108887, 'entropy': 10.824747085571289}, {'step': 22, 'avg_l2_distance': 2.185004472732544, 'avg_kl_divergence': 6.606188774108887, 'entropy': 10.824735641479492}, {'step': 23, 'avg_l2_distance': 2.185004472732544, 'avg_kl_divergence': 6.606188774108887, 'entropy': 10.824724197387695}, {'step': 24, 'avg_l2_distance': 2.185004472732544, 'avg_kl_divergence': 6.606188774108887, 'entropy': 10.824710845947266}, {'step': 25, 'avg_l2_distance': 2.185004472732544, 'avg_kl_divergence': 6.606188774108887, 'entropy': 10.82469654083252}, {'step': 26, 'avg_l2_distance': 2.185004472732544, 'avg_kl_divergence': 6.606188774108887, 'entropy': 10.824678421020508}, {'step': 27, 'avg_l2_distance': 2.185004472732544, 'avg_kl_divergence': 6.606188774108887, 'entropy': 10.82465934753418}, {'step': 28, 'avg_l2_distance': 2.185004472732544, 'avg_kl_divergence': 6.606188774108887, 'entropy': 10.824636459350586}, {'step': 29, 'avg_l2_distance': 2.185004472732544, 'avg_kl_divergence': 6.606188774108887, 'entropy': 10.824610710144043}, {'step': 30, 'avg_l2_distance': 2.185004472732544, 'avg_kl_divergence': 6.606188774108887, 'entropy': 10.824579238891602}, {'step': 31, 'avg_l2_distance': 2.185004472732544, 'avg_kl_divergence': 6.606188774108887, 'entropy': 10.824544906616211}, {'step': 32, 'avg_l2_distance': 2.185004472732544, 'avg_kl_divergence': 6.606188774108887, 'entropy': 10.824502944946289}, {'step': 33, 'avg_l2_distance': 2.185004472732544, 'avg_kl_divergence': 6.606188774108887, 'entropy': 10.824451446533203}, {'step': 34, 'avg_l2_distance': 2.185004472732544, 'avg_kl_divergence': 6.606188774108887, 'entropy': 10.824392318725586}, {'step': 35, 'avg_l2_distance': 2.4002866744995117, 'avg_kl_divergence': 4.6329755783081055, 'entropy': 10.824318885803223}, {'step': 36, 'avg_l2_distance': 2.4002866744995117, 'avg_kl_divergence': 4.6329755783081055, 'entropy': 10.824270248413086}, {'step': 37, 'avg_l2_distance': 2.4002866744995117, 'avg_kl_divergence': 4.6329755783081055, 'entropy': 10.82416820526123}, {'step': 38, 'avg_l2_distance': 2.4002866744995117, 'avg_kl_divergence': 4.6329755783081055, 'entropy': 10.824039459228516}, {'step': 39, 'avg_l2_distance': 2.4002866744995117, 'avg_kl_divergence': 4.6329755783081055, 'entropy': 10.823875427246094}, {'step': 40, 'avg_l2_distance': 2.4002866744995117, 'avg_kl_divergence': 4.6329755783081055, 'entropy': 10.82365608215332}, {'step': 41, 'avg_l2_distance': 2.4002866744995117, 'avg_kl_divergence': 4.6329755783081055, 'entropy': 10.823359489440918}, {'step': 42, 'avg_l2_distance': 2.4002866744995117, 'avg_kl_divergence': 4.6329755783081055, 'entropy': 10.822942733764648}, {'step': 43, 'avg_l2_distance': 2.4002866744995117, 'avg_kl_divergence': 4.6329755783081055, 'entropy': 10.822328567504883}, {'step': 44, 'avg_l2_distance': 2.4002866744995117, 'avg_kl_divergence': 4.6329755783081055, 'entropy': 10.821369171142578}, {'step': 45, 'avg_l2_distance': 2.4002866744995117, 'avg_kl_divergence': 4.6329755783081055, 'entropy': 10.819740295410156}, {'step': 46, 'avg_l2_distance': 2.4002866744995117, 'avg_kl_divergence': 4.6329755783081055, 'entropy': 10.81661605834961}, {'step': 47, 'avg_l2_distance': 2.4002866744995117, 'avg_kl_divergence': 4.6329755783081055, 'entropy': 10.809272766113281}, {'step': 48, 'avg_l2_distance': 2.3102188110351562, 'avg_kl_divergence': 4.989099502563477, 'entropy': 10.783546447753906}, {'step': 49, 'avg_l2_distance': 2.081207036972046, 'avg_kl_divergence': 4.042029857635498, 'entropy': 10.261001586914062}]",2.081207036972046,4.042029857635498,0.0
136,policy,True,"[{'step': 0, 'avg_l2_distance': 2.5325353145599365, 'avg_kl_divergence': 11.74528694152832, 'entropy': 10.824821472167969}, {'step': 1, 'avg_l2_distance': 2.5325353145599365, 'avg_kl_divergence': 11.74528694152832, 'entropy': 10.824836730957031}, {'step': 2, 'avg_l2_distance': 2.5325353145599365, 'avg_kl_divergence': 11.74528694152832, 'entropy': 10.824834823608398}, {'step': 3, 'avg_l2_distance': 2.5325353145599365, 'avg_kl_divergence': 11.74528694152832, 'entropy': 10.824833869934082}, {'step': 4, 'avg_l2_distance': 2.5325353145599365, 'avg_kl_divergence': 11.74528694152832, 'entropy': 10.824832916259766}, {'step': 5, 'avg_l2_distance': 1.9690874814987183, 'avg_kl_divergence': 13.408833503723145, 'entropy': 10.824830055236816}, {'step': 6, 'avg_l2_distance': 2.56584095954895, 'avg_kl_divergence': 12.137889862060547, 'entropy': 10.824785232543945}, {'step': 7, 'avg_l2_distance': 2.56584095954895, 'avg_kl_divergence': 12.137889862060547, 'entropy': 10.82480525970459}, {'step': 8, 'avg_l2_distance': 2.56584095954895, 'avg_kl_divergence': 12.137889862060547, 'entropy': 10.824804306030273}, {'step': 9, 'avg_l2_distance': 2.56584095954895, 'avg_kl_divergence': 12.137889862060547, 'entropy': 10.824800491333008}, {'step': 10, 'avg_l2_distance': 2.56584095954895, 'avg_kl_divergence': 12.137889862060547, 'entropy': 10.824796676635742}, {'step': 11, 'avg_l2_distance': 2.56584095954895, 'avg_kl_divergence': 12.137889862060547, 'entropy': 10.82479476928711}, {'step': 12, 'avg_l2_distance': 2.56584095954895, 'avg_kl_divergence': 12.137889862060547, 'entropy': 10.824789047241211}, {'step': 13, 'avg_l2_distance': 2.56584095954895, 'avg_kl_divergence': 12.137889862060547, 'entropy': 10.824785232543945}, {'step': 14, 'avg_l2_distance': 2.56584095954895, 'avg_kl_divergence': 12.137889862060547, 'entropy': 10.82478141784668}, {'step': 15, 'avg_l2_distance': 2.56584095954895, 'avg_kl_divergence': 12.137889862060547, 'entropy': 10.824775695800781}, {'step': 16, 'avg_l2_distance': 2.56584095954895, 'avg_kl_divergence': 12.137889862060547, 'entropy': 10.824769973754883}, {'step': 17, 'avg_l2_distance': 2.56584095954895, 'avg_kl_divergence': 12.137889862060547, 'entropy': 10.824764251708984}, {'step': 18, 'avg_l2_distance': 2.56584095954895, 'avg_kl_divergence': 12.137889862060547, 'entropy': 10.824758529663086}, {'step': 19, 'avg_l2_distance': 2.56584095954895, 'avg_kl_divergence': 12.137889862060547, 'entropy': 10.824750900268555}, {'step': 20, 'avg_l2_distance': 2.56584095954895, 'avg_kl_divergence': 12.137889862060547, 'entropy': 10.824743270874023}, {'step': 21, 'avg_l2_distance': 2.56584095954895, 'avg_kl_divergence': 12.137889862060547, 'entropy': 10.82473373413086}, {'step': 22, 'avg_l2_distance': 2.56584095954895, 'avg_kl_divergence': 12.137889862060547, 'entropy': 10.824726104736328}, {'step': 23, 'avg_l2_distance': 2.56584095954895, 'avg_kl_divergence': 12.137889862060547, 'entropy': 10.824714660644531}, {'step': 24, 'avg_l2_distance': 2.56584095954895, 'avg_kl_divergence': 12.137889862060547, 'entropy': 10.824703216552734}, {'step': 25, 'avg_l2_distance': 2.56584095954895, 'avg_kl_divergence': 12.137889862060547, 'entropy': 10.824689865112305}, {'step': 26, 'avg_l2_distance': 2.56584095954895, 'avg_kl_divergence': 12.137889862060547, 'entropy': 10.82467269897461}, {'step': 27, 'avg_l2_distance': 2.4026994705200195, 'avg_kl_divergence': 3.0915703773498535, 'entropy': 10.824657440185547}, {'step': 28, 'avg_l2_distance': 2.4026994705200195, 'avg_kl_divergence': 3.0915703773498535, 'entropy': 10.824638366699219}, {'step': 29, 'avg_l2_distance': 2.4026994705200195, 'avg_kl_divergence': 3.0915703773498535, 'entropy': 10.824617385864258}, {'step': 30, 'avg_l2_distance': 2.4026994705200195, 'avg_kl_divergence': 3.0915703773498535, 'entropy': 10.824591636657715}, {'step': 31, 'avg_l2_distance': 2.4026994705200195, 'avg_kl_divergence': 3.0915703773498535, 'entropy': 10.82456111907959}, {'step': 32, 'avg_l2_distance': 2.4026994705200195, 'avg_kl_divergence': 3.0915703773498535, 'entropy': 10.8245267868042}, {'step': 33, 'avg_l2_distance': 2.4026994705200195, 'avg_kl_divergence': 3.0915703773498535, 'entropy': 10.824485778808594}, {'step': 34, 'avg_l2_distance': 2.4026994705200195, 'avg_kl_divergence': 3.0915703773498535, 'entropy': 10.824437141418457}, {'step': 35, 'avg_l2_distance': 2.4026994705200195, 'avg_kl_divergence': 3.0915703773498535, 'entropy': 10.82437801361084}, {'step': 36, 'avg_l2_distance': 2.4026994705200195, 'avg_kl_divergence': 3.0915703773498535, 'entropy': 10.824305534362793}, {'step': 37, 'avg_l2_distance': 2.4026994705200195, 'avg_kl_divergence': 3.0915703773498535, 'entropy': 10.82421588897705}, {'step': 38, 'avg_l2_distance': 2.4026994705200195, 'avg_kl_divergence': 3.0915703773498535, 'entropy': 10.824104309082031}, {'step': 39, 'avg_l2_distance': 2.4026994705200195, 'avg_kl_divergence': 3.0915703773498535, 'entropy': 10.823959350585938}, {'step': 40, 'avg_l2_distance': 2.4026994705200195, 'avg_kl_divergence': 3.0915703773498535, 'entropy': 10.823768615722656}, {'step': 41, 'avg_l2_distance': 2.4026994705200195, 'avg_kl_divergence': 3.0915703773498535, 'entropy': 10.823509216308594}, {'step': 42, 'avg_l2_distance': 2.4026994705200195, 'avg_kl_divergence': 3.0915703773498535, 'entropy': 10.823144912719727}, {'step': 43, 'avg_l2_distance': 2.4026994705200195, 'avg_kl_divergence': 3.0915703773498535, 'entropy': 10.822609901428223}, {'step': 44, 'avg_l2_distance': 2.4026994705200195, 'avg_kl_divergence': 3.0915703773498535, 'entropy': 10.821772575378418}, {'step': 45, 'avg_l2_distance': 2.40203857421875, 'avg_kl_divergence': 8.235074996948242, 'entropy': 10.820351600646973}, {'step': 46, 'avg_l2_distance': 2.40203857421875, 'avg_kl_divergence': 8.235074996948242, 'entropy': 10.817399024963379}, {'step': 47, 'avg_l2_distance': 2.014779806137085, 'avg_kl_divergence': 9.948531150817871, 'entropy': 10.811067581176758}, {'step': 48, 'avg_l2_distance': 2.014779806137085, 'avg_kl_divergence': 9.948531150817871, 'entropy': 10.778658866882324}, {'step': 49, 'avg_l2_distance': 2.014779806137085, 'avg_kl_divergence': 9.948531150817871, 'entropy': 10.36233139038086}]",2.014779806137085,9.948531150817871,0.0
137,policy,True,"[{'step': 0, 'avg_l2_distance': 2.539677619934082, 'avg_kl_divergence': 3.292137622833252, 'entropy': 10.824798583984375}, {'step': 1, 'avg_l2_distance': 2.732412338256836, 'avg_kl_divergence': 6.181865692138672, 'entropy': 10.824831008911133}, {'step': 2, 'avg_l2_distance': 2.732412338256836, 'avg_kl_divergence': 6.181865692138672, 'entropy': 10.824808120727539}, {'step': 3, 'avg_l2_distance': 2.732412338256836, 'avg_kl_divergence': 6.181865692138672, 'entropy': 10.824804306030273}, {'step': 4, 'avg_l2_distance': 2.732412338256836, 'avg_kl_divergence': 6.181865692138672, 'entropy': 10.82480239868164}, {'step': 5, 'avg_l2_distance': 2.8864586353302, 'avg_kl_divergence': 3.4422173500061035, 'entropy': 10.824800491333008}, {'step': 6, 'avg_l2_distance': 2.8864586353302, 'avg_kl_divergence': 3.4422173500061035, 'entropy': 10.824840545654297}, {'step': 7, 'avg_l2_distance': 2.8864586353302, 'avg_kl_divergence': 3.4422173500061035, 'entropy': 10.824838638305664}, {'step': 8, 'avg_l2_distance': 2.8864586353302, 'avg_kl_divergence': 3.4422173500061035, 'entropy': 10.824836730957031}, {'step': 9, 'avg_l2_distance': 2.8864586353302, 'avg_kl_divergence': 3.4422173500061035, 'entropy': 10.824835777282715}, {'step': 10, 'avg_l2_distance': 2.8864586353302, 'avg_kl_divergence': 3.4422173500061035, 'entropy': 10.824832916259766}, {'step': 11, 'avg_l2_distance': 2.8864586353302, 'avg_kl_divergence': 3.4422173500061035, 'entropy': 10.824831008911133}, {'step': 12, 'avg_l2_distance': 2.8864586353302, 'avg_kl_divergence': 3.4422173500061035, 'entropy': 10.824827194213867}, {'step': 13, 'avg_l2_distance': 2.731904983520508, 'avg_kl_divergence': 3.9249320030212402, 'entropy': 10.824825286865234}, {'step': 14, 'avg_l2_distance': 2.731904983520508, 'avg_kl_divergence': 3.9249320030212402, 'entropy': 10.824810028076172}, {'step': 15, 'avg_l2_distance': 2.731904983520508, 'avg_kl_divergence': 3.9249320030212402, 'entropy': 10.824806213378906}, {'step': 16, 'avg_l2_distance': 2.731904983520508, 'avg_kl_divergence': 3.9249320030212402, 'entropy': 10.82480239868164}, {'step': 17, 'avg_l2_distance': 2.731904983520508, 'avg_kl_divergence': 3.9249320030212402, 'entropy': 10.824797630310059}, {'step': 18, 'avg_l2_distance': 2.731904983520508, 'avg_kl_divergence': 3.9249320030212402, 'entropy': 10.82479190826416}, {'step': 19, 'avg_l2_distance': 2.731904983520508, 'avg_kl_divergence': 3.9249320030212402, 'entropy': 10.824787139892578}, {'step': 20, 'avg_l2_distance': 2.731904983520508, 'avg_kl_divergence': 3.9249320030212402, 'entropy': 10.824780464172363}, {'step': 21, 'avg_l2_distance': 2.731904983520508, 'avg_kl_divergence': 3.9249320030212402, 'entropy': 10.824773788452148}, {'step': 22, 'avg_l2_distance': 2.731904983520508, 'avg_kl_divergence': 3.9249320030212402, 'entropy': 10.824766159057617}, {'step': 23, 'avg_l2_distance': 2.731904983520508, 'avg_kl_divergence': 3.9249320030212402, 'entropy': 10.824758529663086}, {'step': 24, 'avg_l2_distance': 2.731904983520508, 'avg_kl_divergence': 3.9249320030212402, 'entropy': 10.824748039245605}, {'step': 25, 'avg_l2_distance': 2.731904983520508, 'avg_kl_divergence': 3.9249320030212402, 'entropy': 10.824737548828125}, {'step': 26, 'avg_l2_distance': 2.4236695766448975, 'avg_kl_divergence': 4.097005844116211, 'entropy': 10.824724197387695}, {'step': 27, 'avg_l2_distance': 2.3901095390319824, 'avg_kl_divergence': 4.623462677001953, 'entropy': 10.824617385864258}, {'step': 28, 'avg_l2_distance': 2.3484320640563965, 'avg_kl_divergence': 7.47984504699707, 'entropy': 10.8246488571167}, {'step': 29, 'avg_l2_distance': 2.328047037124634, 'avg_kl_divergence': 7.727786064147949, 'entropy': 10.82452392578125}, {'step': 30, 'avg_l2_distance': 2.328047037124634, 'avg_kl_divergence': 7.727786064147949, 'entropy': 10.82441520690918}, {'step': 31, 'avg_l2_distance': 2.328047037124634, 'avg_kl_divergence': 7.727786064147949, 'entropy': 10.824371337890625}, {'step': 32, 'avg_l2_distance': 2.328047037124634, 'avg_kl_divergence': 7.727786064147949, 'entropy': 10.824320793151855}, {'step': 33, 'avg_l2_distance': 2.328047037124634, 'avg_kl_divergence': 7.727786064147949, 'entropy': 10.824261665344238}, {'step': 34, 'avg_l2_distance': 2.328047037124634, 'avg_kl_divergence': 7.727786064147949, 'entropy': 10.824189186096191}, {'step': 35, 'avg_l2_distance': 2.328047037124634, 'avg_kl_divergence': 7.727786064147949, 'entropy': 10.824104309082031}, {'step': 36, 'avg_l2_distance': 2.689110517501831, 'avg_kl_divergence': 5.93017578125, 'entropy': 10.824000358581543}, {'step': 37, 'avg_l2_distance': 2.689110517501831, 'avg_kl_divergence': 5.93017578125, 'entropy': 10.824227333068848}, {'step': 38, 'avg_l2_distance': 2.689110517501831, 'avg_kl_divergence': 5.93017578125, 'entropy': 10.824119567871094}, {'step': 39, 'avg_l2_distance': 2.689110517501831, 'avg_kl_divergence': 5.93017578125, 'entropy': 10.823981285095215}, {'step': 40, 'avg_l2_distance': 2.644649028778076, 'avg_kl_divergence': 2.258720636367798, 'entropy': 10.823799133300781}, {'step': 41, 'avg_l2_distance': 2.644649028778076, 'avg_kl_divergence': 2.258720636367798, 'entropy': 10.823665618896484}, {'step': 42, 'avg_l2_distance': 2.644649028778076, 'avg_kl_divergence': 2.258720636367798, 'entropy': 10.82333755493164}, {'step': 43, 'avg_l2_distance': 2.644649028778076, 'avg_kl_divergence': 2.258720636367798, 'entropy': 10.82285213470459}, {'step': 44, 'avg_l2_distance': 2.644649028778076, 'avg_kl_divergence': 2.258720636367798, 'entropy': 10.822094917297363}, {'step': 45, 'avg_l2_distance': 2.644649028778076, 'avg_kl_divergence': 2.258720636367798, 'entropy': 10.820810317993164}, {'step': 46, 'avg_l2_distance': 2.644649028778076, 'avg_kl_divergence': 2.258720636367798, 'entropy': 10.818347930908203}, {'step': 47, 'avg_l2_distance': 2.644649028778076, 'avg_kl_divergence': 2.258720636367798, 'entropy': 10.812538146972656}, {'step': 48, 'avg_l2_distance': 2.644649028778076, 'avg_kl_divergence': 2.258720636367798, 'entropy': 10.791868209838867}, {'step': 49, 'avg_l2_distance': 2.644649028778076, 'avg_kl_divergence': 2.258720636367798, 'entropy': 10.237580299377441}]",2.644649028778076,2.258720636367798,0.0
138,policy,True,"[{'step': 0, 'avg_l2_distance': 2.468794345855713, 'avg_kl_divergence': 8.469791412353516, 'entropy': 10.82482624053955}, {'step': 1, 'avg_l2_distance': 1.8458776473999023, 'avg_kl_divergence': 15.80711555480957, 'entropy': 10.824825286865234}, {'step': 2, 'avg_l2_distance': 1.8458776473999023, 'avg_kl_divergence': 15.80711555480957, 'entropy': 10.824813842773438}, {'step': 3, 'avg_l2_distance': 1.8458776473999023, 'avg_kl_divergence': 15.80711555480957, 'entropy': 10.824810981750488}, {'step': 4, 'avg_l2_distance': 2.3051295280456543, 'avg_kl_divergence': 8.872806549072266, 'entropy': 10.824809074401855}, {'step': 5, 'avg_l2_distance': 2.3051295280456543, 'avg_kl_divergence': 8.872806549072266, 'entropy': 10.824806213378906}, {'step': 6, 'avg_l2_distance': 2.3051295280456543, 'avg_kl_divergence': 8.872806549072266, 'entropy': 10.824804306030273}, {'step': 7, 'avg_l2_distance': 2.3051295280456543, 'avg_kl_divergence': 8.872806549072266, 'entropy': 10.824801445007324}, {'step': 8, 'avg_l2_distance': 2.3051295280456543, 'avg_kl_divergence': 8.872806549072266, 'entropy': 10.824798583984375}, {'step': 9, 'avg_l2_distance': 2.3051295280456543, 'avg_kl_divergence': 8.872806549072266, 'entropy': 10.824795722961426}, {'step': 10, 'avg_l2_distance': 2.3051295280456543, 'avg_kl_divergence': 8.872806549072266, 'entropy': 10.824790954589844}, {'step': 11, 'avg_l2_distance': 2.3051295280456543, 'avg_kl_divergence': 8.872806549072266, 'entropy': 10.824787139892578}, {'step': 12, 'avg_l2_distance': 2.501039743423462, 'avg_kl_divergence': 9.002412796020508, 'entropy': 10.824783325195312}, {'step': 13, 'avg_l2_distance': 2.501039743423462, 'avg_kl_divergence': 9.002412796020508, 'entropy': 10.824789047241211}, {'step': 14, 'avg_l2_distance': 2.501039743423462, 'avg_kl_divergence': 9.002412796020508, 'entropy': 10.824783325195312}, {'step': 15, 'avg_l2_distance': 2.501039743423462, 'avg_kl_divergence': 9.002412796020508, 'entropy': 10.82477855682373}, {'step': 16, 'avg_l2_distance': 2.1949117183685303, 'avg_kl_divergence': 5.980220794677734, 'entropy': 10.824772834777832}, {'step': 17, 'avg_l2_distance': 1.818206548690796, 'avg_kl_divergence': 9.328202247619629, 'entropy': 10.824773788452148}, {'step': 18, 'avg_l2_distance': 1.818206548690796, 'avg_kl_divergence': 9.328202247619629, 'entropy': 10.824627876281738}, {'step': 19, 'avg_l2_distance': 1.818206548690796, 'avg_kl_divergence': 9.328202247619629, 'entropy': 10.824617385864258}, {'step': 20, 'avg_l2_distance': 1.818206548690796, 'avg_kl_divergence': 9.328202247619629, 'entropy': 10.824604034423828}, {'step': 21, 'avg_l2_distance': 1.818206548690796, 'avg_kl_divergence': 9.328202247619629, 'entropy': 10.824589729309082}, {'step': 22, 'avg_l2_distance': 1.818206548690796, 'avg_kl_divergence': 9.328202247619629, 'entropy': 10.82457447052002}, {'step': 23, 'avg_l2_distance': 1.818206548690796, 'avg_kl_divergence': 9.328202247619629, 'entropy': 10.824556350708008}, {'step': 24, 'avg_l2_distance': 1.818206548690796, 'avg_kl_divergence': 9.328202247619629, 'entropy': 10.82453727722168}, {'step': 25, 'avg_l2_distance': 1.818206548690796, 'avg_kl_divergence': 9.328202247619629, 'entropy': 10.824516296386719}, {'step': 26, 'avg_l2_distance': 1.818206548690796, 'avg_kl_divergence': 9.328202247619629, 'entropy': 10.824493408203125}, {'step': 27, 'avg_l2_distance': 1.818206548690796, 'avg_kl_divergence': 9.328202247619629, 'entropy': 10.824466705322266}, {'step': 28, 'avg_l2_distance': 1.818206548690796, 'avg_kl_divergence': 9.328202247619629, 'entropy': 10.82443618774414}, {'step': 29, 'avg_l2_distance': 1.818206548690796, 'avg_kl_divergence': 9.328202247619629, 'entropy': 10.82440185546875}, {'step': 30, 'avg_l2_distance': 1.818206548690796, 'avg_kl_divergence': 9.328202247619629, 'entropy': 10.824361801147461}, {'step': 31, 'avg_l2_distance': 1.818206548690796, 'avg_kl_divergence': 9.328202247619629, 'entropy': 10.824316024780273}, {'step': 32, 'avg_l2_distance': 1.818206548690796, 'avg_kl_divergence': 9.328202247619629, 'entropy': 10.824264526367188}, {'step': 33, 'avg_l2_distance': 1.818206548690796, 'avg_kl_divergence': 9.328202247619629, 'entropy': 10.824201583862305}, {'step': 34, 'avg_l2_distance': 2.2983274459838867, 'avg_kl_divergence': 8.247525215148926, 'entropy': 10.824129104614258}, {'step': 35, 'avg_l2_distance': 2.2983274459838867, 'avg_kl_divergence': 8.247525215148926, 'entropy': 10.824252128601074}, {'step': 36, 'avg_l2_distance': 2.2983274459838867, 'avg_kl_divergence': 8.247525215148926, 'entropy': 10.824164390563965}, {'step': 37, 'avg_l2_distance': 2.2983274459838867, 'avg_kl_divergence': 8.247525215148926, 'entropy': 10.824056625366211}, {'step': 38, 'avg_l2_distance': 2.2983274459838867, 'avg_kl_divergence': 8.247525215148926, 'entropy': 10.823921203613281}, {'step': 39, 'avg_l2_distance': 2.2983274459838867, 'avg_kl_divergence': 8.247525215148926, 'entropy': 10.823745727539062}, {'step': 40, 'avg_l2_distance': 2.2983274459838867, 'avg_kl_divergence': 8.247525215148926, 'entropy': 10.823516845703125}, {'step': 41, 'avg_l2_distance': 2.2983274459838867, 'avg_kl_divergence': 8.247525215148926, 'entropy': 10.823205947875977}, {'step': 42, 'avg_l2_distance': 2.2983274459838867, 'avg_kl_divergence': 8.247525215148926, 'entropy': 10.822772026062012}, {'step': 43, 'avg_l2_distance': 2.2983274459838867, 'avg_kl_divergence': 8.247525215148926, 'entropy': 10.822136878967285}, {'step': 44, 'avg_l2_distance': 2.2983274459838867, 'avg_kl_divergence': 8.247525215148926, 'entropy': 10.821147918701172}, {'step': 45, 'avg_l2_distance': 2.2983274459838867, 'avg_kl_divergence': 8.247525215148926, 'entropy': 10.819474220275879}, {'step': 46, 'avg_l2_distance': 2.2983274459838867, 'avg_kl_divergence': 8.247525215148926, 'entropy': 10.816278457641602}, {'step': 47, 'avg_l2_distance': 2.2983274459838867, 'avg_kl_divergence': 8.247525215148926, 'entropy': 10.808798789978027}, {'step': 48, 'avg_l2_distance': 2.2983274459838867, 'avg_kl_divergence': 8.247525215148926, 'entropy': 10.782758712768555}, {'step': 49, 'avg_l2_distance': 2.2983274459838867, 'avg_kl_divergence': 8.247525215148926, 'entropy': 10.340578079223633}]",2.2983274459838867,8.247525215148926,0.0
139,policy,True,"[{'step': 0, 'avg_l2_distance': 2.027247428894043, 'avg_kl_divergence': 6.8149237632751465, 'entropy': 10.824819564819336}, {'step': 1, 'avg_l2_distance': 2.027247428894043, 'avg_kl_divergence': 6.8149237632751465, 'entropy': 10.824817657470703}, {'step': 2, 'avg_l2_distance': 2.027247428894043, 'avg_kl_divergence': 6.8149237632751465, 'entropy': 10.82481575012207}, {'step': 3, 'avg_l2_distance': 2.027247428894043, 'avg_kl_divergence': 6.8149237632751465, 'entropy': 10.824812889099121}, {'step': 4, 'avg_l2_distance': 2.027247428894043, 'avg_kl_divergence': 6.8149237632751465, 'entropy': 10.824809074401855}, {'step': 5, 'avg_l2_distance': 2.027247428894043, 'avg_kl_divergence': 6.8149237632751465, 'entropy': 10.824808120727539}, {'step': 6, 'avg_l2_distance': 2.027247428894043, 'avg_kl_divergence': 6.8149237632751465, 'entropy': 10.824804306030273}, {'step': 7, 'avg_l2_distance': 2.027247428894043, 'avg_kl_divergence': 6.8149237632751465, 'entropy': 10.824801445007324}, {'step': 8, 'avg_l2_distance': 2.027247428894043, 'avg_kl_divergence': 6.8149237632751465, 'entropy': 10.824798583984375}, {'step': 9, 'avg_l2_distance': 2.027247428894043, 'avg_kl_divergence': 6.8149237632751465, 'entropy': 10.82479476928711}, {'step': 10, 'avg_l2_distance': 2.027247428894043, 'avg_kl_divergence': 6.8149237632751465, 'entropy': 10.824790954589844}, {'step': 11, 'avg_l2_distance': 2.2363200187683105, 'avg_kl_divergence': 8.857542037963867, 'entropy': 10.824787139892578}, {'step': 12, 'avg_l2_distance': 2.5937960147857666, 'avg_kl_divergence': 8.17239761352539, 'entropy': 10.824777603149414}, {'step': 13, 'avg_l2_distance': 2.5937960147857666, 'avg_kl_divergence': 8.17239761352539, 'entropy': 10.824823379516602}, {'step': 14, 'avg_l2_distance': 2.5937960147857666, 'avg_kl_divergence': 8.17239761352539, 'entropy': 10.824821472167969}, {'step': 15, 'avg_l2_distance': 2.5937960147857666, 'avg_kl_divergence': 8.17239761352539, 'entropy': 10.824817657470703}, {'step': 16, 'avg_l2_distance': 2.5937960147857666, 'avg_kl_divergence': 8.17239761352539, 'entropy': 10.824813842773438}, {'step': 17, 'avg_l2_distance': 2.5937960147857666, 'avg_kl_divergence': 8.17239761352539, 'entropy': 10.824810981750488}, {'step': 18, 'avg_l2_distance': 2.5937960147857666, 'avg_kl_divergence': 8.17239761352539, 'entropy': 10.824806213378906}, {'step': 19, 'avg_l2_distance': 2.5937960147857666, 'avg_kl_divergence': 8.17239761352539, 'entropy': 10.824801445007324}, {'step': 20, 'avg_l2_distance': 2.5937960147857666, 'avg_kl_divergence': 8.17239761352539, 'entropy': 10.824796676635742}, {'step': 21, 'avg_l2_distance': 2.5937960147857666, 'avg_kl_divergence': 8.17239761352539, 'entropy': 10.824790000915527}, {'step': 22, 'avg_l2_distance': 2.5937960147857666, 'avg_kl_divergence': 8.17239761352539, 'entropy': 10.824783325195312}, {'step': 23, 'avg_l2_distance': 2.5937960147857666, 'avg_kl_divergence': 8.17239761352539, 'entropy': 10.824776649475098}, {'step': 24, 'avg_l2_distance': 2.5937960147857666, 'avg_kl_divergence': 8.17239761352539, 'entropy': 10.824769020080566}, {'step': 25, 'avg_l2_distance': 2.0456058979034424, 'avg_kl_divergence': 11.046053886413574, 'entropy': 10.824760437011719}, {'step': 26, 'avg_l2_distance': 2.367380380630493, 'avg_kl_divergence': 7.886143207550049, 'entropy': 10.824641227722168}, {'step': 27, 'avg_l2_distance': 2.367380380630493, 'avg_kl_divergence': 7.886143207550049, 'entropy': 10.824746131896973}, {'step': 28, 'avg_l2_distance': 2.367380380630493, 'avg_kl_divergence': 7.886143207550049, 'entropy': 10.824734687805176}, {'step': 29, 'avg_l2_distance': 2.0710556507110596, 'avg_kl_divergence': 8.456984519958496, 'entropy': 10.824716567993164}, {'step': 30, 'avg_l2_distance': 2.0710556507110596, 'avg_kl_divergence': 8.456984519958496, 'entropy': 10.824503898620605}, {'step': 31, 'avg_l2_distance': 2.0710556507110596, 'avg_kl_divergence': 8.456984519958496, 'entropy': 10.824464797973633}, {'step': 32, 'avg_l2_distance': 2.0710556507110596, 'avg_kl_divergence': 8.456984519958496, 'entropy': 10.824420928955078}, {'step': 33, 'avg_l2_distance': 2.084169864654541, 'avg_kl_divergence': 8.291868209838867, 'entropy': 10.82436752319336}, {'step': 34, 'avg_l2_distance': 2.084169864654541, 'avg_kl_divergence': 8.291868209838867, 'entropy': 10.82441520690918}, {'step': 35, 'avg_l2_distance': 2.084169864654541, 'avg_kl_divergence': 8.291868209838867, 'entropy': 10.824342727661133}, {'step': 36, 'avg_l2_distance': 2.084169864654541, 'avg_kl_divergence': 8.291868209838867, 'entropy': 10.824254989624023}, {'step': 37, 'avg_l2_distance': 2.084169864654541, 'avg_kl_divergence': 8.291868209838867, 'entropy': 10.82414436340332}, {'step': 38, 'avg_l2_distance': 2.084169864654541, 'avg_kl_divergence': 8.291868209838867, 'entropy': 10.824003219604492}, {'step': 39, 'avg_l2_distance': 2.084169864654541, 'avg_kl_divergence': 8.291868209838867, 'entropy': 10.823822021484375}, {'step': 40, 'avg_l2_distance': 2.084169864654541, 'avg_kl_divergence': 8.291868209838867, 'entropy': 10.823579788208008}, {'step': 41, 'avg_l2_distance': 2.084169864654541, 'avg_kl_divergence': 8.291868209838867, 'entropy': 10.823246002197266}, {'step': 42, 'avg_l2_distance': 2.084169864654541, 'avg_kl_divergence': 8.291868209838867, 'entropy': 10.82277774810791}, {'step': 43, 'avg_l2_distance': 2.084169864654541, 'avg_kl_divergence': 8.291868209838867, 'entropy': 10.822080612182617}, {'step': 44, 'avg_l2_distance': 2.084169864654541, 'avg_kl_divergence': 8.291868209838867, 'entropy': 10.820981979370117}, {'step': 45, 'avg_l2_distance': 2.084169864654541, 'avg_kl_divergence': 8.291868209838867, 'entropy': 10.819106101989746}, {'step': 46, 'avg_l2_distance': 2.084169864654541, 'avg_kl_divergence': 8.291868209838867, 'entropy': 10.815469741821289}, {'step': 47, 'avg_l2_distance': 2.084169864654541, 'avg_kl_divergence': 8.291868209838867, 'entropy': 10.806838035583496}, {'step': 48, 'avg_l2_distance': 2.4026784896850586, 'avg_kl_divergence': 8.395698547363281, 'entropy': 10.77626895904541}, {'step': 49, 'avg_l2_distance': 2.4026784896850586, 'avg_kl_divergence': 8.395698547363281, 'entropy': 10.297967910766602}]",2.4026784896850586,8.395698547363281,0.0
140,policy,True,"[{'step': 0, 'avg_l2_distance': 2.9351999759674072, 'avg_kl_divergence': 4.633849143981934, 'entropy': 10.824849128723145}, {'step': 1, 'avg_l2_distance': 2.6359031200408936, 'avg_kl_divergence': 7.5399627685546875, 'entropy': 10.82483196258545}, {'step': 2, 'avg_l2_distance': 2.6359031200408936, 'avg_kl_divergence': 7.5399627685546875, 'entropy': 10.824823379516602}, {'step': 3, 'avg_l2_distance': 2.6359031200408936, 'avg_kl_divergence': 7.5399627685546875, 'entropy': 10.824819564819336}, {'step': 4, 'avg_l2_distance': 2.6359031200408936, 'avg_kl_divergence': 7.5399627685546875, 'entropy': 10.824816703796387}, {'step': 5, 'avg_l2_distance': 2.6359031200408936, 'avg_kl_divergence': 7.5399627685546875, 'entropy': 10.824813842773438}, {'step': 6, 'avg_l2_distance': 2.6359031200408936, 'avg_kl_divergence': 7.5399627685546875, 'entropy': 10.824810028076172}, {'step': 7, 'avg_l2_distance': 2.6359031200408936, 'avg_kl_divergence': 7.5399627685546875, 'entropy': 10.824807167053223}, {'step': 8, 'avg_l2_distance': 2.6359031200408936, 'avg_kl_divergence': 7.5399627685546875, 'entropy': 10.82480239868164}, {'step': 9, 'avg_l2_distance': 2.26252818107605, 'avg_kl_divergence': 7.8676862716674805, 'entropy': 10.824800491333008}, {'step': 10, 'avg_l2_distance': 2.26252818107605, 'avg_kl_divergence': 7.8676862716674805, 'entropy': 10.824801445007324}, {'step': 11, 'avg_l2_distance': 2.26252818107605, 'avg_kl_divergence': 7.8676862716674805, 'entropy': 10.824796676635742}, {'step': 12, 'avg_l2_distance': 2.26252818107605, 'avg_kl_divergence': 7.8676862716674805, 'entropy': 10.824790954589844}, {'step': 13, 'avg_l2_distance': 2.26252818107605, 'avg_kl_divergence': 7.8676862716674805, 'entropy': 10.824786186218262}, {'step': 14, 'avg_l2_distance': 2.26252818107605, 'avg_kl_divergence': 7.8676862716674805, 'entropy': 10.824780464172363}, {'step': 15, 'avg_l2_distance': 2.26252818107605, 'avg_kl_divergence': 7.8676862716674805, 'entropy': 10.824775695800781}, {'step': 16, 'avg_l2_distance': 2.26252818107605, 'avg_kl_divergence': 7.8676862716674805, 'entropy': 10.824766159057617}, {'step': 17, 'avg_l2_distance': 2.26252818107605, 'avg_kl_divergence': 7.8676862716674805, 'entropy': 10.824759483337402}, {'step': 18, 'avg_l2_distance': 2.373255491256714, 'avg_kl_divergence': 0.036968182772397995, 'entropy': 10.824752807617188}, {'step': 19, 'avg_l2_distance': 2.373255491256714, 'avg_kl_divergence': 0.036968182772397995, 'entropy': 10.82474136352539}, {'step': 20, 'avg_l2_distance': 2.373255491256714, 'avg_kl_divergence': 0.036968182772397995, 'entropy': 10.824729919433594}, {'step': 21, 'avg_l2_distance': 2.373255491256714, 'avg_kl_divergence': 0.036968182772397995, 'entropy': 10.82472038269043}, {'step': 22, 'avg_l2_distance': 2.373255491256714, 'avg_kl_divergence': 0.036968182772397995, 'entropy': 10.824708938598633}, {'step': 23, 'avg_l2_distance': 2.373255491256714, 'avg_kl_divergence': 0.036968182772397995, 'entropy': 10.824695587158203}, {'step': 24, 'avg_l2_distance': 2.373255491256714, 'avg_kl_divergence': 0.036968182772397995, 'entropy': 10.824682235717773}, {'step': 25, 'avg_l2_distance': 2.373255491256714, 'avg_kl_divergence': 0.036968182772397995, 'entropy': 10.824665069580078}, {'step': 26, 'avg_l2_distance': 2.373255491256714, 'avg_kl_divergence': 0.036968182772397995, 'entropy': 10.82464599609375}, {'step': 27, 'avg_l2_distance': 2.373255491256714, 'avg_kl_divergence': 0.036968182772397995, 'entropy': 10.824625015258789}, {'step': 28, 'avg_l2_distance': 2.373255491256714, 'avg_kl_divergence': 0.036968182772397995, 'entropy': 10.824601173400879}, {'step': 29, 'avg_l2_distance': 2.373255491256714, 'avg_kl_divergence': 0.036968182772397995, 'entropy': 10.82457447052002}, {'step': 30, 'avg_l2_distance': 2.373255491256714, 'avg_kl_divergence': 0.036968182772397995, 'entropy': 10.824542045593262}, {'step': 31, 'avg_l2_distance': 2.373255491256714, 'avg_kl_divergence': 0.036968182772397995, 'entropy': 10.824504852294922}, {'step': 32, 'avg_l2_distance': 2.373255491256714, 'avg_kl_divergence': 0.036968182772397995, 'entropy': 10.824461936950684}, {'step': 33, 'avg_l2_distance': 2.373255491256714, 'avg_kl_divergence': 0.036968182772397995, 'entropy': 10.824411392211914}, {'step': 34, 'avg_l2_distance': 2.373255491256714, 'avg_kl_divergence': 0.036968182772397995, 'entropy': 10.824350357055664}, {'step': 35, 'avg_l2_distance': 2.373255491256714, 'avg_kl_divergence': 0.036968182772397995, 'entropy': 10.824274063110352}, {'step': 36, 'avg_l2_distance': 2.373255491256714, 'avg_kl_divergence': 0.036968182772397995, 'entropy': 10.824183464050293}, {'step': 37, 'avg_l2_distance': 2.373255491256714, 'avg_kl_divergence': 0.036968182772397995, 'entropy': 10.824071884155273}, {'step': 38, 'avg_l2_distance': 2.373255491256714, 'avg_kl_divergence': 0.036968182772397995, 'entropy': 10.82392692565918}, {'step': 39, 'avg_l2_distance': 2.373255491256714, 'avg_kl_divergence': 0.036968182772397995, 'entropy': 10.823741912841797}, {'step': 40, 'avg_l2_distance': 2.373255491256714, 'avg_kl_divergence': 0.036968182772397995, 'entropy': 10.82349967956543}, {'step': 41, 'avg_l2_distance': 2.529315948486328, 'avg_kl_divergence': 7.7636613845825195, 'entropy': 10.82316780090332}, {'step': 42, 'avg_l2_distance': 2.529315948486328, 'avg_kl_divergence': 7.7636613845825195, 'entropy': 10.823226928710938}, {'step': 43, 'avg_l2_distance': 2.529315948486328, 'avg_kl_divergence': 7.7636613845825195, 'entropy': 10.822685241699219}, {'step': 44, 'avg_l2_distance': 2.529315948486328, 'avg_kl_divergence': 7.7636613845825195, 'entropy': 10.821832656860352}, {'step': 45, 'avg_l2_distance': 2.529315948486328, 'avg_kl_divergence': 7.7636613845825195, 'entropy': 10.8203706741333}, {'step': 46, 'avg_l2_distance': 2.529315948486328, 'avg_kl_divergence': 7.7636613845825195, 'entropy': 10.817537307739258}, {'step': 47, 'avg_l2_distance': 2.422421455383301, 'avg_kl_divergence': 11.209263801574707, 'entropy': 10.810792922973633}, {'step': 48, 'avg_l2_distance': 2.422421455383301, 'avg_kl_divergence': 11.209263801574707, 'entropy': 10.780872344970703}, {'step': 49, 'avg_l2_distance': 2.422421455383301, 'avg_kl_divergence': 11.209263801574707, 'entropy': 10.365297317504883}]",2.422421455383301,11.209263801574707,0.0
141,policy,True,"[{'step': 0, 'avg_l2_distance': 2.6003191471099854, 'avg_kl_divergence': 4.6014556884765625, 'entropy': 10.824832916259766}, {'step': 1, 'avg_l2_distance': 2.6003191471099854, 'avg_kl_divergence': 4.6014556884765625, 'entropy': 10.82483196258545}, {'step': 2, 'avg_l2_distance': 2.571004867553711, 'avg_kl_divergence': 9.801911354064941, 'entropy': 10.8248291015625}, {'step': 3, 'avg_l2_distance': 2.571004867553711, 'avg_kl_divergence': 9.801911354064941, 'entropy': 10.824837684631348}, {'step': 4, 'avg_l2_distance': 2.9467391967773438, 'avg_kl_divergence': 4.870392799377441, 'entropy': 10.824835777282715}, {'step': 5, 'avg_l2_distance': 2.9467391967773438, 'avg_kl_divergence': 4.870392799377441, 'entropy': 10.82479190826416}, {'step': 6, 'avg_l2_distance': 2.40919828414917, 'avg_kl_divergence': 11.662882804870605, 'entropy': 10.824789047241211}, {'step': 7, 'avg_l2_distance': 2.699357509613037, 'avg_kl_divergence': 3.115111827850342, 'entropy': 10.824808120727539}, {'step': 8, 'avg_l2_distance': 2.699357509613037, 'avg_kl_divergence': 3.115111827850342, 'entropy': 10.824831008911133}, {'step': 9, 'avg_l2_distance': 2.699357509613037, 'avg_kl_divergence': 3.115111827850342, 'entropy': 10.8248291015625}, {'step': 10, 'avg_l2_distance': 2.699357509613037, 'avg_kl_divergence': 3.115111827850342, 'entropy': 10.824827194213867}, {'step': 11, 'avg_l2_distance': 2.699357509613037, 'avg_kl_divergence': 3.115111827850342, 'entropy': 10.824824333190918}, {'step': 12, 'avg_l2_distance': 2.699357509613037, 'avg_kl_divergence': 3.115111827850342, 'entropy': 10.824821472167969}, {'step': 13, 'avg_l2_distance': 2.4601335525512695, 'avg_kl_divergence': 3.893364191055298, 'entropy': 10.824817657470703}, {'step': 14, 'avg_l2_distance': 2.4601335525512695, 'avg_kl_divergence': 3.893364191055298, 'entropy': 10.824713706970215}, {'step': 15, 'avg_l2_distance': 2.4601335525512695, 'avg_kl_divergence': 3.893364191055298, 'entropy': 10.824705123901367}, {'step': 16, 'avg_l2_distance': 2.4601335525512695, 'avg_kl_divergence': 3.893364191055298, 'entropy': 10.824697494506836}, {'step': 17, 'avg_l2_distance': 2.4601335525512695, 'avg_kl_divergence': 3.893364191055298, 'entropy': 10.824688911437988}, {'step': 18, 'avg_l2_distance': 2.4601335525512695, 'avg_kl_divergence': 3.893364191055298, 'entropy': 10.824678421020508}, {'step': 19, 'avg_l2_distance': 2.4913322925567627, 'avg_kl_divergence': 3.8836002349853516, 'entropy': 10.824668884277344}, {'step': 20, 'avg_l2_distance': 2.4913322925567627, 'avg_kl_divergence': 3.8836002349853516, 'entropy': 10.824777603149414}, {'step': 21, 'avg_l2_distance': 2.4913322925567627, 'avg_kl_divergence': 3.8836002349853516, 'entropy': 10.8247709274292}, {'step': 22, 'avg_l2_distance': 2.4913322925567627, 'avg_kl_divergence': 3.8836002349853516, 'entropy': 10.824760437011719}, {'step': 23, 'avg_l2_distance': 2.4913322925567627, 'avg_kl_divergence': 3.8836002349853516, 'entropy': 10.824750900268555}, {'step': 24, 'avg_l2_distance': 2.4913322925567627, 'avg_kl_divergence': 3.8836002349853516, 'entropy': 10.824739456176758}, {'step': 25, 'avg_l2_distance': 2.4913322925567627, 'avg_kl_divergence': 3.8836002349853516, 'entropy': 10.824728965759277}, {'step': 26, 'avg_l2_distance': 2.2524521350860596, 'avg_kl_divergence': 3.204085350036621, 'entropy': 10.824712753295898}, {'step': 27, 'avg_l2_distance': 2.921661853790283, 'avg_kl_divergence': 3.54435396194458, 'entropy': 10.824581146240234}, {'step': 28, 'avg_l2_distance': 2.921661853790283, 'avg_kl_divergence': 3.54435396194458, 'entropy': 10.824657440185547}, {'step': 29, 'avg_l2_distance': 2.921661853790283, 'avg_kl_divergence': 3.54435396194458, 'entropy': 10.824638366699219}, {'step': 30, 'avg_l2_distance': 2.4427826404571533, 'avg_kl_divergence': 1.9949877262115479, 'entropy': 10.824617385864258}, {'step': 31, 'avg_l2_distance': 2.4427826404571533, 'avg_kl_divergence': 1.9949877262115479, 'entropy': 10.824438095092773}, {'step': 32, 'avg_l2_distance': 2.4427826404571533, 'avg_kl_divergence': 1.9949877262115479, 'entropy': 10.82438850402832}, {'step': 33, 'avg_l2_distance': 2.4427826404571533, 'avg_kl_divergence': 1.9949877262115479, 'entropy': 10.824331283569336}, {'step': 34, 'avg_l2_distance': 2.4427826404571533, 'avg_kl_divergence': 1.9949877262115479, 'entropy': 10.824263572692871}, {'step': 35, 'avg_l2_distance': 2.4427826404571533, 'avg_kl_divergence': 1.9949877262115479, 'entropy': 10.824182510375977}, {'step': 36, 'avg_l2_distance': 2.4427826404571533, 'avg_kl_divergence': 1.9949877262115479, 'entropy': 10.82408332824707}, {'step': 37, 'avg_l2_distance': 2.4427826404571533, 'avg_kl_divergence': 1.9949877262115479, 'entropy': 10.823959350585938}, {'step': 38, 'avg_l2_distance': 2.4427826404571533, 'avg_kl_divergence': 1.9949877262115479, 'entropy': 10.823805809020996}, {'step': 39, 'avg_l2_distance': 2.4427826404571533, 'avg_kl_divergence': 1.9949877262115479, 'entropy': 10.8236083984375}, {'step': 40, 'avg_l2_distance': 2.4427826404571533, 'avg_kl_divergence': 1.9949877262115479, 'entropy': 10.823347091674805}, {'step': 41, 'avg_l2_distance': 2.4427826404571533, 'avg_kl_divergence': 1.9949877262115479, 'entropy': 10.82299518585205}, {'step': 42, 'avg_l2_distance': 2.4427826404571533, 'avg_kl_divergence': 1.9949877262115479, 'entropy': 10.822505950927734}, {'step': 43, 'avg_l2_distance': 2.4427826404571533, 'avg_kl_divergence': 1.9949877262115479, 'entropy': 10.821784973144531}, {'step': 44, 'avg_l2_distance': 2.4427826404571533, 'avg_kl_divergence': 1.9949877262115479, 'entropy': 10.820662498474121}, {'step': 45, 'avg_l2_distance': 2.4427826404571533, 'avg_kl_divergence': 1.9949877262115479, 'entropy': 10.818765640258789}, {'step': 46, 'avg_l2_distance': 2.4427826404571533, 'avg_kl_divergence': 1.9949877262115479, 'entropy': 10.815126419067383}, {'step': 47, 'avg_l2_distance': 2.4427826404571533, 'avg_kl_divergence': 1.9949877262115479, 'entropy': 10.806535720825195}, {'step': 48, 'avg_l2_distance': 2.4427826404571533, 'avg_kl_divergence': 1.9949877262115479, 'entropy': 10.775964736938477}, {'step': 49, 'avg_l2_distance': 2.4427826404571533, 'avg_kl_divergence': 1.9949877262115479, 'entropy': 10.327825546264648}]",2.4427826404571533,1.9949877262115479,0.0
142,policy,True,"[{'step': 0, 'avg_l2_distance': 1.8755384683609009, 'avg_kl_divergence': 5.867916107177734, 'entropy': 10.82479190826416}, {'step': 1, 'avg_l2_distance': 1.8755384683609009, 'avg_kl_divergence': 5.867916107177734, 'entropy': 10.824832916259766}, {'step': 2, 'avg_l2_distance': 1.8284953832626343, 'avg_kl_divergence': 14.845922470092773, 'entropy': 10.824830055236816}, {'step': 3, 'avg_l2_distance': 1.8284953832626343, 'avg_kl_divergence': 14.845922470092773, 'entropy': 10.824729919433594}, {'step': 4, 'avg_l2_distance': 1.8284953832626343, 'avg_kl_divergence': 14.845922470092773, 'entropy': 10.824725151062012}, {'step': 5, 'avg_l2_distance': 1.8284953832626343, 'avg_kl_divergence': 14.845922470092773, 'entropy': 10.82472038269043}, {'step': 6, 'avg_l2_distance': 1.8284953832626343, 'avg_kl_divergence': 14.845922470092773, 'entropy': 10.824715614318848}, {'step': 7, 'avg_l2_distance': 1.8284953832626343, 'avg_kl_divergence': 14.845922470092773, 'entropy': 10.824710845947266}, {'step': 8, 'avg_l2_distance': 1.8284953832626343, 'avg_kl_divergence': 14.845922470092773, 'entropy': 10.82470417022705}, {'step': 9, 'avg_l2_distance': 1.8284953832626343, 'avg_kl_divergence': 14.845922470092773, 'entropy': 10.824697494506836}, {'step': 10, 'avg_l2_distance': 1.8284953832626343, 'avg_kl_divergence': 14.845922470092773, 'entropy': 10.824690818786621}, {'step': 11, 'avg_l2_distance': 1.8284953832626343, 'avg_kl_divergence': 14.845922470092773, 'entropy': 10.824684143066406}, {'step': 12, 'avg_l2_distance': 1.8284953832626343, 'avg_kl_divergence': 14.845922470092773, 'entropy': 10.824676513671875}, {'step': 13, 'avg_l2_distance': 1.8284953832626343, 'avg_kl_divergence': 14.845922470092773, 'entropy': 10.824668884277344}, {'step': 14, 'avg_l2_distance': 1.8284953832626343, 'avg_kl_divergence': 14.845922470092773, 'entropy': 10.82465934753418}, {'step': 15, 'avg_l2_distance': 1.8284953832626343, 'avg_kl_divergence': 14.845922470092773, 'entropy': 10.824649810791016}, {'step': 16, 'avg_l2_distance': 1.8284953832626343, 'avg_kl_divergence': 14.845922470092773, 'entropy': 10.824639320373535}, {'step': 17, 'avg_l2_distance': 1.8284953832626343, 'avg_kl_divergence': 14.845922470092773, 'entropy': 10.824626922607422}, {'step': 18, 'avg_l2_distance': 1.8284953832626343, 'avg_kl_divergence': 14.845922470092773, 'entropy': 10.824615478515625}, {'step': 19, 'avg_l2_distance': 1.8284953832626343, 'avg_kl_divergence': 14.845922470092773, 'entropy': 10.824602127075195}, {'step': 20, 'avg_l2_distance': 1.8284953832626343, 'avg_kl_divergence': 14.845922470092773, 'entropy': 10.824588775634766}, {'step': 21, 'avg_l2_distance': 1.8284953832626343, 'avg_kl_divergence': 14.845922470092773, 'entropy': 10.824572563171387}, {'step': 22, 'avg_l2_distance': 1.8284953832626343, 'avg_kl_divergence': 14.845922470092773, 'entropy': 10.824554443359375}, {'step': 23, 'avg_l2_distance': 1.8284953832626343, 'avg_kl_divergence': 14.845922470092773, 'entropy': 10.824535369873047}, {'step': 24, 'avg_l2_distance': 1.8284953832626343, 'avg_kl_divergence': 14.845922470092773, 'entropy': 10.824514389038086}, {'step': 25, 'avg_l2_distance': 1.8284953832626343, 'avg_kl_divergence': 14.845922470092773, 'entropy': 10.82448959350586}, {'step': 26, 'avg_l2_distance': 1.8284953832626343, 'avg_kl_divergence': 14.845922470092773, 'entropy': 10.824462890625}, {'step': 27, 'avg_l2_distance': 1.8284953832626343, 'avg_kl_divergence': 14.845922470092773, 'entropy': 10.824432373046875}, {'step': 28, 'avg_l2_distance': 1.8284953832626343, 'avg_kl_divergence': 14.845922470092773, 'entropy': 10.824398040771484}, {'step': 29, 'avg_l2_distance': 1.8284953832626343, 'avg_kl_divergence': 14.845922470092773, 'entropy': 10.824359893798828}, {'step': 30, 'avg_l2_distance': 1.8284953832626343, 'avg_kl_divergence': 14.845922470092773, 'entropy': 10.824316024780273}, {'step': 31, 'avg_l2_distance': 1.8284953832626343, 'avg_kl_divergence': 14.845922470092773, 'entropy': 10.824264526367188}, {'step': 32, 'avg_l2_distance': 1.8284953832626343, 'avg_kl_divergence': 14.845922470092773, 'entropy': 10.824203491210938}, {'step': 33, 'avg_l2_distance': 1.8284953832626343, 'avg_kl_divergence': 14.845922470092773, 'entropy': 10.82413387298584}, {'step': 34, 'avg_l2_distance': 1.8284953832626343, 'avg_kl_divergence': 14.845922470092773, 'entropy': 10.824050903320312}, {'step': 35, 'avg_l2_distance': 1.8284953832626343, 'avg_kl_divergence': 14.845922470092773, 'entropy': 10.823952674865723}, {'step': 36, 'avg_l2_distance': 1.8284953832626343, 'avg_kl_divergence': 14.845922470092773, 'entropy': 10.823833465576172}, {'step': 37, 'avg_l2_distance': 1.8284953832626343, 'avg_kl_divergence': 14.845922470092773, 'entropy': 10.823684692382812}, {'step': 38, 'avg_l2_distance': 1.8284953832626343, 'avg_kl_divergence': 14.845922470092773, 'entropy': 10.823501586914062}, {'step': 39, 'avg_l2_distance': 1.8284953832626343, 'avg_kl_divergence': 14.845922470092773, 'entropy': 10.823266983032227}, {'step': 40, 'avg_l2_distance': 1.8284953832626343, 'avg_kl_divergence': 14.845922470092773, 'entropy': 10.822957038879395}, {'step': 41, 'avg_l2_distance': 1.8284953832626343, 'avg_kl_divergence': 14.845922470092773, 'entropy': 10.82254409790039}, {'step': 42, 'avg_l2_distance': 1.8284953832626343, 'avg_kl_divergence': 14.845922470092773, 'entropy': 10.821969985961914}, {'step': 43, 'avg_l2_distance': 1.8284953832626343, 'avg_kl_divergence': 14.845922470092773, 'entropy': 10.821130752563477}, {'step': 44, 'avg_l2_distance': 1.8284953832626343, 'avg_kl_divergence': 14.845922470092773, 'entropy': 10.819831848144531}, {'step': 45, 'avg_l2_distance': 1.8284953832626343, 'avg_kl_divergence': 14.845922470092773, 'entropy': 10.817642211914062}, {'step': 46, 'avg_l2_distance': 1.8284953832626343, 'avg_kl_divergence': 14.845922470092773, 'entropy': 10.813467025756836}, {'step': 47, 'avg_l2_distance': 1.8284953832626343, 'avg_kl_divergence': 14.845922470092773, 'entropy': 10.803674697875977}, {'step': 48, 'avg_l2_distance': 1.8284953832626343, 'avg_kl_divergence': 14.845922470092773, 'entropy': 10.769259452819824}, {'step': 49, 'avg_l2_distance': 1.8284953832626343, 'avg_kl_divergence': 14.845922470092773, 'entropy': 10.307186126708984}]",1.8284953832626343,14.845922470092773,0.0
143,policy,True,"[{'step': 0, 'avg_l2_distance': 2.374854326248169, 'avg_kl_divergence': 7.846173286437988, 'entropy': 10.824849128723145}, {'step': 1, 'avg_l2_distance': 2.457206964492798, 'avg_kl_divergence': 10.43334674835205, 'entropy': 10.824835777282715}, {'step': 2, 'avg_l2_distance': 2.457206964492798, 'avg_kl_divergence': 10.43334674835205, 'entropy': 10.824831008911133}, {'step': 3, 'avg_l2_distance': 2.5293986797332764, 'avg_kl_divergence': 6.61488151550293, 'entropy': 10.8248291015625}, {'step': 4, 'avg_l2_distance': 2.5293986797332764, 'avg_kl_divergence': 6.61488151550293, 'entropy': 10.824832916259766}, {'step': 5, 'avg_l2_distance': 2.5293986797332764, 'avg_kl_divergence': 6.61488151550293, 'entropy': 10.824831008911133}, {'step': 6, 'avg_l2_distance': 2.5293986797332764, 'avg_kl_divergence': 6.61488151550293, 'entropy': 10.8248291015625}, {'step': 7, 'avg_l2_distance': 2.5293986797332764, 'avg_kl_divergence': 6.61488151550293, 'entropy': 10.82482624053955}, {'step': 8, 'avg_l2_distance': 2.5293986797332764, 'avg_kl_divergence': 6.61488151550293, 'entropy': 10.824823379516602}, {'step': 9, 'avg_l2_distance': 2.5293986797332764, 'avg_kl_divergence': 6.61488151550293, 'entropy': 10.824820518493652}, {'step': 10, 'avg_l2_distance': 2.5293986797332764, 'avg_kl_divergence': 6.61488151550293, 'entropy': 10.824817657470703}, {'step': 11, 'avg_l2_distance': 2.5293986797332764, 'avg_kl_divergence': 6.61488151550293, 'entropy': 10.82481575012207}, {'step': 12, 'avg_l2_distance': 2.5293986797332764, 'avg_kl_divergence': 6.61488151550293, 'entropy': 10.824810981750488}, {'step': 13, 'avg_l2_distance': 2.5293986797332764, 'avg_kl_divergence': 6.61488151550293, 'entropy': 10.824808120727539}, {'step': 14, 'avg_l2_distance': 2.5293986797332764, 'avg_kl_divergence': 6.61488151550293, 'entropy': 10.82480525970459}, {'step': 15, 'avg_l2_distance': 2.5293986797332764, 'avg_kl_divergence': 6.61488151550293, 'entropy': 10.824800491333008}, {'step': 16, 'avg_l2_distance': 2.5293986797332764, 'avg_kl_divergence': 6.61488151550293, 'entropy': 10.82479476928711}, {'step': 17, 'avg_l2_distance': 2.5293986797332764, 'avg_kl_divergence': 6.61488151550293, 'entropy': 10.824790954589844}, {'step': 18, 'avg_l2_distance': 2.5293986797332764, 'avg_kl_divergence': 6.61488151550293, 'entropy': 10.824784278869629}, {'step': 19, 'avg_l2_distance': 2.5293986797332764, 'avg_kl_divergence': 6.61488151550293, 'entropy': 10.824777603149414}, {'step': 20, 'avg_l2_distance': 2.5293986797332764, 'avg_kl_divergence': 6.61488151550293, 'entropy': 10.824771881103516}, {'step': 21, 'avg_l2_distance': 2.5293986797332764, 'avg_kl_divergence': 6.61488151550293, 'entropy': 10.824764251708984}, {'step': 22, 'avg_l2_distance': 2.5293986797332764, 'avg_kl_divergence': 6.61488151550293, 'entropy': 10.82475471496582}, {'step': 23, 'avg_l2_distance': 2.5293986797332764, 'avg_kl_divergence': 6.61488151550293, 'entropy': 10.824746131896973}, {'step': 24, 'avg_l2_distance': 2.5293986797332764, 'avg_kl_divergence': 6.61488151550293, 'entropy': 10.82473373413086}, {'step': 25, 'avg_l2_distance': 2.5293986797332764, 'avg_kl_divergence': 6.61488151550293, 'entropy': 10.824722290039062}, {'step': 26, 'avg_l2_distance': 2.5293986797332764, 'avg_kl_divergence': 6.61488151550293, 'entropy': 10.824708938598633}, {'step': 27, 'avg_l2_distance': 2.5293986797332764, 'avg_kl_divergence': 6.61488151550293, 'entropy': 10.824692726135254}, {'step': 28, 'avg_l2_distance': 2.5293986797332764, 'avg_kl_divergence': 6.61488151550293, 'entropy': 10.824675559997559}, {'step': 29, 'avg_l2_distance': 2.5293986797332764, 'avg_kl_divergence': 6.61488151550293, 'entropy': 10.824655532836914}, {'step': 30, 'avg_l2_distance': 2.5293986797332764, 'avg_kl_divergence': 6.61488151550293, 'entropy': 10.824630737304688}, {'step': 31, 'avg_l2_distance': 2.5293986797332764, 'avg_kl_divergence': 6.61488151550293, 'entropy': 10.824602127075195}, {'step': 32, 'avg_l2_distance': 2.5293986797332764, 'avg_kl_divergence': 6.61488151550293, 'entropy': 10.824567794799805}, {'step': 33, 'avg_l2_distance': 2.5293986797332764, 'avg_kl_divergence': 6.61488151550293, 'entropy': 10.824528694152832}, {'step': 34, 'avg_l2_distance': 2.5293986797332764, 'avg_kl_divergence': 6.61488151550293, 'entropy': 10.824482917785645}, {'step': 35, 'avg_l2_distance': 2.5293986797332764, 'avg_kl_divergence': 6.61488151550293, 'entropy': 10.824426651000977}, {'step': 36, 'avg_l2_distance': 2.5293986797332764, 'avg_kl_divergence': 6.61488151550293, 'entropy': 10.824356079101562}, {'step': 37, 'avg_l2_distance': 2.5293986797332764, 'avg_kl_divergence': 6.61488151550293, 'entropy': 10.82426929473877}, {'step': 38, 'avg_l2_distance': 2.5293986797332764, 'avg_kl_divergence': 6.61488151550293, 'entropy': 10.824159622192383}, {'step': 39, 'avg_l2_distance': 2.5293986797332764, 'avg_kl_divergence': 6.61488151550293, 'entropy': 10.824018478393555}, {'step': 40, 'avg_l2_distance': 2.5293986797332764, 'avg_kl_divergence': 6.61488151550293, 'entropy': 10.823831558227539}, {'step': 41, 'avg_l2_distance': 2.5293986797332764, 'avg_kl_divergence': 6.61488151550293, 'entropy': 10.823577880859375}, {'step': 42, 'avg_l2_distance': 2.5293986797332764, 'avg_kl_divergence': 6.61488151550293, 'entropy': 10.823220252990723}, {'step': 43, 'avg_l2_distance': 2.5293986797332764, 'avg_kl_divergence': 6.61488151550293, 'entropy': 10.822693824768066}, {'step': 44, 'avg_l2_distance': 2.5293986797332764, 'avg_kl_divergence': 6.61488151550293, 'entropy': 10.82187271118164}, {'step': 45, 'avg_l2_distance': 2.5293986797332764, 'avg_kl_divergence': 6.61488151550293, 'entropy': 10.820480346679688}, {'step': 46, 'avg_l2_distance': 2.5293986797332764, 'avg_kl_divergence': 6.61488151550293, 'entropy': 10.8178071975708}, {'step': 47, 'avg_l2_distance': 2.5293986797332764, 'avg_kl_divergence': 6.61488151550293, 'entropy': 10.81151008605957}, {'step': 48, 'avg_l2_distance': 2.5293986797332764, 'avg_kl_divergence': 6.61488151550293, 'entropy': 10.78911304473877}, {'step': 49, 'avg_l2_distance': 2.5293986797332764, 'avg_kl_divergence': 6.61488151550293, 'entropy': 10.261089324951172}]",2.5293986797332764,6.61488151550293,0.0
144,policy,True,"[{'step': 0, 'avg_l2_distance': 1.9762099981307983, 'avg_kl_divergence': 7.2405104637146, 'entropy': 10.824774742126465}, {'step': 1, 'avg_l2_distance': 1.9762099981307983, 'avg_kl_divergence': 7.2405104637146, 'entropy': 10.824810028076172}, {'step': 2, 'avg_l2_distance': 1.9762099981307983, 'avg_kl_divergence': 7.2405104637146, 'entropy': 10.824808120727539}, {'step': 3, 'avg_l2_distance': 1.9762099981307983, 'avg_kl_divergence': 7.2405104637146, 'entropy': 10.82480525970459}, {'step': 4, 'avg_l2_distance': 1.9762099981307983, 'avg_kl_divergence': 7.2405104637146, 'entropy': 10.82480239868164}, {'step': 5, 'avg_l2_distance': 1.9762099981307983, 'avg_kl_divergence': 7.2405104637146, 'entropy': 10.824799537658691}, {'step': 6, 'avg_l2_distance': 1.9762099981307983, 'avg_kl_divergence': 7.2405104637146, 'entropy': 10.824796676635742}, {'step': 7, 'avg_l2_distance': 1.9762099981307983, 'avg_kl_divergence': 7.2405104637146, 'entropy': 10.82479190826416}, {'step': 8, 'avg_l2_distance': 1.9762099981307983, 'avg_kl_divergence': 7.2405104637146, 'entropy': 10.824789047241211}, {'step': 9, 'avg_l2_distance': 1.9762099981307983, 'avg_kl_divergence': 7.2405104637146, 'entropy': 10.824783325195312}, {'step': 10, 'avg_l2_distance': 1.9762099981307983, 'avg_kl_divergence': 7.2405104637146, 'entropy': 10.824779510498047}, {'step': 11, 'avg_l2_distance': 1.3787214756011963, 'avg_kl_divergence': 5.88625431060791, 'entropy': 10.824774742126465}, {'step': 12, 'avg_l2_distance': 1.3787214756011963, 'avg_kl_divergence': 5.88625431060791, 'entropy': 10.82473373413086}, {'step': 13, 'avg_l2_distance': 1.3787214756011963, 'avg_kl_divergence': 5.88625431060791, 'entropy': 10.824726104736328}, {'step': 14, 'avg_l2_distance': 1.3787214756011963, 'avg_kl_divergence': 5.88625431060791, 'entropy': 10.824718475341797}, {'step': 15, 'avg_l2_distance': 1.3787214756011963, 'avg_kl_divergence': 5.88625431060791, 'entropy': 10.824708938598633}, {'step': 16, 'avg_l2_distance': 1.3787214756011963, 'avg_kl_divergence': 5.88625431060791, 'entropy': 10.824701309204102}, {'step': 17, 'avg_l2_distance': 1.3787214756011963, 'avg_kl_divergence': 5.88625431060791, 'entropy': 10.824689865112305}, {'step': 18, 'avg_l2_distance': 1.3787214756011963, 'avg_kl_divergence': 5.88625431060791, 'entropy': 10.824678421020508}, {'step': 19, 'avg_l2_distance': 1.3787214756011963, 'avg_kl_divergence': 5.88625431060791, 'entropy': 10.824665069580078}, {'step': 20, 'avg_l2_distance': 1.3787214756011963, 'avg_kl_divergence': 5.88625431060791, 'entropy': 10.824649810791016}, {'step': 21, 'avg_l2_distance': 1.3787214756011963, 'avg_kl_divergence': 5.88625431060791, 'entropy': 10.824636459350586}, {'step': 22, 'avg_l2_distance': 1.3787214756011963, 'avg_kl_divergence': 5.88625431060791, 'entropy': 10.824617385864258}, {'step': 23, 'avg_l2_distance': 1.3787214756011963, 'avg_kl_divergence': 5.88625431060791, 'entropy': 10.82459831237793}, {'step': 24, 'avg_l2_distance': 1.3787214756011963, 'avg_kl_divergence': 5.88625431060791, 'entropy': 10.824578285217285}, {'step': 25, 'avg_l2_distance': 1.3787214756011963, 'avg_kl_divergence': 5.88625431060791, 'entropy': 10.824554443359375}, {'step': 26, 'avg_l2_distance': 1.3787214756011963, 'avg_kl_divergence': 5.88625431060791, 'entropy': 10.824527740478516}, {'step': 27, 'avg_l2_distance': 1.3787214756011963, 'avg_kl_divergence': 5.88625431060791, 'entropy': 10.82449722290039}, {'step': 28, 'avg_l2_distance': 1.3787214756011963, 'avg_kl_divergence': 5.88625431060791, 'entropy': 10.824461936950684}, {'step': 29, 'avg_l2_distance': 1.3787214756011963, 'avg_kl_divergence': 5.88625431060791, 'entropy': 10.824422836303711}, {'step': 30, 'avg_l2_distance': 1.3787214756011963, 'avg_kl_divergence': 5.88625431060791, 'entropy': 10.824377059936523}, {'step': 31, 'avg_l2_distance': 1.3787214756011963, 'avg_kl_divergence': 5.88625431060791, 'entropy': 10.824323654174805}, {'step': 32, 'avg_l2_distance': 1.3787214756011963, 'avg_kl_divergence': 5.88625431060791, 'entropy': 10.824260711669922}, {'step': 33, 'avg_l2_distance': 1.3787214756011963, 'avg_kl_divergence': 5.88625431060791, 'entropy': 10.824188232421875}, {'step': 34, 'avg_l2_distance': 1.3787214756011963, 'avg_kl_divergence': 5.88625431060791, 'entropy': 10.824101448059082}, {'step': 35, 'avg_l2_distance': 1.3787214756011963, 'avg_kl_divergence': 5.88625431060791, 'entropy': 10.823995590209961}, {'step': 36, 'avg_l2_distance': 1.3787214756011963, 'avg_kl_divergence': 5.88625431060791, 'entropy': 10.823867797851562}, {'step': 37, 'avg_l2_distance': 1.3787214756011963, 'avg_kl_divergence': 5.88625431060791, 'entropy': 10.823708534240723}, {'step': 38, 'avg_l2_distance': 1.3787214756011963, 'avg_kl_divergence': 5.88625431060791, 'entropy': 10.823508262634277}, {'step': 39, 'avg_l2_distance': 1.3787214756011963, 'avg_kl_divergence': 5.88625431060791, 'entropy': 10.823251724243164}, {'step': 40, 'avg_l2_distance': 1.3787214756011963, 'avg_kl_divergence': 5.88625431060791, 'entropy': 10.82291030883789}, {'step': 41, 'avg_l2_distance': 1.3787214756011963, 'avg_kl_divergence': 5.88625431060791, 'entropy': 10.822452545166016}, {'step': 42, 'avg_l2_distance': 1.3787214756011963, 'avg_kl_divergence': 5.88625431060791, 'entropy': 10.821808815002441}, {'step': 43, 'avg_l2_distance': 1.3787214756011963, 'avg_kl_divergence': 5.88625431060791, 'entropy': 10.820859909057617}, {'step': 44, 'avg_l2_distance': 1.3787214756011963, 'avg_kl_divergence': 5.88625431060791, 'entropy': 10.819380760192871}, {'step': 45, 'avg_l2_distance': 1.3787214756011963, 'avg_kl_divergence': 5.88625431060791, 'entropy': 10.816864013671875}, {'step': 46, 'avg_l2_distance': 1.3787214756011963, 'avg_kl_divergence': 5.88625431060791, 'entropy': 10.81201171875}, {'step': 47, 'avg_l2_distance': 1.3787214756011963, 'avg_kl_divergence': 5.88625431060791, 'entropy': 10.800495147705078}, {'step': 48, 'avg_l2_distance': 1.3787214756011963, 'avg_kl_divergence': 5.88625431060791, 'entropy': 10.75948715209961}, {'step': 49, 'avg_l2_distance': 1.3787214756011963, 'avg_kl_divergence': 5.88625431060791, 'entropy': 10.224641799926758}]",1.3787214756011963,5.88625431060791,0.0
145,policy,True,"[{'step': 0, 'avg_l2_distance': 2.4551563262939453, 'avg_kl_divergence': 8.679386138916016, 'entropy': 10.824798583984375}, {'step': 1, 'avg_l2_distance': 2.033991813659668, 'avg_kl_divergence': 10.568045616149902, 'entropy': 10.82481575012207}, {'step': 2, 'avg_l2_distance': 2.496859073638916, 'avg_kl_divergence': 8.168907165527344, 'entropy': 10.824834823608398}, {'step': 3, 'avg_l2_distance': 2.48213529586792, 'avg_kl_divergence': 8.411046028137207, 'entropy': 10.824798583984375}, {'step': 4, 'avg_l2_distance': 2.48213529586792, 'avg_kl_divergence': 8.411046028137207, 'entropy': 10.82481575012207}, {'step': 5, 'avg_l2_distance': 2.48213529586792, 'avg_kl_divergence': 8.411046028137207, 'entropy': 10.824813842773438}, {'step': 6, 'avg_l2_distance': 2.48213529586792, 'avg_kl_divergence': 8.411046028137207, 'entropy': 10.824811935424805}, {'step': 7, 'avg_l2_distance': 2.6927688121795654, 'avg_kl_divergence': 5.668570041656494, 'entropy': 10.824808120727539}, {'step': 8, 'avg_l2_distance': 2.6927688121795654, 'avg_kl_divergence': 5.668570041656494, 'entropy': 10.824811935424805}, {'step': 9, 'avg_l2_distance': 2.6927688121795654, 'avg_kl_divergence': 5.668570041656494, 'entropy': 10.824810028076172}, {'step': 10, 'avg_l2_distance': 2.6356217861175537, 'avg_kl_divergence': 9.716038703918457, 'entropy': 10.824807167053223}, {'step': 11, 'avg_l2_distance': 2.58305025100708, 'avg_kl_divergence': 3.498605251312256, 'entropy': 10.824831008911133}, {'step': 12, 'avg_l2_distance': 2.58305025100708, 'avg_kl_divergence': 3.498605251312256, 'entropy': 10.824783325195312}, {'step': 13, 'avg_l2_distance': 2.58305025100708, 'avg_kl_divergence': 3.498605251312256, 'entropy': 10.82477855682373}, {'step': 14, 'avg_l2_distance': 2.58305025100708, 'avg_kl_divergence': 3.498605251312256, 'entropy': 10.824773788452148}, {'step': 15, 'avg_l2_distance': 2.58305025100708, 'avg_kl_divergence': 3.498605251312256, 'entropy': 10.824769973754883}, {'step': 16, 'avg_l2_distance': 2.58305025100708, 'avg_kl_divergence': 3.498605251312256, 'entropy': 10.824764251708984}, {'step': 17, 'avg_l2_distance': 2.58305025100708, 'avg_kl_divergence': 3.498605251312256, 'entropy': 10.824756622314453}, {'step': 18, 'avg_l2_distance': 2.58305025100708, 'avg_kl_divergence': 3.498605251312256, 'entropy': 10.824750900268555}, {'step': 19, 'avg_l2_distance': 2.58305025100708, 'avg_kl_divergence': 3.498605251312256, 'entropy': 10.824745178222656}, {'step': 20, 'avg_l2_distance': 2.58305025100708, 'avg_kl_divergence': 3.498605251312256, 'entropy': 10.824737548828125}, {'step': 21, 'avg_l2_distance': 2.58305025100708, 'avg_kl_divergence': 3.498605251312256, 'entropy': 10.824728965759277}, {'step': 22, 'avg_l2_distance': 2.58305025100708, 'avg_kl_divergence': 3.498605251312256, 'entropy': 10.824719429016113}, {'step': 23, 'avg_l2_distance': 2.58305025100708, 'avg_kl_divergence': 3.498605251312256, 'entropy': 10.824708938598633}, {'step': 24, 'avg_l2_distance': 1.9108551740646362, 'avg_kl_divergence': 0.4478888511657715, 'entropy': 10.824697494506836}, {'step': 25, 'avg_l2_distance': 1.9108551740646362, 'avg_kl_divergence': 0.4478888511657715, 'entropy': 10.824689865112305}, {'step': 26, 'avg_l2_distance': 2.1494481563568115, 'avg_kl_divergence': 4.024241924285889, 'entropy': 10.82467269897461}, {'step': 27, 'avg_l2_distance': 2.1494481563568115, 'avg_kl_divergence': 4.024241924285889, 'entropy': 10.824378967285156}, {'step': 28, 'avg_l2_distance': 2.1494481563568115, 'avg_kl_divergence': 4.024241924285889, 'entropy': 10.824344635009766}, {'step': 29, 'avg_l2_distance': 2.1494481563568115, 'avg_kl_divergence': 4.024241924285889, 'entropy': 10.824308395385742}, {'step': 30, 'avg_l2_distance': 2.1494481563568115, 'avg_kl_divergence': 4.024241924285889, 'entropy': 10.82426643371582}, {'step': 31, 'avg_l2_distance': 2.1494481563568115, 'avg_kl_divergence': 4.024241924285889, 'entropy': 10.82421875}, {'step': 32, 'avg_l2_distance': 2.1494481563568115, 'avg_kl_divergence': 4.024241924285889, 'entropy': 10.824162483215332}, {'step': 33, 'avg_l2_distance': 2.1494481563568115, 'avg_kl_divergence': 4.024241924285889, 'entropy': 10.8240966796875}, {'step': 34, 'avg_l2_distance': 2.1494481563568115, 'avg_kl_divergence': 4.024241924285889, 'entropy': 10.824019432067871}, {'step': 35, 'avg_l2_distance': 2.1494481563568115, 'avg_kl_divergence': 4.024241924285889, 'entropy': 10.82392692565918}, {'step': 36, 'avg_l2_distance': 2.1494481563568115, 'avg_kl_divergence': 4.024241924285889, 'entropy': 10.823814392089844}, {'step': 37, 'avg_l2_distance': 2.1494481563568115, 'avg_kl_divergence': 4.024241924285889, 'entropy': 10.823678970336914}, {'step': 38, 'avg_l2_distance': 2.1494481563568115, 'avg_kl_divergence': 4.024241924285889, 'entropy': 10.823507308959961}, {'step': 39, 'avg_l2_distance': 2.1494481563568115, 'avg_kl_divergence': 4.024241924285889, 'entropy': 10.82328987121582}, {'step': 40, 'avg_l2_distance': 2.1494481563568115, 'avg_kl_divergence': 4.024241924285889, 'entropy': 10.823007583618164}, {'step': 41, 'avg_l2_distance': 2.1494481563568115, 'avg_kl_divergence': 4.024241924285889, 'entropy': 10.82262897491455}, {'step': 42, 'avg_l2_distance': 2.1494481563568115, 'avg_kl_divergence': 4.024241924285889, 'entropy': 10.822101593017578}, {'step': 43, 'avg_l2_distance': 2.004448175430298, 'avg_kl_divergence': 0.0644441470503807, 'entropy': 10.821335792541504}, {'step': 44, 'avg_l2_distance': 2.004448175430298, 'avg_kl_divergence': 0.0644441470503807, 'entropy': 10.820442199707031}, {'step': 45, 'avg_l2_distance': 2.004448175430298, 'avg_kl_divergence': 0.0644441470503807, 'entropy': 10.818391799926758}, {'step': 46, 'avg_l2_distance': 2.004448175430298, 'avg_kl_divergence': 0.0644441470503807, 'entropy': 10.814435958862305}, {'step': 47, 'avg_l2_distance': 2.004448175430298, 'avg_kl_divergence': 0.0644441470503807, 'entropy': 10.805065155029297}, {'step': 48, 'avg_l2_distance': 2.004448175430298, 'avg_kl_divergence': 0.0644441470503807, 'entropy': 10.771817207336426}, {'step': 49, 'avg_l2_distance': 2.004448175430298, 'avg_kl_divergence': 0.0644441470503807, 'entropy': 10.308516502380371}]",2.004448175430298,0.0644441470503807,0.0
146,policy,True,"[{'step': 0, 'avg_l2_distance': 2.140342950820923, 'avg_kl_divergence': 7.296159267425537, 'entropy': 10.824831008911133}, {'step': 1, 'avg_l2_distance': 2.08561635017395, 'avg_kl_divergence': 2.334829807281494, 'entropy': 10.8248291015625}, {'step': 2, 'avg_l2_distance': 2.089733123779297, 'avg_kl_divergence': 7.629919528961182, 'entropy': 10.824789047241211}, {'step': 3, 'avg_l2_distance': 2.089733123779297, 'avg_kl_divergence': 7.629919528961182, 'entropy': 10.824773788452148}, {'step': 4, 'avg_l2_distance': 2.089733123779297, 'avg_kl_divergence': 7.629919528961182, 'entropy': 10.8247709274292}, {'step': 5, 'avg_l2_distance': 2.089733123779297, 'avg_kl_divergence': 7.629919528961182, 'entropy': 10.824767112731934}, {'step': 6, 'avg_l2_distance': 2.089733123779297, 'avg_kl_divergence': 7.629919528961182, 'entropy': 10.824762344360352}, {'step': 7, 'avg_l2_distance': 2.089733123779297, 'avg_kl_divergence': 7.629919528961182, 'entropy': 10.824756622314453}, {'step': 8, 'avg_l2_distance': 1.9145996570587158, 'avg_kl_divergence': 4.792812347412109, 'entropy': 10.824753761291504}, {'step': 9, 'avg_l2_distance': 2.1982474327087402, 'avg_kl_divergence': 2.5682454109191895, 'entropy': 10.824687957763672}, {'step': 10, 'avg_l2_distance': 2.1982474327087402, 'avg_kl_divergence': 2.5682454109191895, 'entropy': 10.824766159057617}, {'step': 11, 'avg_l2_distance': 2.1982474327087402, 'avg_kl_divergence': 2.5682454109191895, 'entropy': 10.824760437011719}, {'step': 12, 'avg_l2_distance': 2.1982474327087402, 'avg_kl_divergence': 2.5682454109191895, 'entropy': 10.824756622314453}, {'step': 13, 'avg_l2_distance': 2.1982474327087402, 'avg_kl_divergence': 2.5682454109191895, 'entropy': 10.824750900268555}, {'step': 14, 'avg_l2_distance': 2.1982474327087402, 'avg_kl_divergence': 2.5682454109191895, 'entropy': 10.824745178222656}, {'step': 15, 'avg_l2_distance': 2.1982474327087402, 'avg_kl_divergence': 2.5682454109191895, 'entropy': 10.824739456176758}, {'step': 16, 'avg_l2_distance': 2.1982474327087402, 'avg_kl_divergence': 2.5682454109191895, 'entropy': 10.824732780456543}, {'step': 17, 'avg_l2_distance': 2.1982474327087402, 'avg_kl_divergence': 2.5682454109191895, 'entropy': 10.824726104736328}, {'step': 18, 'avg_l2_distance': 2.1982474327087402, 'avg_kl_divergence': 2.5682454109191895, 'entropy': 10.824716567993164}, {'step': 19, 'avg_l2_distance': 2.1982474327087402, 'avg_kl_divergence': 2.5682454109191895, 'entropy': 10.824707984924316}, {'step': 20, 'avg_l2_distance': 2.1982474327087402, 'avg_kl_divergence': 2.5682454109191895, 'entropy': 10.824699401855469}, {'step': 21, 'avg_l2_distance': 2.1982474327087402, 'avg_kl_divergence': 2.5682454109191895, 'entropy': 10.824687957763672}, {'step': 22, 'avg_l2_distance': 2.1982474327087402, 'avg_kl_divergence': 2.5682454109191895, 'entropy': 10.824676513671875}, {'step': 23, 'avg_l2_distance': 2.1982474327087402, 'avg_kl_divergence': 2.5682454109191895, 'entropy': 10.824664115905762}, {'step': 24, 'avg_l2_distance': 2.1982474327087402, 'avg_kl_divergence': 2.5682454109191895, 'entropy': 10.824647903442383}, {'step': 25, 'avg_l2_distance': 1.8437578678131104, 'avg_kl_divergence': 2.58784818649292, 'entropy': 10.82463264465332}, {'step': 26, 'avg_l2_distance': 1.8437578678131104, 'avg_kl_divergence': 2.58784818649292, 'entropy': 10.824562072753906}, {'step': 27, 'avg_l2_distance': 1.8425183296203613, 'avg_kl_divergence': 4.964598655700684, 'entropy': 10.824539184570312}, {'step': 28, 'avg_l2_distance': 1.8425183296203613, 'avg_kl_divergence': 4.964598655700684, 'entropy': 10.824617385864258}, {'step': 29, 'avg_l2_distance': 1.8425183296203613, 'avg_kl_divergence': 4.964598655700684, 'entropy': 10.824588775634766}, {'step': 30, 'avg_l2_distance': 1.8425183296203613, 'avg_kl_divergence': 4.964598655700684, 'entropy': 10.824554443359375}, {'step': 31, 'avg_l2_distance': 1.8425183296203613, 'avg_kl_divergence': 4.964598655700684, 'entropy': 10.824515342712402}, {'step': 32, 'avg_l2_distance': 1.8425183296203613, 'avg_kl_divergence': 4.964598655700684, 'entropy': 10.824468612670898}, {'step': 33, 'avg_l2_distance': 1.8425183296203613, 'avg_kl_divergence': 4.964598655700684, 'entropy': 10.824413299560547}, {'step': 34, 'avg_l2_distance': 1.8425183296203613, 'avg_kl_divergence': 4.964598655700684, 'entropy': 10.824346542358398}, {'step': 35, 'avg_l2_distance': 1.8425183296203613, 'avg_kl_divergence': 4.964598655700684, 'entropy': 10.82426643371582}, {'step': 36, 'avg_l2_distance': 1.8425183296203613, 'avg_kl_divergence': 4.964598655700684, 'entropy': 10.824167251586914}, {'step': 37, 'avg_l2_distance': 1.8425183296203613, 'avg_kl_divergence': 4.964598655700684, 'entropy': 10.824044227600098}, {'step': 38, 'avg_l2_distance': 1.8425183296203613, 'avg_kl_divergence': 4.964598655700684, 'entropy': 10.823885917663574}, {'step': 39, 'avg_l2_distance': 1.8425183296203613, 'avg_kl_divergence': 4.964598655700684, 'entropy': 10.823683738708496}, {'step': 40, 'avg_l2_distance': 1.8425183296203613, 'avg_kl_divergence': 4.964598655700684, 'entropy': 10.82341480255127}, {'step': 41, 'avg_l2_distance': 1.8425183296203613, 'avg_kl_divergence': 4.964598655700684, 'entropy': 10.82304859161377}, {'step': 42, 'avg_l2_distance': 1.8425183296203613, 'avg_kl_divergence': 4.964598655700684, 'entropy': 10.822530746459961}, {'step': 43, 'avg_l2_distance': 1.8425183296203613, 'avg_kl_divergence': 4.964598655700684, 'entropy': 10.821765899658203}, {'step': 44, 'avg_l2_distance': 1.8425183296203613, 'avg_kl_divergence': 4.964598655700684, 'entropy': 10.820569038391113}, {'step': 45, 'avg_l2_distance': 1.8425183296203613, 'avg_kl_divergence': 4.964598655700684, 'entropy': 10.818526268005371}, {'step': 46, 'avg_l2_distance': 1.8425183296203613, 'avg_kl_divergence': 4.964598655700684, 'entropy': 10.814584732055664}, {'step': 47, 'avg_l2_distance': 1.8425183296203613, 'avg_kl_divergence': 4.964598655700684, 'entropy': 10.80524730682373}, {'step': 48, 'avg_l2_distance': 1.8425183296203613, 'avg_kl_divergence': 4.964598655700684, 'entropy': 10.772209167480469}, {'step': 49, 'avg_l2_distance': 1.8425183296203613, 'avg_kl_divergence': 4.964598655700684, 'entropy': 10.323055267333984}]",1.8425183296203613,4.964598655700684,0.0
147,policy,True,"[{'step': 0, 'avg_l2_distance': 2.397759437561035, 'avg_kl_divergence': 9.543925285339355, 'entropy': 10.824832916259766}, {'step': 1, 'avg_l2_distance': 2.397759437561035, 'avg_kl_divergence': 9.543925285339355, 'entropy': 10.824832916259766}, {'step': 2, 'avg_l2_distance': 2.397759437561035, 'avg_kl_divergence': 9.543925285339355, 'entropy': 10.824830055236816}, {'step': 3, 'avg_l2_distance': 2.397759437561035, 'avg_kl_divergence': 9.543925285339355, 'entropy': 10.8248291015625}, {'step': 4, 'avg_l2_distance': 2.397759437561035, 'avg_kl_divergence': 9.543925285339355, 'entropy': 10.82482624053955}, {'step': 5, 'avg_l2_distance': 2.397759437561035, 'avg_kl_divergence': 9.543925285339355, 'entropy': 10.824824333190918}, {'step': 6, 'avg_l2_distance': 2.397759437561035, 'avg_kl_divergence': 9.543925285339355, 'entropy': 10.824822425842285}, {'step': 7, 'avg_l2_distance': 2.397759437561035, 'avg_kl_divergence': 9.543925285339355, 'entropy': 10.824819564819336}, {'step': 8, 'avg_l2_distance': 2.397759437561035, 'avg_kl_divergence': 9.543925285339355, 'entropy': 10.824817657470703}, {'step': 9, 'avg_l2_distance': 2.397759437561035, 'avg_kl_divergence': 9.543925285339355, 'entropy': 10.824813842773438}, {'step': 10, 'avg_l2_distance': 2.397759437561035, 'avg_kl_divergence': 9.543925285339355, 'entropy': 10.824810981750488}, {'step': 11, 'avg_l2_distance': 2.397759437561035, 'avg_kl_divergence': 9.543925285339355, 'entropy': 10.824806213378906}, {'step': 12, 'avg_l2_distance': 2.397759437561035, 'avg_kl_divergence': 9.543925285339355, 'entropy': 10.824803352355957}, {'step': 13, 'avg_l2_distance': 2.397759437561035, 'avg_kl_divergence': 9.543925285339355, 'entropy': 10.824799537658691}, {'step': 14, 'avg_l2_distance': 2.397759437561035, 'avg_kl_divergence': 9.543925285339355, 'entropy': 10.82479476928711}, {'step': 15, 'avg_l2_distance': 2.397759437561035, 'avg_kl_divergence': 9.543925285339355, 'entropy': 10.824790000915527}, {'step': 16, 'avg_l2_distance': 2.397759437561035, 'avg_kl_divergence': 9.543925285339355, 'entropy': 10.824785232543945}, {'step': 17, 'avg_l2_distance': 2.397759437561035, 'avg_kl_divergence': 9.543925285339355, 'entropy': 10.82477855682373}, {'step': 18, 'avg_l2_distance': 2.397759437561035, 'avg_kl_divergence': 9.543925285339355, 'entropy': 10.824771881103516}, {'step': 19, 'avg_l2_distance': 2.397759437561035, 'avg_kl_divergence': 9.543925285339355, 'entropy': 10.8247652053833}, {'step': 20, 'avg_l2_distance': 2.397759437561035, 'avg_kl_divergence': 9.543925285339355, 'entropy': 10.82475757598877}, {'step': 21, 'avg_l2_distance': 2.397759437561035, 'avg_kl_divergence': 9.543925285339355, 'entropy': 10.824749946594238}, {'step': 22, 'avg_l2_distance': 2.397759437561035, 'avg_kl_divergence': 9.543925285339355, 'entropy': 10.824739456176758}, {'step': 23, 'avg_l2_distance': 2.397759437561035, 'avg_kl_divergence': 9.543925285339355, 'entropy': 10.824729919433594}, {'step': 24, 'avg_l2_distance': 2.397759437561035, 'avg_kl_divergence': 9.543925285339355, 'entropy': 10.82471752166748}, {'step': 25, 'avg_l2_distance': 2.397759437561035, 'avg_kl_divergence': 9.543925285339355, 'entropy': 10.824705123901367}, {'step': 26, 'avg_l2_distance': 2.397759437561035, 'avg_kl_divergence': 9.543925285339355, 'entropy': 10.824689865112305}, {'step': 27, 'avg_l2_distance': 2.397759437561035, 'avg_kl_divergence': 9.543925285339355, 'entropy': 10.824671745300293}, {'step': 28, 'avg_l2_distance': 2.397759437561035, 'avg_kl_divergence': 9.543925285339355, 'entropy': 10.824653625488281}, {'step': 29, 'avg_l2_distance': 2.397759437561035, 'avg_kl_divergence': 9.543925285339355, 'entropy': 10.824631690979004}, {'step': 30, 'avg_l2_distance': 2.397759437561035, 'avg_kl_divergence': 9.543925285339355, 'entropy': 10.824604988098145}, {'step': 31, 'avg_l2_distance': 2.6351473331451416, 'avg_kl_divergence': 12.493785858154297, 'entropy': 10.824573516845703}, {'step': 32, 'avg_l2_distance': 2.6351473331451416, 'avg_kl_divergence': 12.493785858154297, 'entropy': 10.824621200561523}, {'step': 33, 'avg_l2_distance': 2.6351473331451416, 'avg_kl_divergence': 12.493785858154297, 'entropy': 10.824590682983398}, {'step': 34, 'avg_l2_distance': 2.6351473331451416, 'avg_kl_divergence': 12.493785858154297, 'entropy': 10.824552536010742}, {'step': 35, 'avg_l2_distance': 2.6351473331451416, 'avg_kl_divergence': 12.493785858154297, 'entropy': 10.824506759643555}, {'step': 36, 'avg_l2_distance': 2.6351473331451416, 'avg_kl_divergence': 12.493785858154297, 'entropy': 10.824450492858887}, {'step': 37, 'avg_l2_distance': 2.6351473331451416, 'avg_kl_divergence': 12.493785858154297, 'entropy': 10.824381828308105}, {'step': 38, 'avg_l2_distance': 2.6351473331451416, 'avg_kl_divergence': 12.493785858154297, 'entropy': 10.824292182922363}, {'step': 39, 'avg_l2_distance': 2.6351473331451416, 'avg_kl_divergence': 12.493785858154297, 'entropy': 10.824178695678711}, {'step': 40, 'avg_l2_distance': 2.6351473331451416, 'avg_kl_divergence': 12.493785858154297, 'entropy': 10.824026107788086}, {'step': 41, 'avg_l2_distance': 2.6351473331451416, 'avg_kl_divergence': 12.493785858154297, 'entropy': 10.823821067810059}, {'step': 42, 'avg_l2_distance': 2.6351473331451416, 'avg_kl_divergence': 12.493785858154297, 'entropy': 10.823531150817871}, {'step': 43, 'avg_l2_distance': 2.6351473331451416, 'avg_kl_divergence': 12.493785858154297, 'entropy': 10.823102951049805}, {'step': 44, 'avg_l2_distance': 2.6351473331451416, 'avg_kl_divergence': 12.493785858154297, 'entropy': 10.822431564331055}, {'step': 45, 'avg_l2_distance': 2.6351473331451416, 'avg_kl_divergence': 12.493785858154297, 'entropy': 10.821290016174316}, {'step': 46, 'avg_l2_distance': 2.6351473331451416, 'avg_kl_divergence': 12.493785858154297, 'entropy': 10.819091796875}, {'step': 47, 'avg_l2_distance': 2.6351473331451416, 'avg_kl_divergence': 12.493785858154297, 'entropy': 10.813899040222168}, {'step': 48, 'avg_l2_distance': 2.6351473331451416, 'avg_kl_divergence': 12.493785858154297, 'entropy': 10.795357704162598}, {'step': 49, 'avg_l2_distance': 2.6351473331451416, 'avg_kl_divergence': 12.493785858154297, 'entropy': 9.995277404785156}]",2.6351473331451416,12.493785858154297,0.0
148,policy,True,"[{'step': 0, 'avg_l2_distance': 2.648674249649048, 'avg_kl_divergence': 7.724398136138916, 'entropy': 10.824821472167969}, {'step': 1, 'avg_l2_distance': 2.648674249649048, 'avg_kl_divergence': 7.724398136138916, 'entropy': 10.824820518493652}, {'step': 2, 'avg_l2_distance': 2.648674249649048, 'avg_kl_divergence': 7.724398136138916, 'entropy': 10.82481861114502}, {'step': 3, 'avg_l2_distance': 2.1027305126190186, 'avg_kl_divergence': 18.89596176147461, 'entropy': 10.824816703796387}, {'step': 4, 'avg_l2_distance': 2.1027305126190186, 'avg_kl_divergence': 18.89596176147461, 'entropy': 10.8248291015625}, {'step': 5, 'avg_l2_distance': 2.25411057472229, 'avg_kl_divergence': 8.603464126586914, 'entropy': 10.824827194213867}, {'step': 6, 'avg_l2_distance': 2.25411057472229, 'avg_kl_divergence': 8.603464126586914, 'entropy': 10.824819564819336}, {'step': 7, 'avg_l2_distance': 2.268684148788452, 'avg_kl_divergence': 9.63599967956543, 'entropy': 10.82481575012207}, {'step': 8, 'avg_l2_distance': 2.268684148788452, 'avg_kl_divergence': 9.63599967956543, 'entropy': 10.824800491333008}, {'step': 9, 'avg_l2_distance': 2.268684148788452, 'avg_kl_divergence': 9.63599967956543, 'entropy': 10.824796676635742}, {'step': 10, 'avg_l2_distance': 2.268684148788452, 'avg_kl_divergence': 9.63599967956543, 'entropy': 10.824793815612793}, {'step': 11, 'avg_l2_distance': 2.268684148788452, 'avg_kl_divergence': 9.63599967956543, 'entropy': 10.824790000915527}, {'step': 12, 'avg_l2_distance': 2.268684148788452, 'avg_kl_divergence': 9.63599967956543, 'entropy': 10.824785232543945}, {'step': 13, 'avg_l2_distance': 2.268684148788452, 'avg_kl_divergence': 9.63599967956543, 'entropy': 10.82478141784668}, {'step': 14, 'avg_l2_distance': 2.268684148788452, 'avg_kl_divergence': 9.63599967956543, 'entropy': 10.824775695800781}, {'step': 15, 'avg_l2_distance': 2.268684148788452, 'avg_kl_divergence': 9.63599967956543, 'entropy': 10.824769973754883}, {'step': 16, 'avg_l2_distance': 2.268684148788452, 'avg_kl_divergence': 9.63599967956543, 'entropy': 10.824764251708984}, {'step': 17, 'avg_l2_distance': 2.268684148788452, 'avg_kl_divergence': 9.63599967956543, 'entropy': 10.82475757598877}, {'step': 18, 'avg_l2_distance': 2.268684148788452, 'avg_kl_divergence': 9.63599967956543, 'entropy': 10.824750900268555}, {'step': 19, 'avg_l2_distance': 2.3717260360717773, 'avg_kl_divergence': 5.947131156921387, 'entropy': 10.82474136352539}, {'step': 20, 'avg_l2_distance': 2.3717260360717773, 'avg_kl_divergence': 5.947131156921387, 'entropy': 10.82472038269043}, {'step': 21, 'avg_l2_distance': 2.3717260360717773, 'avg_kl_divergence': 5.947131156921387, 'entropy': 10.82470989227295}, {'step': 22, 'avg_l2_distance': 2.3717260360717773, 'avg_kl_divergence': 5.947131156921387, 'entropy': 10.824698448181152}, {'step': 23, 'avg_l2_distance': 2.3717260360717773, 'avg_kl_divergence': 5.947131156921387, 'entropy': 10.824685096740723}, {'step': 24, 'avg_l2_distance': 2.3717260360717773, 'avg_kl_divergence': 5.947131156921387, 'entropy': 10.82467269897461}, {'step': 25, 'avg_l2_distance': 2.3717260360717773, 'avg_kl_divergence': 5.947131156921387, 'entropy': 10.824657440185547}, {'step': 26, 'avg_l2_distance': 2.3717260360717773, 'avg_kl_divergence': 5.947131156921387, 'entropy': 10.824638366699219}, {'step': 27, 'avg_l2_distance': 2.3717260360717773, 'avg_kl_divergence': 5.947131156921387, 'entropy': 10.82461929321289}, {'step': 28, 'avg_l2_distance': 2.3717260360717773, 'avg_kl_divergence': 5.947131156921387, 'entropy': 10.824594497680664}, {'step': 29, 'avg_l2_distance': 2.3717260360717773, 'avg_kl_divergence': 5.947131156921387, 'entropy': 10.824569702148438}, {'step': 30, 'avg_l2_distance': 2.2056756019592285, 'avg_kl_divergence': 6.909434795379639, 'entropy': 10.824539184570312}, {'step': 31, 'avg_l2_distance': 2.2056756019592285, 'avg_kl_divergence': 6.909434795379639, 'entropy': 10.824551582336426}, {'step': 32, 'avg_l2_distance': 2.2056756019592285, 'avg_kl_divergence': 6.909434795379639, 'entropy': 10.824514389038086}, {'step': 33, 'avg_l2_distance': 2.2056756019592285, 'avg_kl_divergence': 6.909434795379639, 'entropy': 10.824469566345215}, {'step': 34, 'avg_l2_distance': 2.2056756019592285, 'avg_kl_divergence': 6.909434795379639, 'entropy': 10.824416160583496}, {'step': 35, 'avg_l2_distance': 2.2056756019592285, 'avg_kl_divergence': 6.909434795379639, 'entropy': 10.824350357055664}, {'step': 36, 'avg_l2_distance': 2.2056756019592285, 'avg_kl_divergence': 6.909434795379639, 'entropy': 10.824274063110352}, {'step': 37, 'avg_l2_distance': 2.2056756019592285, 'avg_kl_divergence': 6.909434795379639, 'entropy': 10.824175834655762}, {'step': 38, 'avg_l2_distance': 2.2056756019592285, 'avg_kl_divergence': 6.909434795379639, 'entropy': 10.824052810668945}, {'step': 39, 'avg_l2_distance': 2.2056756019592285, 'avg_kl_divergence': 6.909434795379639, 'entropy': 10.823893547058105}, {'step': 40, 'avg_l2_distance': 2.2056756019592285, 'avg_kl_divergence': 6.909434795379639, 'entropy': 10.82368278503418}, {'step': 41, 'avg_l2_distance': 2.2056756019592285, 'avg_kl_divergence': 6.909434795379639, 'entropy': 10.823396682739258}, {'step': 42, 'avg_l2_distance': 2.2056756019592285, 'avg_kl_divergence': 6.909434795379639, 'entropy': 10.82299518585205}, {'step': 43, 'avg_l2_distance': 2.2056756019592285, 'avg_kl_divergence': 6.909434795379639, 'entropy': 10.822402954101562}, {'step': 44, 'avg_l2_distance': 2.2056756019592285, 'avg_kl_divergence': 6.909434795379639, 'entropy': 10.821475982666016}, {'step': 45, 'avg_l2_distance': 2.2056756019592285, 'avg_kl_divergence': 6.909434795379639, 'entropy': 10.81989860534668}, {'step': 46, 'avg_l2_distance': 2.2056756019592285, 'avg_kl_divergence': 6.909434795379639, 'entropy': 10.816863059997559}, {'step': 47, 'avg_l2_distance': 2.2056756019592285, 'avg_kl_divergence': 6.909434795379639, 'entropy': 10.809701919555664}, {'step': 48, 'avg_l2_distance': 2.2056756019592285, 'avg_kl_divergence': 6.909434795379639, 'entropy': 10.784448623657227}, {'step': 49, 'avg_l2_distance': 2.2056756019592285, 'avg_kl_divergence': 6.909434795379639, 'entropy': 10.392023086547852}]",2.2056756019592285,6.909434795379639,0.0
149,policy,True,"[{'step': 0, 'avg_l2_distance': 2.296536922454834, 'avg_kl_divergence': 9.67411994934082, 'entropy': 10.824808120727539}, {'step': 1, 'avg_l2_distance': 2.3604812622070312, 'avg_kl_divergence': 7.347488880157471, 'entropy': 10.82480525970459}, {'step': 2, 'avg_l2_distance': 2.2786166667938232, 'avg_kl_divergence': 8.448654174804688, 'entropy': 10.824790954589844}, {'step': 3, 'avg_l2_distance': 2.7440645694732666, 'avg_kl_divergence': 9.083723068237305, 'entropy': 10.824828147888184}, {'step': 4, 'avg_l2_distance': 2.4045426845550537, 'avg_kl_divergence': 7.829054832458496, 'entropy': 10.824823379516602}, {'step': 5, 'avg_l2_distance': 2.4961211681365967, 'avg_kl_divergence': 11.535080909729004, 'entropy': 10.824804306030273}, {'step': 6, 'avg_l2_distance': 2.4961211681365967, 'avg_kl_divergence': 11.535080909729004, 'entropy': 10.824777603149414}, {'step': 7, 'avg_l2_distance': 2.0387611389160156, 'avg_kl_divergence': 2.748131513595581, 'entropy': 10.824773788452148}, {'step': 8, 'avg_l2_distance': 2.0387611389160156, 'avg_kl_divergence': 2.748131513595581, 'entropy': 10.82474136352539}, {'step': 9, 'avg_l2_distance': 2.0387611389160156, 'avg_kl_divergence': 2.748131513595581, 'entropy': 10.824735641479492}, {'step': 10, 'avg_l2_distance': 2.0387611389160156, 'avg_kl_divergence': 2.748131513595581, 'entropy': 10.82473087310791}, {'step': 11, 'avg_l2_distance': 2.0387611389160156, 'avg_kl_divergence': 2.748131513595581, 'entropy': 10.824725151062012}, {'step': 12, 'avg_l2_distance': 1.909654974937439, 'avg_kl_divergence': 2.526102304458618, 'entropy': 10.824719429016113}, {'step': 13, 'avg_l2_distance': 1.909654974937439, 'avg_kl_divergence': 2.526102304458618, 'entropy': 10.824748992919922}, {'step': 14, 'avg_l2_distance': 1.909654974937439, 'avg_kl_divergence': 2.526102304458618, 'entropy': 10.824742317199707}, {'step': 15, 'avg_l2_distance': 1.909654974937439, 'avg_kl_divergence': 2.526102304458618, 'entropy': 10.82473373413086}, {'step': 16, 'avg_l2_distance': 1.909654974937439, 'avg_kl_divergence': 2.526102304458618, 'entropy': 10.824725151062012}, {'step': 17, 'avg_l2_distance': 1.909654974937439, 'avg_kl_divergence': 2.526102304458618, 'entropy': 10.824716567993164}, {'step': 18, 'avg_l2_distance': 1.909654974937439, 'avg_kl_divergence': 2.526102304458618, 'entropy': 10.824706077575684}, {'step': 19, 'avg_l2_distance': 1.909654974937439, 'avg_kl_divergence': 2.526102304458618, 'entropy': 10.82469367980957}, {'step': 20, 'avg_l2_distance': 1.909654974937439, 'avg_kl_divergence': 2.526102304458618, 'entropy': 10.824682235717773}, {'step': 21, 'avg_l2_distance': 1.909654974937439, 'avg_kl_divergence': 2.526102304458618, 'entropy': 10.824667930603027}, {'step': 22, 'avg_l2_distance': 1.909654974937439, 'avg_kl_divergence': 2.526102304458618, 'entropy': 10.824651718139648}, {'step': 23, 'avg_l2_distance': 1.909654974937439, 'avg_kl_divergence': 2.526102304458618, 'entropy': 10.82463550567627}, {'step': 24, 'avg_l2_distance': 1.909654974937439, 'avg_kl_divergence': 2.526102304458618, 'entropy': 10.824615478515625}, {'step': 25, 'avg_l2_distance': 1.909654974937439, 'avg_kl_divergence': 2.526102304458618, 'entropy': 10.82459545135498}, {'step': 26, 'avg_l2_distance': 1.909654974937439, 'avg_kl_divergence': 2.526102304458618, 'entropy': 10.82457160949707}, {'step': 27, 'avg_l2_distance': 1.909654974937439, 'avg_kl_divergence': 2.526102304458618, 'entropy': 10.824544906616211}, {'step': 28, 'avg_l2_distance': 1.909654974937439, 'avg_kl_divergence': 2.526102304458618, 'entropy': 10.82451343536377}, {'step': 29, 'avg_l2_distance': 1.909654974937439, 'avg_kl_divergence': 2.526102304458618, 'entropy': 10.824478149414062}, {'step': 30, 'avg_l2_distance': 1.909654974937439, 'avg_kl_divergence': 2.526102304458618, 'entropy': 10.82443618774414}, {'step': 31, 'avg_l2_distance': 1.909654974937439, 'avg_kl_divergence': 2.526102304458618, 'entropy': 10.82438850402832}, {'step': 32, 'avg_l2_distance': 1.909654974937439, 'avg_kl_divergence': 2.526102304458618, 'entropy': 10.824331283569336}, {'step': 33, 'avg_l2_distance': 1.909654974937439, 'avg_kl_divergence': 2.526102304458618, 'entropy': 10.82426643371582}, {'step': 34, 'avg_l2_distance': 1.909654974937439, 'avg_kl_divergence': 2.526102304458618, 'entropy': 10.824188232421875}, {'step': 35, 'avg_l2_distance': 1.909654974937439, 'avg_kl_divergence': 2.526102304458618, 'entropy': 10.824092864990234}, {'step': 36, 'avg_l2_distance': 1.909654974937439, 'avg_kl_divergence': 2.526102304458618, 'entropy': 10.823976516723633}, {'step': 37, 'avg_l2_distance': 1.9990531206130981, 'avg_kl_divergence': 3.4586939811706543, 'entropy': 10.823833465576172}, {'step': 38, 'avg_l2_distance': 1.9990531206130981, 'avg_kl_divergence': 3.4586939811706543, 'entropy': 10.823588371276855}, {'step': 39, 'avg_l2_distance': 1.9990531206130981, 'avg_kl_divergence': 3.4586939811706543, 'entropy': 10.823347091674805}, {'step': 40, 'avg_l2_distance': 1.9990531206130981, 'avg_kl_divergence': 3.4586939811706543, 'entropy': 10.823027610778809}, {'step': 41, 'avg_l2_distance': 1.9990531206130981, 'avg_kl_divergence': 3.4586939811706543, 'entropy': 10.82259750366211}, {'step': 42, 'avg_l2_distance': 1.9990531206130981, 'avg_kl_divergence': 3.4586939811706543, 'entropy': 10.821992874145508}, {'step': 43, 'avg_l2_distance': 1.9990531206130981, 'avg_kl_divergence': 3.4586939811706543, 'entropy': 10.821104049682617}, {'step': 44, 'avg_l2_distance': 1.9990531206130981, 'avg_kl_divergence': 3.4586939811706543, 'entropy': 10.81971549987793}, {'step': 45, 'avg_l2_distance': 1.9990531206130981, 'avg_kl_divergence': 3.4586939811706543, 'entropy': 10.817354202270508}, {'step': 46, 'avg_l2_distance': 1.9990531206130981, 'avg_kl_divergence': 3.4586939811706543, 'entropy': 10.812803268432617}, {'step': 47, 'avg_l2_distance': 1.9990531206130981, 'avg_kl_divergence': 3.4586939811706543, 'entropy': 10.802011489868164}, {'step': 48, 'avg_l2_distance': 1.9990531206130981, 'avg_kl_divergence': 3.4586939811706543, 'entropy': 10.763595581054688}, {'step': 49, 'avg_l2_distance': 1.9990531206130981, 'avg_kl_divergence': 3.4586939811706543, 'entropy': 10.254034996032715}]",1.9990531206130981,3.4586939811706543,0.0
150,policy,True,"[{'step': 0, 'avg_l2_distance': 2.4648966789245605, 'avg_kl_divergence': 13.266879081726074, 'entropy': 10.824767112731934}, {'step': 1, 'avg_l2_distance': 2.4648966789245605, 'avg_kl_divergence': 13.266879081726074, 'entropy': 10.824756622314453}, {'step': 2, 'avg_l2_distance': 2.4648966789245605, 'avg_kl_divergence': 13.266879081726074, 'entropy': 10.824752807617188}, {'step': 3, 'avg_l2_distance': 2.4648966789245605, 'avg_kl_divergence': 13.266879081726074, 'entropy': 10.824748992919922}, {'step': 4, 'avg_l2_distance': 2.4648966789245605, 'avg_kl_divergence': 13.266879081726074, 'entropy': 10.824745178222656}, {'step': 5, 'avg_l2_distance': 2.4648966789245605, 'avg_kl_divergence': 13.266879081726074, 'entropy': 10.824742317199707}, {'step': 6, 'avg_l2_distance': 2.4648966789245605, 'avg_kl_divergence': 13.266879081726074, 'entropy': 10.824737548828125}, {'step': 7, 'avg_l2_distance': 2.4648966789245605, 'avg_kl_divergence': 13.266879081726074, 'entropy': 10.824734687805176}, {'step': 8, 'avg_l2_distance': 2.4648966789245605, 'avg_kl_divergence': 13.266879081726074, 'entropy': 10.824729919433594}, {'step': 9, 'avg_l2_distance': 2.4648966789245605, 'avg_kl_divergence': 13.266879081726074, 'entropy': 10.824724197387695}, {'step': 10, 'avg_l2_distance': 2.4648966789245605, 'avg_kl_divergence': 13.266879081726074, 'entropy': 10.82472038269043}, {'step': 11, 'avg_l2_distance': 2.4648966789245605, 'avg_kl_divergence': 13.266879081726074, 'entropy': 10.824714660644531}, {'step': 12, 'avg_l2_distance': 2.4648966789245605, 'avg_kl_divergence': 13.266879081726074, 'entropy': 10.824708938598633}, {'step': 13, 'avg_l2_distance': 2.418938159942627, 'avg_kl_divergence': 11.546295166015625, 'entropy': 10.824702262878418}, {'step': 14, 'avg_l2_distance': 2.418938159942627, 'avg_kl_divergence': 11.546295166015625, 'entropy': 10.82478141784668}, {'step': 15, 'avg_l2_distance': 2.418938159942627, 'avg_kl_divergence': 11.546295166015625, 'entropy': 10.824776649475098}, {'step': 16, 'avg_l2_distance': 2.418938159942627, 'avg_kl_divergence': 11.546295166015625, 'entropy': 10.8247709274292}, {'step': 17, 'avg_l2_distance': 2.418938159942627, 'avg_kl_divergence': 11.546295166015625, 'entropy': 10.824764251708984}, {'step': 18, 'avg_l2_distance': 2.4152612686157227, 'avg_kl_divergence': 15.686996459960938, 'entropy': 10.824756622314453}, {'step': 19, 'avg_l2_distance': 2.4152612686157227, 'avg_kl_divergence': 15.686996459960938, 'entropy': 10.824686050415039}, {'step': 20, 'avg_l2_distance': 2.4152612686157227, 'avg_kl_divergence': 15.686996459960938, 'entropy': 10.824676513671875}, {'step': 21, 'avg_l2_distance': 2.4152612686157227, 'avg_kl_divergence': 15.686996459960938, 'entropy': 10.824663162231445}, {'step': 22, 'avg_l2_distance': 2.4152612686157227, 'avg_kl_divergence': 15.686996459960938, 'entropy': 10.824650764465332}, {'step': 23, 'avg_l2_distance': 2.4152612686157227, 'avg_kl_divergence': 15.686996459960938, 'entropy': 10.824637413024902}, {'step': 24, 'avg_l2_distance': 2.4152612686157227, 'avg_kl_divergence': 15.686996459960938, 'entropy': 10.824620246887207}, {'step': 25, 'avg_l2_distance': 2.4152612686157227, 'avg_kl_divergence': 15.686996459960938, 'entropy': 10.824602127075195}, {'step': 26, 'avg_l2_distance': 2.4152612686157227, 'avg_kl_divergence': 15.686996459960938, 'entropy': 10.824581146240234}, {'step': 27, 'avg_l2_distance': 2.4152612686157227, 'avg_kl_divergence': 15.686996459960938, 'entropy': 10.82455825805664}, {'step': 28, 'avg_l2_distance': 2.4152612686157227, 'avg_kl_divergence': 15.686996459960938, 'entropy': 10.824532508850098}, {'step': 29, 'avg_l2_distance': 2.4152612686157227, 'avg_kl_divergence': 15.686996459960938, 'entropy': 10.824501991271973}, {'step': 30, 'avg_l2_distance': 2.4152612686157227, 'avg_kl_divergence': 15.686996459960938, 'entropy': 10.824468612670898}, {'step': 31, 'avg_l2_distance': 2.4152612686157227, 'avg_kl_divergence': 15.686996459960938, 'entropy': 10.824427604675293}, {'step': 32, 'avg_l2_distance': 2.4152612686157227, 'avg_kl_divergence': 15.686996459960938, 'entropy': 10.824382781982422}, {'step': 33, 'avg_l2_distance': 2.4152612686157227, 'avg_kl_divergence': 15.686996459960938, 'entropy': 10.82432746887207}, {'step': 34, 'avg_l2_distance': 2.4152612686157227, 'avg_kl_divergence': 15.686996459960938, 'entropy': 10.824261665344238}, {'step': 35, 'avg_l2_distance': 2.4152612686157227, 'avg_kl_divergence': 15.686996459960938, 'entropy': 10.824183464050293}, {'step': 36, 'avg_l2_distance': 2.4152612686157227, 'avg_kl_divergence': 15.686996459960938, 'entropy': 10.824088096618652}, {'step': 37, 'avg_l2_distance': 2.339461088180542, 'avg_kl_divergence': 14.548369407653809, 'entropy': 10.823969841003418}, {'step': 38, 'avg_l2_distance': 2.339461088180542, 'avg_kl_divergence': 14.548369407653809, 'entropy': 10.824045181274414}, {'step': 39, 'avg_l2_distance': 2.339461088180542, 'avg_kl_divergence': 14.548369407653809, 'entropy': 10.82388687133789}, {'step': 40, 'avg_l2_distance': 2.339461088180542, 'avg_kl_divergence': 14.548369407653809, 'entropy': 10.823677062988281}, {'step': 41, 'avg_l2_distance': 2.339461088180542, 'avg_kl_divergence': 14.548369407653809, 'entropy': 10.823392868041992}, {'step': 42, 'avg_l2_distance': 2.339461088180542, 'avg_kl_divergence': 14.548369407653809, 'entropy': 10.822991371154785}, {'step': 43, 'avg_l2_distance': 2.339461088180542, 'avg_kl_divergence': 14.548369407653809, 'entropy': 10.822402954101562}, {'step': 44, 'avg_l2_distance': 2.339461088180542, 'avg_kl_divergence': 14.548369407653809, 'entropy': 10.821481704711914}, {'step': 45, 'avg_l2_distance': 2.339461088180542, 'avg_kl_divergence': 14.548369407653809, 'entropy': 10.819915771484375}, {'step': 46, 'avg_l2_distance': 2.339461088180542, 'avg_kl_divergence': 14.548369407653809, 'entropy': 10.816905975341797}, {'step': 47, 'avg_l2_distance': 2.339461088180542, 'avg_kl_divergence': 14.548369407653809, 'entropy': 10.809819221496582}, {'step': 48, 'avg_l2_distance': 2.339461088180542, 'avg_kl_divergence': 14.548369407653809, 'entropy': 10.784893035888672}, {'step': 49, 'avg_l2_distance': 2.339461088180542, 'avg_kl_divergence': 14.548369407653809, 'entropy': 10.366659164428711}]",2.339461088180542,14.548369407653809,0.0
151,policy,True,"[{'step': 0, 'avg_l2_distance': 2.55222749710083, 'avg_kl_divergence': 7.908461093902588, 'entropy': 10.824848175048828}, {'step': 1, 'avg_l2_distance': 2.55222749710083, 'avg_kl_divergence': 7.908461093902588, 'entropy': 10.824846267700195}, {'step': 2, 'avg_l2_distance': 2.55222749710083, 'avg_kl_divergence': 7.908461093902588, 'entropy': 10.824846267700195}, {'step': 3, 'avg_l2_distance': 2.5406298637390137, 'avg_kl_divergence': 5.987072944641113, 'entropy': 10.824843406677246}, {'step': 4, 'avg_l2_distance': 2.5406298637390137, 'avg_kl_divergence': 5.987072944641113, 'entropy': 10.824836730957031}, {'step': 5, 'avg_l2_distance': 2.3876802921295166, 'avg_kl_divergence': 3.864875316619873, 'entropy': 10.824834823608398}, {'step': 6, 'avg_l2_distance': 2.3876802921295166, 'avg_kl_divergence': 3.864875316619873, 'entropy': 10.824798583984375}, {'step': 7, 'avg_l2_distance': 2.3876802921295166, 'avg_kl_divergence': 3.864875316619873, 'entropy': 10.824797630310059}, {'step': 8, 'avg_l2_distance': 2.3876802921295166, 'avg_kl_divergence': 3.864875316619873, 'entropy': 10.824792861938477}, {'step': 9, 'avg_l2_distance': 2.3876802921295166, 'avg_kl_divergence': 3.864875316619873, 'entropy': 10.824790954589844}, {'step': 10, 'avg_l2_distance': 2.3876802921295166, 'avg_kl_divergence': 3.864875316619873, 'entropy': 10.824786186218262}, {'step': 11, 'avg_l2_distance': 2.3876802921295166, 'avg_kl_divergence': 3.864875316619873, 'entropy': 10.824782371520996}, {'step': 12, 'avg_l2_distance': 2.3876802921295166, 'avg_kl_divergence': 3.864875316619873, 'entropy': 10.824777603149414}, {'step': 13, 'avg_l2_distance': 2.3876802921295166, 'avg_kl_divergence': 3.864875316619873, 'entropy': 10.824773788452148}, {'step': 14, 'avg_l2_distance': 2.3876802921295166, 'avg_kl_divergence': 3.864875316619873, 'entropy': 10.82476806640625}, {'step': 15, 'avg_l2_distance': 2.3876802921295166, 'avg_kl_divergence': 3.864875316619873, 'entropy': 10.824762344360352}, {'step': 16, 'avg_l2_distance': 2.3876802921295166, 'avg_kl_divergence': 3.864875316619873, 'entropy': 10.82475471496582}, {'step': 17, 'avg_l2_distance': 2.3876802921295166, 'avg_kl_divergence': 3.864875316619873, 'entropy': 10.824748992919922}, {'step': 18, 'avg_l2_distance': 2.3876802921295166, 'avg_kl_divergence': 3.864875316619873, 'entropy': 10.82474136352539}, {'step': 19, 'avg_l2_distance': 2.3876802921295166, 'avg_kl_divergence': 3.864875316619873, 'entropy': 10.82473373413086}, {'step': 20, 'avg_l2_distance': 2.3876802921295166, 'avg_kl_divergence': 3.864875316619873, 'entropy': 10.824724197387695}, {'step': 21, 'avg_l2_distance': 2.3876802921295166, 'avg_kl_divergence': 3.864875316619873, 'entropy': 10.824714660644531}, {'step': 22, 'avg_l2_distance': 2.3876802921295166, 'avg_kl_divergence': 3.864875316619873, 'entropy': 10.82470417022705}, {'step': 23, 'avg_l2_distance': 2.3876802921295166, 'avg_kl_divergence': 3.864875316619873, 'entropy': 10.824690818786621}, {'step': 24, 'avg_l2_distance': 2.2154464721679688, 'avg_kl_divergence': 8.621519088745117, 'entropy': 10.824677467346191}, {'step': 25, 'avg_l2_distance': 2.2154464721679688, 'avg_kl_divergence': 8.621519088745117, 'entropy': 10.824588775634766}, {'step': 26, 'avg_l2_distance': 2.2154464721679688, 'avg_kl_divergence': 8.621519088745117, 'entropy': 10.824567794799805}, {'step': 27, 'avg_l2_distance': 2.2154464721679688, 'avg_kl_divergence': 8.621519088745117, 'entropy': 10.824543952941895}, {'step': 28, 'avg_l2_distance': 1.6236265897750854, 'avg_kl_divergence': 10.430472373962402, 'entropy': 10.824517250061035}, {'step': 29, 'avg_l2_distance': 1.6236265897750854, 'avg_kl_divergence': 10.430472373962402, 'entropy': 10.82445240020752}, {'step': 30, 'avg_l2_distance': 1.6236265897750854, 'avg_kl_divergence': 10.430472373962402, 'entropy': 10.824409484863281}, {'step': 31, 'avg_l2_distance': 1.6236265897750854, 'avg_kl_divergence': 10.430472373962402, 'entropy': 10.824359893798828}, {'step': 32, 'avg_l2_distance': 1.6236265897750854, 'avg_kl_divergence': 10.430472373962402, 'entropy': 10.824302673339844}, {'step': 33, 'avg_l2_distance': 1.6236265897750854, 'avg_kl_divergence': 10.430472373962402, 'entropy': 10.82423210144043}, {'step': 34, 'avg_l2_distance': 1.6236265897750854, 'avg_kl_divergence': 10.430472373962402, 'entropy': 10.824150085449219}, {'step': 35, 'avg_l2_distance': 1.6236265897750854, 'avg_kl_divergence': 10.430472373962402, 'entropy': 10.824050903320312}, {'step': 36, 'avg_l2_distance': 1.6236265897750854, 'avg_kl_divergence': 10.430472373962402, 'entropy': 10.823930740356445}, {'step': 37, 'avg_l2_distance': 1.6236265897750854, 'avg_kl_divergence': 10.430472373962402, 'entropy': 10.823780059814453}, {'step': 38, 'avg_l2_distance': 1.6236265897750854, 'avg_kl_divergence': 10.430472373962402, 'entropy': 10.823591232299805}, {'step': 39, 'avg_l2_distance': 1.6236265897750854, 'avg_kl_divergence': 10.430472373962402, 'entropy': 10.823348999023438}, {'step': 40, 'avg_l2_distance': 1.6236265897750854, 'avg_kl_divergence': 10.430472373962402, 'entropy': 10.823030471801758}, {'step': 41, 'avg_l2_distance': 1.6236265897750854, 'avg_kl_divergence': 10.430472373962402, 'entropy': 10.82259750366211}, {'step': 42, 'avg_l2_distance': 1.6236265897750854, 'avg_kl_divergence': 10.430472373962402, 'entropy': 10.821989059448242}, {'step': 43, 'avg_l2_distance': 1.6236265897750854, 'avg_kl_divergence': 10.430472373962402, 'entropy': 10.821097373962402}, {'step': 44, 'avg_l2_distance': 1.6236265897750854, 'avg_kl_divergence': 10.430472373962402, 'entropy': 10.819704055786133}, {'step': 45, 'avg_l2_distance': 1.6236265897750854, 'avg_kl_divergence': 10.430472373962402, 'entropy': 10.817337036132812}, {'step': 46, 'avg_l2_distance': 1.6236265897750854, 'avg_kl_divergence': 10.430472373962402, 'entropy': 10.812774658203125}, {'step': 47, 'avg_l2_distance': 1.6236265897750854, 'avg_kl_divergence': 10.430472373962402, 'entropy': 10.801955223083496}, {'step': 48, 'avg_l2_distance': 1.6236265897750854, 'avg_kl_divergence': 10.430472373962402, 'entropy': 10.763479232788086}, {'step': 49, 'avg_l2_distance': 1.6236265897750854, 'avg_kl_divergence': 10.430472373962402, 'entropy': 10.249124526977539}]",1.6236265897750854,10.430472373962402,0.0
152,policy,True,"[{'step': 0, 'avg_l2_distance': 2.526172399520874, 'avg_kl_divergence': 8.907912254333496, 'entropy': 10.824831008911133}, {'step': 1, 'avg_l2_distance': 2.511341094970703, 'avg_kl_divergence': 6.4383955001831055, 'entropy': 10.824834823608398}, {'step': 2, 'avg_l2_distance': 1.8766958713531494, 'avg_kl_divergence': 6.4308247566223145, 'entropy': 10.824811935424805}, {'step': 3, 'avg_l2_distance': 1.8766958713531494, 'avg_kl_divergence': 6.4308247566223145, 'entropy': 10.824825286865234}, {'step': 4, 'avg_l2_distance': 1.8766958713531494, 'avg_kl_divergence': 6.4308247566223145, 'entropy': 10.824821472167969}, {'step': 5, 'avg_l2_distance': 1.8766958713531494, 'avg_kl_divergence': 6.4308247566223145, 'entropy': 10.82481861114502}, {'step': 6, 'avg_l2_distance': 1.8766958713531494, 'avg_kl_divergence': 6.4308247566223145, 'entropy': 10.82481575012207}, {'step': 7, 'avg_l2_distance': 1.8766958713531494, 'avg_kl_divergence': 6.4308247566223145, 'entropy': 10.824812889099121}, {'step': 8, 'avg_l2_distance': 1.8766958713531494, 'avg_kl_divergence': 6.4308247566223145, 'entropy': 10.824809074401855}, {'step': 9, 'avg_l2_distance': 1.8766958713531494, 'avg_kl_divergence': 6.4308247566223145, 'entropy': 10.82480525970459}, {'step': 10, 'avg_l2_distance': 1.8766958713531494, 'avg_kl_divergence': 6.4308247566223145, 'entropy': 10.824800491333008}, {'step': 11, 'avg_l2_distance': 1.8766958713531494, 'avg_kl_divergence': 6.4308247566223145, 'entropy': 10.82479476928711}, {'step': 12, 'avg_l2_distance': 1.8766958713531494, 'avg_kl_divergence': 6.4308247566223145, 'entropy': 10.824790954589844}, {'step': 13, 'avg_l2_distance': 1.8766958713531494, 'avg_kl_divergence': 6.4308247566223145, 'entropy': 10.824784278869629}, {'step': 14, 'avg_l2_distance': 1.8766958713531494, 'avg_kl_divergence': 6.4308247566223145, 'entropy': 10.824777603149414}, {'step': 15, 'avg_l2_distance': 1.8766958713531494, 'avg_kl_divergence': 6.4308247566223145, 'entropy': 10.824771881103516}, {'step': 16, 'avg_l2_distance': 1.8766958713531494, 'avg_kl_divergence': 6.4308247566223145, 'entropy': 10.824764251708984}, {'step': 17, 'avg_l2_distance': 1.8766958713531494, 'avg_kl_divergence': 6.4308247566223145, 'entropy': 10.82475471496582}, {'step': 18, 'avg_l2_distance': 2.1295833587646484, 'avg_kl_divergence': 2.6303811073303223, 'entropy': 10.824747085571289}, {'step': 19, 'avg_l2_distance': 2.1295833587646484, 'avg_kl_divergence': 2.6303811073303223, 'entropy': 10.824691772460938}, {'step': 20, 'avg_l2_distance': 2.1295833587646484, 'avg_kl_divergence': 2.6303811073303223, 'entropy': 10.82468032836914}, {'step': 21, 'avg_l2_distance': 2.1295833587646484, 'avg_kl_divergence': 2.6303811073303223, 'entropy': 10.824668884277344}, {'step': 22, 'avg_l2_distance': 2.1295833587646484, 'avg_kl_divergence': 2.6303811073303223, 'entropy': 10.824655532836914}, {'step': 23, 'avg_l2_distance': 2.1295833587646484, 'avg_kl_divergence': 2.6303811073303223, 'entropy': 10.824641227722168}, {'step': 24, 'avg_l2_distance': 2.1295833587646484, 'avg_kl_divergence': 2.6303811073303223, 'entropy': 10.824625015258789}, {'step': 25, 'avg_l2_distance': 2.1295833587646484, 'avg_kl_divergence': 2.6303811073303223, 'entropy': 10.824605941772461}, {'step': 26, 'avg_l2_distance': 2.1295833587646484, 'avg_kl_divergence': 2.6303811073303223, 'entropy': 10.8245849609375}, {'step': 27, 'avg_l2_distance': 2.1295833587646484, 'avg_kl_divergence': 2.6303811073303223, 'entropy': 10.824562072753906}, {'step': 28, 'avg_l2_distance': 2.1295833587646484, 'avg_kl_divergence': 2.6303811073303223, 'entropy': 10.824536323547363}, {'step': 29, 'avg_l2_distance': 2.1295833587646484, 'avg_kl_divergence': 2.6303811073303223, 'entropy': 10.824506759643555}, {'step': 30, 'avg_l2_distance': 2.1295833587646484, 'avg_kl_divergence': 2.6303811073303223, 'entropy': 10.824470520019531}, {'step': 31, 'avg_l2_distance': 2.1295833587646484, 'avg_kl_divergence': 2.6303811073303223, 'entropy': 10.824430465698242}, {'step': 32, 'avg_l2_distance': 2.1295833587646484, 'avg_kl_divergence': 2.6303811073303223, 'entropy': 10.824384689331055}, {'step': 33, 'avg_l2_distance': 2.1295833587646484, 'avg_kl_divergence': 2.6303811073303223, 'entropy': 10.824329376220703}, {'step': 34, 'avg_l2_distance': 2.1295833587646484, 'avg_kl_divergence': 2.6303811073303223, 'entropy': 10.824263572692871}, {'step': 35, 'avg_l2_distance': 2.1295833587646484, 'avg_kl_divergence': 2.6303811073303223, 'entropy': 10.82418441772461}, {'step': 36, 'avg_l2_distance': 2.1295833587646484, 'avg_kl_divergence': 2.6303811073303223, 'entropy': 10.824087142944336}, {'step': 37, 'avg_l2_distance': 2.1295833587646484, 'avg_kl_divergence': 2.6303811073303223, 'entropy': 10.823968887329102}, {'step': 38, 'avg_l2_distance': 2.1295833587646484, 'avg_kl_divergence': 2.6303811073303223, 'entropy': 10.82381820678711}, {'step': 39, 'avg_l2_distance': 2.1295833587646484, 'avg_kl_divergence': 2.6303811073303223, 'entropy': 10.823627471923828}, {'step': 40, 'avg_l2_distance': 2.1295833587646484, 'avg_kl_divergence': 2.6303811073303223, 'entropy': 10.82337474822998}, {'step': 41, 'avg_l2_distance': 2.1295833587646484, 'avg_kl_divergence': 2.6303811073303223, 'entropy': 10.82303237915039}, {'step': 42, 'avg_l2_distance': 2.1295833587646484, 'avg_kl_divergence': 2.6303811073303223, 'entropy': 10.822552680969238}, {'step': 43, 'avg_l2_distance': 2.1295833587646484, 'avg_kl_divergence': 2.6303811073303223, 'entropy': 10.821850776672363}, {'step': 44, 'avg_l2_distance': 2.1295833587646484, 'avg_kl_divergence': 2.6303811073303223, 'entropy': 10.820755004882812}, {'step': 45, 'avg_l2_distance': 2.1295833587646484, 'avg_kl_divergence': 2.6303811073303223, 'entropy': 10.81889533996582}, {'step': 46, 'avg_l2_distance': 2.1295833587646484, 'avg_kl_divergence': 2.6303811073303223, 'entropy': 10.815325736999512}, {'step': 47, 'avg_l2_distance': 2.1295833587646484, 'avg_kl_divergence': 2.6303811073303223, 'entropy': 10.80691146850586}, {'step': 48, 'avg_l2_distance': 2.1295833587646484, 'avg_kl_divergence': 2.6303811073303223, 'entropy': 10.77724838256836}, {'step': 49, 'avg_l2_distance': 2.1295833587646484, 'avg_kl_divergence': 2.6303811073303223, 'entropy': 10.362208366394043}]",2.1295833587646484,2.6303811073303223,0.0
153,policy,True,"[{'step': 0, 'avg_l2_distance': 2.397287368774414, 'avg_kl_divergence': 10.213613510131836, 'entropy': 10.824808120727539}, {'step': 1, 'avg_l2_distance': 3.1135761737823486, 'avg_kl_divergence': 5.204580307006836, 'entropy': 10.82480525970459}, {'step': 2, 'avg_l2_distance': 2.690124034881592, 'avg_kl_divergence': 7.5653276443481445, 'entropy': 10.82484245300293}, {'step': 3, 'avg_l2_distance': 2.690124034881592, 'avg_kl_divergence': 7.5653276443481445, 'entropy': 10.82479190826416}, {'step': 4, 'avg_l2_distance': 2.690124034881592, 'avg_kl_divergence': 7.5653276443481445, 'entropy': 10.824789047241211}, {'step': 5, 'avg_l2_distance': 2.690124034881592, 'avg_kl_divergence': 7.5653276443481445, 'entropy': 10.824786186218262}, {'step': 6, 'avg_l2_distance': 2.690124034881592, 'avg_kl_divergence': 7.5653276443481445, 'entropy': 10.824784278869629}, {'step': 7, 'avg_l2_distance': 2.690124034881592, 'avg_kl_divergence': 7.5653276443481445, 'entropy': 10.824779510498047}, {'step': 8, 'avg_l2_distance': 2.690124034881592, 'avg_kl_divergence': 7.5653276443481445, 'entropy': 10.824776649475098}, {'step': 9, 'avg_l2_distance': 2.690124034881592, 'avg_kl_divergence': 7.5653276443481445, 'entropy': 10.824773788452148}, {'step': 10, 'avg_l2_distance': 2.690124034881592, 'avg_kl_divergence': 7.5653276443481445, 'entropy': 10.824769973754883}, {'step': 11, 'avg_l2_distance': 2.690124034881592, 'avg_kl_divergence': 7.5653276443481445, 'entropy': 10.8247652053833}, {'step': 12, 'avg_l2_distance': 2.690124034881592, 'avg_kl_divergence': 7.5653276443481445, 'entropy': 10.824760437011719}, {'step': 13, 'avg_l2_distance': 2.690124034881592, 'avg_kl_divergence': 7.5653276443481445, 'entropy': 10.824755668640137}, {'step': 14, 'avg_l2_distance': 2.690124034881592, 'avg_kl_divergence': 7.5653276443481445, 'entropy': 10.824750900268555}, {'step': 15, 'avg_l2_distance': 2.690124034881592, 'avg_kl_divergence': 7.5653276443481445, 'entropy': 10.82474422454834}, {'step': 16, 'avg_l2_distance': 2.690124034881592, 'avg_kl_divergence': 7.5653276443481445, 'entropy': 10.824737548828125}, {'step': 17, 'avg_l2_distance': 2.690124034881592, 'avg_kl_divergence': 7.5653276443481445, 'entropy': 10.82473087310791}, {'step': 18, 'avg_l2_distance': 2.690124034881592, 'avg_kl_divergence': 7.5653276443481445, 'entropy': 10.824725151062012}, {'step': 19, 'avg_l2_distance': 2.690124034881592, 'avg_kl_divergence': 7.5653276443481445, 'entropy': 10.824716567993164}, {'step': 20, 'avg_l2_distance': 2.690124034881592, 'avg_kl_divergence': 7.5653276443481445, 'entropy': 10.82470703125}, {'step': 21, 'avg_l2_distance': 2.690124034881592, 'avg_kl_divergence': 7.5653276443481445, 'entropy': 10.82469654083252}, {'step': 22, 'avg_l2_distance': 2.690124034881592, 'avg_kl_divergence': 7.5653276443481445, 'entropy': 10.824687004089355}, {'step': 23, 'avg_l2_distance': 2.690124034881592, 'avg_kl_divergence': 7.5653276443481445, 'entropy': 10.824675559997559}, {'step': 24, 'avg_l2_distance': 2.690124034881592, 'avg_kl_divergence': 7.5653276443481445, 'entropy': 10.824661254882812}, {'step': 25, 'avg_l2_distance': 2.690124034881592, 'avg_kl_divergence': 7.5653276443481445, 'entropy': 10.824646949768066}, {'step': 26, 'avg_l2_distance': 2.690124034881592, 'avg_kl_divergence': 7.5653276443481445, 'entropy': 10.824630737304688}, {'step': 27, 'avg_l2_distance': 2.690124034881592, 'avg_kl_divergence': 7.5653276443481445, 'entropy': 10.82461166381836}, {'step': 28, 'avg_l2_distance': 2.690124034881592, 'avg_kl_divergence': 7.5653276443481445, 'entropy': 10.824590682983398}, {'step': 29, 'avg_l2_distance': 2.690124034881592, 'avg_kl_divergence': 7.5653276443481445, 'entropy': 10.824566841125488}, {'step': 30, 'avg_l2_distance': 2.690124034881592, 'avg_kl_divergence': 7.5653276443481445, 'entropy': 10.824539184570312}, {'step': 31, 'avg_l2_distance': 2.690124034881592, 'avg_kl_divergence': 7.5653276443481445, 'entropy': 10.824506759643555}, {'step': 32, 'avg_l2_distance': 2.690124034881592, 'avg_kl_divergence': 7.5653276443481445, 'entropy': 10.824469566345215}, {'step': 33, 'avg_l2_distance': 2.690124034881592, 'avg_kl_divergence': 7.5653276443481445, 'entropy': 10.82442569732666}, {'step': 34, 'avg_l2_distance': 2.690124034881592, 'avg_kl_divergence': 7.5653276443481445, 'entropy': 10.824373245239258}, {'step': 35, 'avg_l2_distance': 2.690124034881592, 'avg_kl_divergence': 7.5653276443481445, 'entropy': 10.824312210083008}, {'step': 36, 'avg_l2_distance': 2.690124034881592, 'avg_kl_divergence': 7.5653276443481445, 'entropy': 10.824234962463379}, {'step': 37, 'avg_l2_distance': 2.690124034881592, 'avg_kl_divergence': 7.5653276443481445, 'entropy': 10.824142456054688}, {'step': 38, 'avg_l2_distance': 2.690124034881592, 'avg_kl_divergence': 7.5653276443481445, 'entropy': 10.824024200439453}, {'step': 39, 'avg_l2_distance': 2.2576911449432373, 'avg_kl_divergence': 6.956148624420166, 'entropy': 10.823875427246094}, {'step': 40, 'avg_l2_distance': 2.2576911449432373, 'avg_kl_divergence': 6.956148624420166, 'entropy': 10.823063850402832}, {'step': 41, 'avg_l2_distance': 2.2576911449432373, 'avg_kl_divergence': 6.956148624420166, 'entropy': 10.822662353515625}, {'step': 42, 'avg_l2_distance': 2.2576911449432373, 'avg_kl_divergence': 6.956148624420166, 'entropy': 10.822097778320312}, {'step': 43, 'avg_l2_distance': 2.2576911449432373, 'avg_kl_divergence': 6.956148624420166, 'entropy': 10.821271896362305}, {'step': 44, 'avg_l2_distance': 2.2576911449432373, 'avg_kl_divergence': 6.956148624420166, 'entropy': 10.819987297058105}, {'step': 45, 'avg_l2_distance': 2.2576911449432373, 'avg_kl_divergence': 6.956148624420166, 'entropy': 10.817811965942383}, {'step': 46, 'avg_l2_distance': 2.2576911449432373, 'avg_kl_divergence': 6.956148624420166, 'entropy': 10.813639640808105}, {'step': 47, 'avg_l2_distance': 2.2576911449432373, 'avg_kl_divergence': 6.956148624420166, 'entropy': 10.80379867553711}, {'step': 48, 'avg_l2_distance': 2.2576911449432373, 'avg_kl_divergence': 6.956148624420166, 'entropy': 10.769018173217773}, {'step': 49, 'avg_l2_distance': 2.2576911449432373, 'avg_kl_divergence': 6.956148624420166, 'entropy': 10.289966583251953}]",2.2576911449432373,6.956148624420166,0.0
154,policy,True,"[{'step': 0, 'avg_l2_distance': 2.8391761779785156, 'avg_kl_divergence': 4.095755577087402, 'entropy': 10.824750900268555}, {'step': 1, 'avg_l2_distance': 2.8391761779785156, 'avg_kl_divergence': 4.095755577087402, 'entropy': 10.824835777282715}, {'step': 2, 'avg_l2_distance': 2.8391761779785156, 'avg_kl_divergence': 4.095755577087402, 'entropy': 10.824834823608398}, {'step': 3, 'avg_l2_distance': 2.8391761779785156, 'avg_kl_divergence': 4.095755577087402, 'entropy': 10.824832916259766}, {'step': 4, 'avg_l2_distance': 2.8391761779785156, 'avg_kl_divergence': 4.095755577087402, 'entropy': 10.824832916259766}, {'step': 5, 'avg_l2_distance': 2.8391761779785156, 'avg_kl_divergence': 4.095755577087402, 'entropy': 10.824831008911133}, {'step': 6, 'avg_l2_distance': 2.8391761779785156, 'avg_kl_divergence': 4.095755577087402, 'entropy': 10.8248291015625}, {'step': 7, 'avg_l2_distance': 2.8391761779785156, 'avg_kl_divergence': 4.095755577087402, 'entropy': 10.824827194213867}, {'step': 8, 'avg_l2_distance': 2.8391761779785156, 'avg_kl_divergence': 4.095755577087402, 'entropy': 10.824825286865234}, {'step': 9, 'avg_l2_distance': 2.6814849376678467, 'avg_kl_divergence': 0.49379751086235046, 'entropy': 10.824823379516602}, {'step': 10, 'avg_l2_distance': 2.6814849376678467, 'avg_kl_divergence': 0.49379751086235046, 'entropy': 10.824763298034668}, {'step': 11, 'avg_l2_distance': 2.6814849376678467, 'avg_kl_divergence': 0.49379751086235046, 'entropy': 10.82475757598877}, {'step': 12, 'avg_l2_distance': 2.6814849376678467, 'avg_kl_divergence': 0.49379751086235046, 'entropy': 10.824752807617188}, {'step': 13, 'avg_l2_distance': 2.6814849376678467, 'avg_kl_divergence': 0.49379751086235046, 'entropy': 10.824748039245605}, {'step': 14, 'avg_l2_distance': 2.6814849376678467, 'avg_kl_divergence': 0.49379751086235046, 'entropy': 10.82474136352539}, {'step': 15, 'avg_l2_distance': 2.6814849376678467, 'avg_kl_divergence': 0.49379751086235046, 'entropy': 10.824734687805176}, {'step': 16, 'avg_l2_distance': 2.6814849376678467, 'avg_kl_divergence': 0.49379751086235046, 'entropy': 10.824728012084961}, {'step': 17, 'avg_l2_distance': 2.6814849376678467, 'avg_kl_divergence': 0.49379751086235046, 'entropy': 10.82472038269043}, {'step': 18, 'avg_l2_distance': 2.6814849376678467, 'avg_kl_divergence': 0.49379751086235046, 'entropy': 10.824711799621582}, {'step': 19, 'avg_l2_distance': 2.5799474716186523, 'avg_kl_divergence': 0.06322570145130157, 'entropy': 10.824701309204102}, {'step': 20, 'avg_l2_distance': 2.5807411670684814, 'avg_kl_divergence': 0.7479230165481567, 'entropy': 10.82473373413086}, {'step': 21, 'avg_l2_distance': 2.5807411670684814, 'avg_kl_divergence': 0.7479230165481567, 'entropy': 10.824658393859863}, {'step': 22, 'avg_l2_distance': 2.5807411670684814, 'avg_kl_divergence': 0.7479230165481567, 'entropy': 10.82464599609375}, {'step': 23, 'avg_l2_distance': 2.5807411670684814, 'avg_kl_divergence': 0.7479230165481567, 'entropy': 10.824628829956055}, {'step': 24, 'avg_l2_distance': 2.5807411670684814, 'avg_kl_divergence': 0.7479230165481567, 'entropy': 10.824612617492676}, {'step': 25, 'avg_l2_distance': 2.5807411670684814, 'avg_kl_divergence': 0.7479230165481567, 'entropy': 10.824593544006348}, {'step': 26, 'avg_l2_distance': 2.5807411670684814, 'avg_kl_divergence': 0.7479230165481567, 'entropy': 10.82457160949707}, {'step': 27, 'avg_l2_distance': 2.5807411670684814, 'avg_kl_divergence': 0.7479230165481567, 'entropy': 10.824545860290527}, {'step': 28, 'avg_l2_distance': 2.5807411670684814, 'avg_kl_divergence': 0.7479230165481567, 'entropy': 10.824518203735352}, {'step': 29, 'avg_l2_distance': 2.5807411670684814, 'avg_kl_divergence': 0.7479230165481567, 'entropy': 10.824485778808594}, {'step': 30, 'avg_l2_distance': 2.616523504257202, 'avg_kl_divergence': 7.264060020446777, 'entropy': 10.824447631835938}, {'step': 31, 'avg_l2_distance': 2.616523504257202, 'avg_kl_divergence': 7.264060020446777, 'entropy': 10.824382781982422}, {'step': 32, 'avg_l2_distance': 2.616523504257202, 'avg_kl_divergence': 7.264060020446777, 'entropy': 10.824334144592285}, {'step': 33, 'avg_l2_distance': 2.616523504257202, 'avg_kl_divergence': 7.264060020446777, 'entropy': 10.824275970458984}, {'step': 34, 'avg_l2_distance': 2.616523504257202, 'avg_kl_divergence': 7.264060020446777, 'entropy': 10.82420539855957}, {'step': 35, 'avg_l2_distance': 2.616523504257202, 'avg_kl_divergence': 7.264060020446777, 'entropy': 10.82412338256836}, {'step': 36, 'avg_l2_distance': 2.6629884243011475, 'avg_kl_divergence': 0.7641576528549194, 'entropy': 10.824023246765137}, {'step': 37, 'avg_l2_distance': 2.6629884243011475, 'avg_kl_divergence': 0.7641576528549194, 'entropy': 10.823932647705078}, {'step': 38, 'avg_l2_distance': 2.6629884243011475, 'avg_kl_divergence': 0.7641576528549194, 'entropy': 10.823775291442871}, {'step': 39, 'avg_l2_distance': 2.6629884243011475, 'avg_kl_divergence': 0.7641576528549194, 'entropy': 10.82357406616211}, {'step': 40, 'avg_l2_distance': 2.6629884243011475, 'avg_kl_divergence': 0.7641576528549194, 'entropy': 10.823310852050781}, {'step': 41, 'avg_l2_distance': 2.6629884243011475, 'avg_kl_divergence': 0.7641576528549194, 'entropy': 10.822953224182129}, {'step': 42, 'avg_l2_distance': 2.6629884243011475, 'avg_kl_divergence': 0.7641576528549194, 'entropy': 10.8224515914917}, {'step': 43, 'avg_l2_distance': 2.6629884243011475, 'avg_kl_divergence': 0.7641576528549194, 'entropy': 10.821714401245117}, {'step': 44, 'avg_l2_distance': 2.876426935195923, 'avg_kl_divergence': 1.3260505199432373, 'entropy': 10.820565223693848}, {'step': 45, 'avg_l2_distance': 2.876426935195923, 'avg_kl_divergence': 1.3260505199432373, 'entropy': 10.81982421875}, {'step': 46, 'avg_l2_distance': 2.3407986164093018, 'avg_kl_divergence': 7.184504985809326, 'entropy': 10.816948890686035}, {'step': 47, 'avg_l2_distance': 2.3407986164093018, 'avg_kl_divergence': 7.184504985809326, 'entropy': 10.797119140625}, {'step': 48, 'avg_l2_distance': 2.3407986164093018, 'avg_kl_divergence': 7.184504985809326, 'entropy': 10.749862670898438}, {'step': 49, 'avg_l2_distance': 2.3407986164093018, 'avg_kl_divergence': 7.184504985809326, 'entropy': 10.11401653289795}]",2.3407986164093018,7.184504985809326,0.0
155,policy,True,"[{'step': 0, 'avg_l2_distance': 2.1330645084381104, 'avg_kl_divergence': 1.4889034032821655, 'entropy': 10.824809074401855}, {'step': 1, 'avg_l2_distance': 2.1330645084381104, 'avg_kl_divergence': 1.4889034032821655, 'entropy': 10.824806213378906}, {'step': 2, 'avg_l2_distance': 2.1330645084381104, 'avg_kl_divergence': 1.4889034032821655, 'entropy': 10.824804306030273}, {'step': 3, 'avg_l2_distance': 2.1330645084381104, 'avg_kl_divergence': 1.4889034032821655, 'entropy': 10.824800491333008}, {'step': 4, 'avg_l2_distance': 2.1330645084381104, 'avg_kl_divergence': 1.4889034032821655, 'entropy': 10.824798583984375}, {'step': 5, 'avg_l2_distance': 2.1330645084381104, 'avg_kl_divergence': 1.4889034032821655, 'entropy': 10.82479476928711}, {'step': 6, 'avg_l2_distance': 2.1330645084381104, 'avg_kl_divergence': 1.4889034032821655, 'entropy': 10.824792861938477}, {'step': 7, 'avg_l2_distance': 2.1330645084381104, 'avg_kl_divergence': 1.4889034032821655, 'entropy': 10.824789047241211}, {'step': 8, 'avg_l2_distance': 2.1330645084381104, 'avg_kl_divergence': 1.4889034032821655, 'entropy': 10.824786186218262}, {'step': 9, 'avg_l2_distance': 2.1330645084381104, 'avg_kl_divergence': 1.4889034032821655, 'entropy': 10.824783325195312}, {'step': 10, 'avg_l2_distance': 2.1330645084381104, 'avg_kl_divergence': 1.4889034032821655, 'entropy': 10.82477855682373}, {'step': 11, 'avg_l2_distance': 2.1330645084381104, 'avg_kl_divergence': 1.4889034032821655, 'entropy': 10.824775695800781}, {'step': 12, 'avg_l2_distance': 2.1330645084381104, 'avg_kl_divergence': 1.4889034032821655, 'entropy': 10.824769973754883}, {'step': 13, 'avg_l2_distance': 2.1330645084381104, 'avg_kl_divergence': 1.4889034032821655, 'entropy': 10.8247652053833}, {'step': 14, 'avg_l2_distance': 2.1330645084381104, 'avg_kl_divergence': 1.4889034032821655, 'entropy': 10.824759483337402}, {'step': 15, 'avg_l2_distance': 2.1330645084381104, 'avg_kl_divergence': 1.4889034032821655, 'entropy': 10.824753761291504}, {'step': 16, 'avg_l2_distance': 2.1330645084381104, 'avg_kl_divergence': 1.4889034032821655, 'entropy': 10.824747085571289}, {'step': 17, 'avg_l2_distance': 2.1330645084381104, 'avg_kl_divergence': 1.4889034032821655, 'entropy': 10.82474136352539}, {'step': 18, 'avg_l2_distance': 2.1330645084381104, 'avg_kl_divergence': 1.4889034032821655, 'entropy': 10.82473373413086}, {'step': 19, 'avg_l2_distance': 2.1330645084381104, 'avg_kl_divergence': 1.4889034032821655, 'entropy': 10.824724197387695}, {'step': 20, 'avg_l2_distance': 2.1330645084381104, 'avg_kl_divergence': 1.4889034032821655, 'entropy': 10.824715614318848}, {'step': 21, 'avg_l2_distance': 2.1330645084381104, 'avg_kl_divergence': 1.4889034032821655, 'entropy': 10.824705123901367}, {'step': 22, 'avg_l2_distance': 2.1330645084381104, 'avg_kl_divergence': 1.4889034032821655, 'entropy': 10.82469367980957}, {'step': 23, 'avg_l2_distance': 2.1330645084381104, 'avg_kl_divergence': 1.4889034032821655, 'entropy': 10.824682235717773}, {'step': 24, 'avg_l2_distance': 2.1330645084381104, 'avg_kl_divergence': 1.4889034032821655, 'entropy': 10.824666976928711}, {'step': 25, 'avg_l2_distance': 2.1330645084381104, 'avg_kl_divergence': 1.4889034032821655, 'entropy': 10.824651718139648}, {'step': 26, 'avg_l2_distance': 2.1330645084381104, 'avg_kl_divergence': 1.4889034032821655, 'entropy': 10.824634552001953}, {'step': 27, 'avg_l2_distance': 2.1330645084381104, 'avg_kl_divergence': 1.4889034032821655, 'entropy': 10.824614524841309}, {'step': 28, 'avg_l2_distance': 2.1330645084381104, 'avg_kl_divergence': 1.4889034032821655, 'entropy': 10.824591636657715}, {'step': 29, 'avg_l2_distance': 2.1330645084381104, 'avg_kl_divergence': 1.4889034032821655, 'entropy': 10.824566841125488}, {'step': 30, 'avg_l2_distance': 2.1330645084381104, 'avg_kl_divergence': 1.4889034032821655, 'entropy': 10.824535369873047}, {'step': 31, 'avg_l2_distance': 2.1330645084381104, 'avg_kl_divergence': 1.4889034032821655, 'entropy': 10.824501991271973}, {'step': 32, 'avg_l2_distance': 2.1330645084381104, 'avg_kl_divergence': 1.4889034032821655, 'entropy': 10.82446002960205}, {'step': 33, 'avg_l2_distance': 2.1330645084381104, 'avg_kl_divergence': 1.4889034032821655, 'entropy': 10.824411392211914}, {'step': 34, 'avg_l2_distance': 2.1330645084381104, 'avg_kl_divergence': 1.4889034032821655, 'entropy': 10.824355125427246}, {'step': 35, 'avg_l2_distance': 2.1330645084381104, 'avg_kl_divergence': 1.4889034032821655, 'entropy': 10.824285507202148}, {'step': 36, 'avg_l2_distance': 2.1330645084381104, 'avg_kl_divergence': 1.4889034032821655, 'entropy': 10.824201583862305}, {'step': 37, 'avg_l2_distance': 2.1330645084381104, 'avg_kl_divergence': 1.4889034032821655, 'entropy': 10.8240966796875}, {'step': 38, 'avg_l2_distance': 2.1330645084381104, 'avg_kl_divergence': 1.4889034032821655, 'entropy': 10.823963165283203}, {'step': 39, 'avg_l2_distance': 2.1330645084381104, 'avg_kl_divergence': 1.4889034032821655, 'entropy': 10.823793411254883}, {'step': 40, 'avg_l2_distance': 2.1330645084381104, 'avg_kl_divergence': 1.4889034032821655, 'entropy': 10.823570251464844}, {'step': 41, 'avg_l2_distance': 2.1330645084381104, 'avg_kl_divergence': 1.4889034032821655, 'entropy': 10.823265075683594}, {'step': 42, 'avg_l2_distance': 2.1330645084381104, 'avg_kl_divergence': 1.4889034032821655, 'entropy': 10.822836875915527}, {'step': 43, 'avg_l2_distance': 2.1330645084381104, 'avg_kl_divergence': 1.4889034032821655, 'entropy': 10.822206497192383}, {'step': 44, 'avg_l2_distance': 2.1330645084381104, 'avg_kl_divergence': 1.4889034032821655, 'entropy': 10.821218490600586}, {'step': 45, 'avg_l2_distance': 2.1330645084381104, 'avg_kl_divergence': 1.4889034032821655, 'entropy': 10.819536209106445}, {'step': 46, 'avg_l2_distance': 2.1330645084381104, 'avg_kl_divergence': 1.4889034032821655, 'entropy': 10.816292762756348}, {'step': 47, 'avg_l2_distance': 2.1330645084381104, 'avg_kl_divergence': 1.4889034032821655, 'entropy': 10.808599472045898}, {'step': 48, 'avg_l2_distance': 2.1330645084381104, 'avg_kl_divergence': 1.4889034032821655, 'entropy': 10.781200408935547}, {'step': 49, 'avg_l2_distance': 2.1330645084381104, 'avg_kl_divergence': 1.4889034032821655, 'entropy': 10.368428230285645}]",2.1330645084381104,1.4889034032821655,0.0
156,policy,True,"[{'step': 0, 'avg_l2_distance': 2.391033172607422, 'avg_kl_divergence': 6.474371910095215, 'entropy': 10.824837684631348}, {'step': 1, 'avg_l2_distance': 2.391033172607422, 'avg_kl_divergence': 6.474371910095215, 'entropy': 10.824817657470703}, {'step': 2, 'avg_l2_distance': 2.391033172607422, 'avg_kl_divergence': 6.474371910095215, 'entropy': 10.82481575012207}, {'step': 3, 'avg_l2_distance': 2.391033172607422, 'avg_kl_divergence': 6.474371910095215, 'entropy': 10.824811935424805}, {'step': 4, 'avg_l2_distance': 2.4411630630493164, 'avg_kl_divergence': 9.291234970092773, 'entropy': 10.824810028076172}, {'step': 5, 'avg_l2_distance': 2.4411630630493164, 'avg_kl_divergence': 9.291234970092773, 'entropy': 10.824790954589844}, {'step': 6, 'avg_l2_distance': 2.4411630630493164, 'avg_kl_divergence': 9.291234970092773, 'entropy': 10.824789047241211}, {'step': 7, 'avg_l2_distance': 2.4411630630493164, 'avg_kl_divergence': 9.291234970092773, 'entropy': 10.824785232543945}, {'step': 8, 'avg_l2_distance': 1.9800173044204712, 'avg_kl_divergence': 3.4936602115631104, 'entropy': 10.82478141784668}, {'step': 9, 'avg_l2_distance': 1.9800173044204712, 'avg_kl_divergence': 3.4936602115631104, 'entropy': 10.824790000915527}, {'step': 10, 'avg_l2_distance': 1.9800173044204712, 'avg_kl_divergence': 3.4936602115631104, 'entropy': 10.824785232543945}, {'step': 11, 'avg_l2_distance': 2.2116525173187256, 'avg_kl_divergence': 5.725471496582031, 'entropy': 10.82478141784668}, {'step': 12, 'avg_l2_distance': 2.2116525173187256, 'avg_kl_divergence': 5.725471496582031, 'entropy': 10.824762344360352}, {'step': 13, 'avg_l2_distance': 2.3765203952789307, 'avg_kl_divergence': 8.50241470336914, 'entropy': 10.824756622314453}, {'step': 14, 'avg_l2_distance': 2.3765203952789307, 'avg_kl_divergence': 8.50241470336914, 'entropy': 10.824798583984375}, {'step': 15, 'avg_l2_distance': 2.3765203952789307, 'avg_kl_divergence': 8.50241470336914, 'entropy': 10.824792861938477}, {'step': 16, 'avg_l2_distance': 2.3765203952789307, 'avg_kl_divergence': 8.50241470336914, 'entropy': 10.824788093566895}, {'step': 17, 'avg_l2_distance': 2.3765203952789307, 'avg_kl_divergence': 8.50241470336914, 'entropy': 10.824783325195312}, {'step': 18, 'avg_l2_distance': 2.3765203952789307, 'avg_kl_divergence': 8.50241470336914, 'entropy': 10.824776649475098}, {'step': 19, 'avg_l2_distance': 2.339386463165283, 'avg_kl_divergence': 4.814058780670166, 'entropy': 10.824769020080566}, {'step': 20, 'avg_l2_distance': 2.339386463165283, 'avg_kl_divergence': 4.814058780670166, 'entropy': 10.824689865112305}, {'step': 21, 'avg_l2_distance': 2.339386463165283, 'avg_kl_divergence': 4.814058780670166, 'entropy': 10.824678421020508}, {'step': 22, 'avg_l2_distance': 2.339386463165283, 'avg_kl_divergence': 4.814058780670166, 'entropy': 10.824665069580078}, {'step': 23, 'avg_l2_distance': 2.339386463165283, 'avg_kl_divergence': 4.814058780670166, 'entropy': 10.824649810791016}, {'step': 24, 'avg_l2_distance': 2.339386463165283, 'avg_kl_divergence': 4.814058780670166, 'entropy': 10.82463264465332}, {'step': 25, 'avg_l2_distance': 2.339386463165283, 'avg_kl_divergence': 4.814058780670166, 'entropy': 10.824615478515625}, {'step': 26, 'avg_l2_distance': 2.339386463165283, 'avg_kl_divergence': 4.814058780670166, 'entropy': 10.824593544006348}, {'step': 27, 'avg_l2_distance': 2.339386463165283, 'avg_kl_divergence': 4.814058780670166, 'entropy': 10.82457160949707}, {'step': 28, 'avg_l2_distance': 2.339386463165283, 'avg_kl_divergence': 4.814058780670166, 'entropy': 10.824543952941895}, {'step': 29, 'avg_l2_distance': 2.339386463165283, 'avg_kl_divergence': 4.814058780670166, 'entropy': 10.82451343536377}, {'step': 30, 'avg_l2_distance': 2.339386463165283, 'avg_kl_divergence': 4.814058780670166, 'entropy': 10.824477195739746}, {'step': 31, 'avg_l2_distance': 2.339386463165283, 'avg_kl_divergence': 4.814058780670166, 'entropy': 10.824438095092773}, {'step': 32, 'avg_l2_distance': 2.339386463165283, 'avg_kl_divergence': 4.814058780670166, 'entropy': 10.82438850402832}, {'step': 33, 'avg_l2_distance': 2.339386463165283, 'avg_kl_divergence': 4.814058780670166, 'entropy': 10.824333190917969}, {'step': 34, 'avg_l2_distance': 2.614985466003418, 'avg_kl_divergence': 4.96114444732666, 'entropy': 10.82426643371582}, {'step': 35, 'avg_l2_distance': 2.614985466003418, 'avg_kl_divergence': 4.96114444732666, 'entropy': 10.82444953918457}, {'step': 36, 'avg_l2_distance': 2.614985466003418, 'avg_kl_divergence': 4.96114444732666, 'entropy': 10.82438850402832}, {'step': 37, 'avg_l2_distance': 2.614985466003418, 'avg_kl_divergence': 4.96114444732666, 'entropy': 10.824315071105957}, {'step': 38, 'avg_l2_distance': 2.614985466003418, 'avg_kl_divergence': 4.96114444732666, 'entropy': 10.82422161102295}, {'step': 39, 'avg_l2_distance': 2.614985466003418, 'avg_kl_divergence': 4.96114444732666, 'entropy': 10.824101448059082}, {'step': 40, 'avg_l2_distance': 2.614985466003418, 'avg_kl_divergence': 4.96114444732666, 'entropy': 10.823944091796875}, {'step': 41, 'avg_l2_distance': 2.614985466003418, 'avg_kl_divergence': 4.96114444732666, 'entropy': 10.82373046875}, {'step': 42, 'avg_l2_distance': 2.367295503616333, 'avg_kl_divergence': 9.115348815917969, 'entropy': 10.823430061340332}, {'step': 43, 'avg_l2_distance': 2.367295503616333, 'avg_kl_divergence': 9.115348815917969, 'entropy': 10.822321891784668}, {'step': 44, 'avg_l2_distance': 2.367295503616333, 'avg_kl_divergence': 9.115348815917969, 'entropy': 10.821407318115234}, {'step': 45, 'avg_l2_distance': 2.367295503616333, 'avg_kl_divergence': 9.115348815917969, 'entropy': 10.819863319396973}, {'step': 46, 'avg_l2_distance': 2.367295503616333, 'avg_kl_divergence': 9.115348815917969, 'entropy': 10.816914558410645}, {'step': 47, 'avg_l2_distance': 2.561189889907837, 'avg_kl_divergence': 6.59263277053833, 'entropy': 10.810029029846191}, {'step': 48, 'avg_l2_distance': 2.561189889907837, 'avg_kl_divergence': 6.59263277053833, 'entropy': 10.788375854492188}, {'step': 49, 'avg_l2_distance': 2.561189889907837, 'avg_kl_divergence': 6.59263277053833, 'entropy': 10.072591781616211}]",2.561189889907837,6.59263277053833,0.0
157,policy,True,"[{'step': 0, 'avg_l2_distance': 2.6379740238189697, 'avg_kl_divergence': 9.371073722839355, 'entropy': 10.82476806640625}, {'step': 1, 'avg_l2_distance': 2.656299591064453, 'avg_kl_divergence': 8.578109741210938, 'entropy': 10.824845314025879}, {'step': 2, 'avg_l2_distance': 2.582453489303589, 'avg_kl_divergence': 8.648992538452148, 'entropy': 10.82480239868164}, {'step': 3, 'avg_l2_distance': 2.582453489303589, 'avg_kl_divergence': 8.648992538452148, 'entropy': 10.82480239868164}, {'step': 4, 'avg_l2_distance': 2.582453489303589, 'avg_kl_divergence': 8.648992538452148, 'entropy': 10.824801445007324}, {'step': 5, 'avg_l2_distance': 2.582453489303589, 'avg_kl_divergence': 8.648992538452148, 'entropy': 10.824798583984375}, {'step': 6, 'avg_l2_distance': 2.582453489303589, 'avg_kl_divergence': 8.648992538452148, 'entropy': 10.82479476928711}, {'step': 7, 'avg_l2_distance': 2.582453489303589, 'avg_kl_divergence': 8.648992538452148, 'entropy': 10.824792861938477}, {'step': 8, 'avg_l2_distance': 2.582453489303589, 'avg_kl_divergence': 8.648992538452148, 'entropy': 10.824788093566895}, {'step': 9, 'avg_l2_distance': 2.582453489303589, 'avg_kl_divergence': 8.648992538452148, 'entropy': 10.824785232543945}, {'step': 10, 'avg_l2_distance': 2.582453489303589, 'avg_kl_divergence': 8.648992538452148, 'entropy': 10.82478141784668}, {'step': 11, 'avg_l2_distance': 2.582453489303589, 'avg_kl_divergence': 8.648992538452148, 'entropy': 10.824777603149414}, {'step': 12, 'avg_l2_distance': 2.582453489303589, 'avg_kl_divergence': 8.648992538452148, 'entropy': 10.824773788452148}, {'step': 13, 'avg_l2_distance': 2.582453489303589, 'avg_kl_divergence': 8.648992538452148, 'entropy': 10.82476806640625}, {'step': 14, 'avg_l2_distance': 2.582453489303589, 'avg_kl_divergence': 8.648992538452148, 'entropy': 10.824762344360352}, {'step': 15, 'avg_l2_distance': 2.582453489303589, 'avg_kl_divergence': 8.648992538452148, 'entropy': 10.824756622314453}, {'step': 16, 'avg_l2_distance': 2.582453489303589, 'avg_kl_divergence': 8.648992538452148, 'entropy': 10.824750900268555}, {'step': 17, 'avg_l2_distance': 2.582453489303589, 'avg_kl_divergence': 8.648992538452148, 'entropy': 10.824745178222656}, {'step': 18, 'avg_l2_distance': 2.582453489303589, 'avg_kl_divergence': 8.648992538452148, 'entropy': 10.824735641479492}, {'step': 19, 'avg_l2_distance': 2.582453489303589, 'avg_kl_divergence': 8.648992538452148, 'entropy': 10.824728965759277}, {'step': 20, 'avg_l2_distance': 2.582453489303589, 'avg_kl_divergence': 8.648992538452148, 'entropy': 10.82472038269043}, {'step': 21, 'avg_l2_distance': 2.582453489303589, 'avg_kl_divergence': 8.648992538452148, 'entropy': 10.824710845947266}, {'step': 22, 'avg_l2_distance': 2.582453489303589, 'avg_kl_divergence': 8.648992538452148, 'entropy': 10.824699401855469}, {'step': 23, 'avg_l2_distance': 2.582453489303589, 'avg_kl_divergence': 8.648992538452148, 'entropy': 10.824687957763672}, {'step': 24, 'avg_l2_distance': 2.582453489303589, 'avg_kl_divergence': 8.648992538452148, 'entropy': 10.82467269897461}, {'step': 25, 'avg_l2_distance': 2.582453489303589, 'avg_kl_divergence': 8.648992538452148, 'entropy': 10.824658393859863}, {'step': 26, 'avg_l2_distance': 2.582453489303589, 'avg_kl_divergence': 8.648992538452148, 'entropy': 10.8246431350708}, {'step': 27, 'avg_l2_distance': 2.582453489303589, 'avg_kl_divergence': 8.648992538452148, 'entropy': 10.824623107910156}, {'step': 28, 'avg_l2_distance': 2.582453489303589, 'avg_kl_divergence': 8.648992538452148, 'entropy': 10.824602127075195}, {'step': 29, 'avg_l2_distance': 2.582453489303589, 'avg_kl_divergence': 8.648992538452148, 'entropy': 10.824576377868652}, {'step': 30, 'avg_l2_distance': 2.582453489303589, 'avg_kl_divergence': 8.648992538452148, 'entropy': 10.824548721313477}, {'step': 31, 'avg_l2_distance': 2.582453489303589, 'avg_kl_divergence': 8.648992538452148, 'entropy': 10.824514389038086}, {'step': 32, 'avg_l2_distance': 2.582453489303589, 'avg_kl_divergence': 8.648992538452148, 'entropy': 10.82447624206543}, {'step': 33, 'avg_l2_distance': 2.582453489303589, 'avg_kl_divergence': 8.648992538452148, 'entropy': 10.824430465698242}, {'step': 34, 'avg_l2_distance': 2.582453489303589, 'avg_kl_divergence': 8.648992538452148, 'entropy': 10.824376106262207}, {'step': 35, 'avg_l2_distance': 2.582453489303589, 'avg_kl_divergence': 8.648992538452148, 'entropy': 10.824309349060059}, {'step': 36, 'avg_l2_distance': 2.582453489303589, 'avg_kl_divergence': 8.648992538452148, 'entropy': 10.824230194091797}, {'step': 37, 'avg_l2_distance': 2.582453489303589, 'avg_kl_divergence': 8.648992538452148, 'entropy': 10.824129104614258}, {'step': 38, 'avg_l2_distance': 2.582453489303589, 'avg_kl_divergence': 8.648992538452148, 'entropy': 10.824003219604492}, {'step': 39, 'avg_l2_distance': 2.582453489303589, 'avg_kl_divergence': 8.648992538452148, 'entropy': 10.82384204864502}, {'step': 40, 'avg_l2_distance': 2.582453489303589, 'avg_kl_divergence': 8.648992538452148, 'entropy': 10.823631286621094}, {'step': 41, 'avg_l2_distance': 2.582453489303589, 'avg_kl_divergence': 8.648992538452148, 'entropy': 10.823343276977539}, {'step': 42, 'avg_l2_distance': 2.582453489303589, 'avg_kl_divergence': 8.648992538452148, 'entropy': 10.822938919067383}, {'step': 43, 'avg_l2_distance': 2.582453489303589, 'avg_kl_divergence': 8.648992538452148, 'entropy': 10.822345733642578}, {'step': 44, 'avg_l2_distance': 2.582453489303589, 'avg_kl_divergence': 8.648992538452148, 'entropy': 10.821418762207031}, {'step': 45, 'avg_l2_distance': 2.582453489303589, 'avg_kl_divergence': 8.648992538452148, 'entropy': 10.819847106933594}, {'step': 46, 'avg_l2_distance': 2.582453489303589, 'avg_kl_divergence': 8.648992538452148, 'entropy': 10.81683349609375}, {'step': 47, 'avg_l2_distance': 2.582453489303589, 'avg_kl_divergence': 8.648992538452148, 'entropy': 10.809759140014648}, {'step': 48, 'avg_l2_distance': 2.582453489303589, 'avg_kl_divergence': 8.648992538452148, 'entropy': 10.785052299499512}, {'step': 49, 'avg_l2_distance': 2.582453489303589, 'avg_kl_divergence': 8.648992538452148, 'entropy': 10.371158599853516}]",2.582453489303589,8.648992538452148,0.0
158,policy,True,"[{'step': 0, 'avg_l2_distance': 2.3580493927001953, 'avg_kl_divergence': 5.560483932495117, 'entropy': 10.824801445007324}, {'step': 1, 'avg_l2_distance': 2.3580493927001953, 'avg_kl_divergence': 5.560483932495117, 'entropy': 10.824799537658691}, {'step': 2, 'avg_l2_distance': 2.2666831016540527, 'avg_kl_divergence': 1.653073787689209, 'entropy': 10.824796676635742}, {'step': 3, 'avg_l2_distance': 2.2666831016540527, 'avg_kl_divergence': 1.653073787689209, 'entropy': 10.824779510498047}, {'step': 4, 'avg_l2_distance': 2.2666831016540527, 'avg_kl_divergence': 1.653073787689209, 'entropy': 10.824775695800781}, {'step': 5, 'avg_l2_distance': 2.2666831016540527, 'avg_kl_divergence': 1.653073787689209, 'entropy': 10.824772834777832}, {'step': 6, 'avg_l2_distance': 2.2666831016540527, 'avg_kl_divergence': 1.653073787689209, 'entropy': 10.824769020080566}, {'step': 7, 'avg_l2_distance': 2.2666831016540527, 'avg_kl_divergence': 1.653073787689209, 'entropy': 10.824766159057617}, {'step': 8, 'avg_l2_distance': 2.2666831016540527, 'avg_kl_divergence': 1.653073787689209, 'entropy': 10.824761390686035}, {'step': 9, 'avg_l2_distance': 2.5052733421325684, 'avg_kl_divergence': 3.029608726501465, 'entropy': 10.82475757598877}, {'step': 10, 'avg_l2_distance': 2.5052733421325684, 'avg_kl_divergence': 3.029608726501465, 'entropy': 10.824811935424805}, {'step': 11, 'avg_l2_distance': 2.5052733421325684, 'avg_kl_divergence': 3.029608726501465, 'entropy': 10.824808120727539}, {'step': 12, 'avg_l2_distance': 2.2705538272857666, 'avg_kl_divergence': 3.3542263507843018, 'entropy': 10.824804306030273}, {'step': 13, 'avg_l2_distance': 2.2705538272857666, 'avg_kl_divergence': 3.3542263507843018, 'entropy': 10.82474136352539}, {'step': 14, 'avg_l2_distance': 2.2705538272857666, 'avg_kl_divergence': 3.3542263507843018, 'entropy': 10.824732780456543}, {'step': 15, 'avg_l2_distance': 2.2705538272857666, 'avg_kl_divergence': 3.3542263507843018, 'entropy': 10.824726104736328}, {'step': 16, 'avg_l2_distance': 2.2705538272857666, 'avg_kl_divergence': 3.3542263507843018, 'entropy': 10.82471752166748}, {'step': 17, 'avg_l2_distance': 2.2705538272857666, 'avg_kl_divergence': 3.3542263507843018, 'entropy': 10.824707984924316}, {'step': 18, 'avg_l2_distance': 2.2705538272857666, 'avg_kl_divergence': 3.3542263507843018, 'entropy': 10.824697494506836}, {'step': 19, 'avg_l2_distance': 2.2705538272857666, 'avg_kl_divergence': 3.3542263507843018, 'entropy': 10.824687957763672}, {'step': 20, 'avg_l2_distance': 2.2705538272857666, 'avg_kl_divergence': 3.3542263507843018, 'entropy': 10.824674606323242}, {'step': 21, 'avg_l2_distance': 2.2705538272857666, 'avg_kl_divergence': 3.3542263507843018, 'entropy': 10.824662208557129}, {'step': 22, 'avg_l2_distance': 2.2705538272857666, 'avg_kl_divergence': 3.3542263507843018, 'entropy': 10.824647903442383}, {'step': 23, 'avg_l2_distance': 2.2705538272857666, 'avg_kl_divergence': 3.3542263507843018, 'entropy': 10.824631690979004}, {'step': 24, 'avg_l2_distance': 2.2705538272857666, 'avg_kl_divergence': 3.3542263507843018, 'entropy': 10.824612617492676}, {'step': 25, 'avg_l2_distance': 2.2705538272857666, 'avg_kl_divergence': 3.3542263507843018, 'entropy': 10.824591636657715}, {'step': 26, 'avg_l2_distance': 2.2705538272857666, 'avg_kl_divergence': 3.3542263507843018, 'entropy': 10.824569702148438}, {'step': 27, 'avg_l2_distance': 2.2705538272857666, 'avg_kl_divergence': 3.3542263507843018, 'entropy': 10.824543952941895}, {'step': 28, 'avg_l2_distance': 2.2705538272857666, 'avg_kl_divergence': 3.3542263507843018, 'entropy': 10.824514389038086}, {'step': 29, 'avg_l2_distance': 2.2705538272857666, 'avg_kl_divergence': 3.3542263507843018, 'entropy': 10.824481010437012}, {'step': 30, 'avg_l2_distance': 2.2705538272857666, 'avg_kl_divergence': 3.3542263507843018, 'entropy': 10.824441909790039}, {'step': 31, 'avg_l2_distance': 2.2705538272857666, 'avg_kl_divergence': 3.3542263507843018, 'entropy': 10.824396133422852}, {'step': 32, 'avg_l2_distance': 2.2705538272857666, 'avg_kl_divergence': 3.3542263507843018, 'entropy': 10.82434368133545}, {'step': 33, 'avg_l2_distance': 2.2705538272857666, 'avg_kl_divergence': 3.3542263507843018, 'entropy': 10.824281692504883}, {'step': 34, 'avg_l2_distance': 2.2705538272857666, 'avg_kl_divergence': 3.3542263507843018, 'entropy': 10.82420825958252}, {'step': 35, 'avg_l2_distance': 2.2705538272857666, 'avg_kl_divergence': 3.3542263507843018, 'entropy': 10.824117660522461}, {'step': 36, 'avg_l2_distance': 2.2705538272857666, 'avg_kl_divergence': 3.3542263507843018, 'entropy': 10.824010848999023}, {'step': 37, 'avg_l2_distance': 2.2705538272857666, 'avg_kl_divergence': 3.3542263507843018, 'entropy': 10.823875427246094}, {'step': 38, 'avg_l2_distance': 2.2705538272857666, 'avg_kl_divergence': 3.3542263507843018, 'entropy': 10.82370662689209}, {'step': 39, 'avg_l2_distance': 2.2705538272857666, 'avg_kl_divergence': 3.3542263507843018, 'entropy': 10.823488235473633}, {'step': 40, 'avg_l2_distance': 2.2705538272857666, 'avg_kl_divergence': 3.3542263507843018, 'entropy': 10.823203086853027}, {'step': 41, 'avg_l2_distance': 2.2858760356903076, 'avg_kl_divergence': 1.9783025979995728, 'entropy': 10.822815895080566}, {'step': 42, 'avg_l2_distance': 2.2858760356903076, 'avg_kl_divergence': 1.9783025979995728, 'entropy': 10.822514533996582}, {'step': 43, 'avg_l2_distance': 2.2858760356903076, 'avg_kl_divergence': 1.9783025979995728, 'entropy': 10.821773529052734}, {'step': 44, 'avg_l2_distance': 2.2858760356903076, 'avg_kl_divergence': 1.9783025979995728, 'entropy': 10.820611953735352}, {'step': 45, 'avg_l2_distance': 2.2858760356903076, 'avg_kl_divergence': 1.9783025979995728, 'entropy': 10.818635940551758}, {'step': 46, 'avg_l2_distance': 2.2858760356903076, 'avg_kl_divergence': 1.9783025979995728, 'entropy': 10.814826965332031}, {'step': 47, 'avg_l2_distance': 2.2858760356903076, 'avg_kl_divergence': 1.9783025979995728, 'entropy': 10.805822372436523}, {'step': 48, 'avg_l2_distance': 2.2858760356903076, 'avg_kl_divergence': 1.9783025979995728, 'entropy': 10.774042129516602}, {'step': 49, 'avg_l2_distance': 2.2858760356903076, 'avg_kl_divergence': 1.9783025979995728, 'entropy': 10.340509414672852}]",2.2858760356903076,1.9783025979995728,0.0
159,policy,True,"[{'step': 0, 'avg_l2_distance': 2.9049201011657715, 'avg_kl_divergence': 4.503096580505371, 'entropy': 10.824823379516602}, {'step': 1, 'avg_l2_distance': 2.5369064807891846, 'avg_kl_divergence': 6.50836706161499, 'entropy': 10.824792861938477}, {'step': 2, 'avg_l2_distance': 2.6643903255462646, 'avg_kl_divergence': 1.7962393760681152, 'entropy': 10.824817657470703}, {'step': 3, 'avg_l2_distance': 2.6643903255462646, 'avg_kl_divergence': 1.7962393760681152, 'entropy': 10.824773788452148}, {'step': 4, 'avg_l2_distance': 2.566572427749634, 'avg_kl_divergence': 5.786093235015869, 'entropy': 10.824769020080566}, {'step': 5, 'avg_l2_distance': 2.566572427749634, 'avg_kl_divergence': 5.786093235015869, 'entropy': 10.82480239868164}, {'step': 6, 'avg_l2_distance': 2.566572427749634, 'avg_kl_divergence': 5.786093235015869, 'entropy': 10.824799537658691}, {'step': 7, 'avg_l2_distance': 2.2276129722595215, 'avg_kl_divergence': 5.258733749389648, 'entropy': 10.824795722961426}, {'step': 8, 'avg_l2_distance': 2.6743249893188477, 'avg_kl_divergence': 2.81588077545166, 'entropy': 10.824776649475098}, {'step': 9, 'avg_l2_distance': 2.6743249893188477, 'avg_kl_divergence': 2.81588077545166, 'entropy': 10.82479476928711}, {'step': 10, 'avg_l2_distance': 2.6743249893188477, 'avg_kl_divergence': 2.81588077545166, 'entropy': 10.824792861938477}, {'step': 11, 'avg_l2_distance': 2.6743249893188477, 'avg_kl_divergence': 2.81588077545166, 'entropy': 10.824789047241211}, {'step': 12, 'avg_l2_distance': 2.6743249893188477, 'avg_kl_divergence': 2.81588077545166, 'entropy': 10.824786186218262}, {'step': 13, 'avg_l2_distance': 2.6743249893188477, 'avg_kl_divergence': 2.81588077545166, 'entropy': 10.82478141784668}, {'step': 14, 'avg_l2_distance': 2.6743249893188477, 'avg_kl_divergence': 2.81588077545166, 'entropy': 10.824777603149414}, {'step': 15, 'avg_l2_distance': 2.6743249893188477, 'avg_kl_divergence': 2.81588077545166, 'entropy': 10.824771881103516}, {'step': 16, 'avg_l2_distance': 2.6743249893188477, 'avg_kl_divergence': 2.81588077545166, 'entropy': 10.824767112731934}, {'step': 17, 'avg_l2_distance': 2.5635671615600586, 'avg_kl_divergence': 4.030137062072754, 'entropy': 10.824762344360352}, {'step': 18, 'avg_l2_distance': 2.5635671615600586, 'avg_kl_divergence': 4.030137062072754, 'entropy': 10.824767112731934}, {'step': 19, 'avg_l2_distance': 2.5635671615600586, 'avg_kl_divergence': 4.030137062072754, 'entropy': 10.824759483337402}, {'step': 20, 'avg_l2_distance': 2.5635671615600586, 'avg_kl_divergence': 4.030137062072754, 'entropy': 10.824751853942871}, {'step': 21, 'avg_l2_distance': 2.5635671615600586, 'avg_kl_divergence': 4.030137062072754, 'entropy': 10.824743270874023}, {'step': 22, 'avg_l2_distance': 2.5635671615600586, 'avg_kl_divergence': 4.030137062072754, 'entropy': 10.824734687805176}, {'step': 23, 'avg_l2_distance': 2.5635671615600586, 'avg_kl_divergence': 4.030137062072754, 'entropy': 10.824724197387695}, {'step': 24, 'avg_l2_distance': 2.5635671615600586, 'avg_kl_divergence': 4.030137062072754, 'entropy': 10.824710845947266}, {'step': 25, 'avg_l2_distance': 2.5635671615600586, 'avg_kl_divergence': 4.030137062072754, 'entropy': 10.824697494506836}, {'step': 26, 'avg_l2_distance': 2.5635671615600586, 'avg_kl_divergence': 4.030137062072754, 'entropy': 10.824682235717773}, {'step': 27, 'avg_l2_distance': 2.5635671615600586, 'avg_kl_divergence': 4.030137062072754, 'entropy': 10.824665069580078}, {'step': 28, 'avg_l2_distance': 2.5635671615600586, 'avg_kl_divergence': 4.030137062072754, 'entropy': 10.824646949768066}, {'step': 29, 'avg_l2_distance': 2.5635671615600586, 'avg_kl_divergence': 4.030137062072754, 'entropy': 10.824623107910156}, {'step': 30, 'avg_l2_distance': 2.5635671615600586, 'avg_kl_divergence': 4.030137062072754, 'entropy': 10.82459831237793}, {'step': 31, 'avg_l2_distance': 2.5635671615600586, 'avg_kl_divergence': 4.030137062072754, 'entropy': 10.824568748474121}, {'step': 32, 'avg_l2_distance': 2.5635671615600586, 'avg_kl_divergence': 4.030137062072754, 'entropy': 10.824533462524414}, {'step': 33, 'avg_l2_distance': 2.5635671615600586, 'avg_kl_divergence': 4.030137062072754, 'entropy': 10.824491500854492}, {'step': 34, 'avg_l2_distance': 2.5635671615600586, 'avg_kl_divergence': 4.030137062072754, 'entropy': 10.824442863464355}, {'step': 35, 'avg_l2_distance': 2.5635671615600586, 'avg_kl_divergence': 4.030137062072754, 'entropy': 10.824382781982422}, {'step': 36, 'avg_l2_distance': 2.5635671615600586, 'avg_kl_divergence': 4.030137062072754, 'entropy': 10.824308395385742}, {'step': 37, 'avg_l2_distance': 2.5635671615600586, 'avg_kl_divergence': 4.030137062072754, 'entropy': 10.824216842651367}, {'step': 38, 'avg_l2_distance': 2.5635671615600586, 'avg_kl_divergence': 4.030137062072754, 'entropy': 10.824102401733398}, {'step': 39, 'avg_l2_distance': 2.5635671615600586, 'avg_kl_divergence': 4.030137062072754, 'entropy': 10.823954582214355}, {'step': 40, 'avg_l2_distance': 2.5635671615600586, 'avg_kl_divergence': 4.030137062072754, 'entropy': 10.82375717163086}, {'step': 41, 'avg_l2_distance': 2.5635671615600586, 'avg_kl_divergence': 4.030137062072754, 'entropy': 10.823492050170898}, {'step': 42, 'avg_l2_distance': 2.5635671615600586, 'avg_kl_divergence': 4.030137062072754, 'entropy': 10.823119163513184}, {'step': 43, 'avg_l2_distance': 2.5635671615600586, 'avg_kl_divergence': 4.030137062072754, 'entropy': 10.822568893432617}, {'step': 44, 'avg_l2_distance': 2.5635671615600586, 'avg_kl_divergence': 4.030137062072754, 'entropy': 10.821710586547852}, {'step': 45, 'avg_l2_distance': 2.5635671615600586, 'avg_kl_divergence': 4.030137062072754, 'entropy': 10.820253372192383}, {'step': 46, 'avg_l2_distance': 2.5635671615600586, 'avg_kl_divergence': 4.030137062072754, 'entropy': 10.817460060119629}, {'step': 47, 'avg_l2_distance': 2.5635671615600586, 'avg_kl_divergence': 4.030137062072754, 'entropy': 10.810894012451172}, {'step': 48, 'avg_l2_distance': 2.056309938430786, 'avg_kl_divergence': 3.795123815536499, 'entropy': 10.78783893585205}, {'step': 49, 'avg_l2_distance': 2.056309938430786, 'avg_kl_divergence': 3.795123815536499, 'entropy': 10.197554588317871}]",2.056309938430786,3.795123815536499,0.0
160,policy,True,"[{'step': 0, 'avg_l2_distance': 2.4723970890045166, 'avg_kl_divergence': 12.155803680419922, 'entropy': 10.824849128723145}, {'step': 1, 'avg_l2_distance': 2.4723970890045166, 'avg_kl_divergence': 12.155803680419922, 'entropy': 10.824848175048828}, {'step': 2, 'avg_l2_distance': 2.4723970890045166, 'avg_kl_divergence': 12.155803680419922, 'entropy': 10.824846267700195}, {'step': 3, 'avg_l2_distance': 2.4723970890045166, 'avg_kl_divergence': 12.155803680419922, 'entropy': 10.824845314025879}, {'step': 4, 'avg_l2_distance': 2.4723970890045166, 'avg_kl_divergence': 12.155803680419922, 'entropy': 10.82484245300293}, {'step': 5, 'avg_l2_distance': 2.4723970890045166, 'avg_kl_divergence': 12.155803680419922, 'entropy': 10.82484245300293}, {'step': 6, 'avg_l2_distance': 2.4723970890045166, 'avg_kl_divergence': 12.155803680419922, 'entropy': 10.82483959197998}, {'step': 7, 'avg_l2_distance': 2.4723970890045166, 'avg_kl_divergence': 12.155803680419922, 'entropy': 10.824836730957031}, {'step': 8, 'avg_l2_distance': 2.4723970890045166, 'avg_kl_divergence': 12.155803680419922, 'entropy': 10.824832916259766}, {'step': 9, 'avg_l2_distance': 2.4723970890045166, 'avg_kl_divergence': 12.155803680419922, 'entropy': 10.824831008911133}, {'step': 10, 'avg_l2_distance': 2.4723970890045166, 'avg_kl_divergence': 12.155803680419922, 'entropy': 10.8248291015625}, {'step': 11, 'avg_l2_distance': 2.4723970890045166, 'avg_kl_divergence': 12.155803680419922, 'entropy': 10.824825286865234}, {'step': 12, 'avg_l2_distance': 2.4723970890045166, 'avg_kl_divergence': 12.155803680419922, 'entropy': 10.824823379516602}, {'step': 13, 'avg_l2_distance': 2.4723970890045166, 'avg_kl_divergence': 12.155803680419922, 'entropy': 10.824817657470703}, {'step': 14, 'avg_l2_distance': 2.4723970890045166, 'avg_kl_divergence': 12.155803680419922, 'entropy': 10.824814796447754}, {'step': 15, 'avg_l2_distance': 2.4723970890045166, 'avg_kl_divergence': 12.155803680419922, 'entropy': 10.824810028076172}, {'step': 16, 'avg_l2_distance': 2.4723970890045166, 'avg_kl_divergence': 12.155803680419922, 'entropy': 10.824804306030273}, {'step': 17, 'avg_l2_distance': 2.4723970890045166, 'avg_kl_divergence': 12.155803680419922, 'entropy': 10.824799537658691}, {'step': 18, 'avg_l2_distance': 2.4723970890045166, 'avg_kl_divergence': 12.155803680419922, 'entropy': 10.824793815612793}, {'step': 19, 'avg_l2_distance': 2.4723970890045166, 'avg_kl_divergence': 12.155803680419922, 'entropy': 10.824787139892578}, {'step': 20, 'avg_l2_distance': 2.4723970890045166, 'avg_kl_divergence': 12.155803680419922, 'entropy': 10.824779510498047}, {'step': 21, 'avg_l2_distance': 2.4723970890045166, 'avg_kl_divergence': 12.155803680419922, 'entropy': 10.824772834777832}, {'step': 22, 'avg_l2_distance': 2.4723970890045166, 'avg_kl_divergence': 12.155803680419922, 'entropy': 10.824763298034668}, {'step': 23, 'avg_l2_distance': 2.585066795349121, 'avg_kl_divergence': 9.037091255187988, 'entropy': 10.824752807617188}, {'step': 24, 'avg_l2_distance': 2.585066795349121, 'avg_kl_divergence': 9.037091255187988, 'entropy': 10.824573516845703}, {'step': 25, 'avg_l2_distance': 2.585066795349121, 'avg_kl_divergence': 9.037091255187988, 'entropy': 10.824551582336426}, {'step': 26, 'avg_l2_distance': 2.585066795349121, 'avg_kl_divergence': 9.037091255187988, 'entropy': 10.824528694152832}, {'step': 27, 'avg_l2_distance': 2.585066795349121, 'avg_kl_divergence': 9.037091255187988, 'entropy': 10.824501991271973}, {'step': 28, 'avg_l2_distance': 2.585066795349121, 'avg_kl_divergence': 9.037091255187988, 'entropy': 10.824472427368164}, {'step': 29, 'avg_l2_distance': 2.585066795349121, 'avg_kl_divergence': 9.037091255187988, 'entropy': 10.824438095092773}, {'step': 30, 'avg_l2_distance': 2.585066795349121, 'avg_kl_divergence': 9.037091255187988, 'entropy': 10.824398040771484}, {'step': 31, 'avg_l2_distance': 2.585066795349121, 'avg_kl_divergence': 9.037091255187988, 'entropy': 10.824352264404297}, {'step': 32, 'avg_l2_distance': 2.585066795349121, 'avg_kl_divergence': 9.037091255187988, 'entropy': 10.824300765991211}, {'step': 33, 'avg_l2_distance': 2.585066795349121, 'avg_kl_divergence': 9.037091255187988, 'entropy': 10.824237823486328}, {'step': 34, 'avg_l2_distance': 2.585066795349121, 'avg_kl_divergence': 9.037091255187988, 'entropy': 10.824165344238281}, {'step': 35, 'avg_l2_distance': 2.585066795349121, 'avg_kl_divergence': 9.037091255187988, 'entropy': 10.824075698852539}, {'step': 36, 'avg_l2_distance': 2.585066795349121, 'avg_kl_divergence': 9.037091255187988, 'entropy': 10.823968887329102}, {'step': 37, 'avg_l2_distance': 2.585066795349121, 'avg_kl_divergence': 9.037091255187988, 'entropy': 10.823834419250488}, {'step': 38, 'avg_l2_distance': 2.585066795349121, 'avg_kl_divergence': 9.037091255187988, 'entropy': 10.823667526245117}, {'step': 39, 'avg_l2_distance': 2.585066795349121, 'avg_kl_divergence': 9.037091255187988, 'entropy': 10.823453903198242}, {'step': 40, 'avg_l2_distance': 2.585066795349121, 'avg_kl_divergence': 9.037091255187988, 'entropy': 10.823173522949219}, {'step': 41, 'avg_l2_distance': 2.585066795349121, 'avg_kl_divergence': 9.037091255187988, 'entropy': 10.822794914245605}, {'step': 42, 'avg_l2_distance': 2.585066795349121, 'avg_kl_divergence': 9.037091255187988, 'entropy': 10.822264671325684}, {'step': 43, 'avg_l2_distance': 2.585066795349121, 'avg_kl_divergence': 9.037091255187988, 'entropy': 10.821489334106445}, {'step': 44, 'avg_l2_distance': 2.585066795349121, 'avg_kl_divergence': 9.037091255187988, 'entropy': 10.820283889770508}, {'step': 45, 'avg_l2_distance': 2.441145420074463, 'avg_kl_divergence': 6.671779632568359, 'entropy': 10.818243980407715}, {'step': 46, 'avg_l2_distance': 2.441145420074463, 'avg_kl_divergence': 6.671779632568359, 'entropy': 10.814876556396484}, {'step': 47, 'avg_l2_distance': 2.441145420074463, 'avg_kl_divergence': 6.671779632568359, 'entropy': 10.806037902832031}, {'step': 48, 'avg_l2_distance': 2.441145420074463, 'avg_kl_divergence': 6.671779632568359, 'entropy': 10.774895668029785}, {'step': 49, 'avg_l2_distance': 2.441145420074463, 'avg_kl_divergence': 6.671779632568359, 'entropy': 10.336231231689453}]",2.441145420074463,6.671779632568359,0.0
161,policy,True,"[{'step': 0, 'avg_l2_distance': 2.5158450603485107, 'avg_kl_divergence': 9.446557998657227, 'entropy': 10.824836730957031}, {'step': 1, 'avg_l2_distance': 2.117544174194336, 'avg_kl_divergence': 11.669808387756348, 'entropy': 10.824832916259766}, {'step': 2, 'avg_l2_distance': 2.117544174194336, 'avg_kl_divergence': 11.669808387756348, 'entropy': 10.824795722961426}, {'step': 3, 'avg_l2_distance': 2.117544174194336, 'avg_kl_divergence': 11.669808387756348, 'entropy': 10.824792861938477}, {'step': 4, 'avg_l2_distance': 2.117544174194336, 'avg_kl_divergence': 11.669808387756348, 'entropy': 10.824789047241211}, {'step': 5, 'avg_l2_distance': 2.117544174194336, 'avg_kl_divergence': 11.669808387756348, 'entropy': 10.824786186218262}, {'step': 6, 'avg_l2_distance': 2.117544174194336, 'avg_kl_divergence': 11.669808387756348, 'entropy': 10.82478141784668}, {'step': 7, 'avg_l2_distance': 2.117544174194336, 'avg_kl_divergence': 11.669808387756348, 'entropy': 10.824777603149414}, {'step': 8, 'avg_l2_distance': 2.662052631378174, 'avg_kl_divergence': 10.96029281616211, 'entropy': 10.824773788452148}, {'step': 9, 'avg_l2_distance': 2.662052631378174, 'avg_kl_divergence': 10.96029281616211, 'entropy': 10.824776649475098}, {'step': 10, 'avg_l2_distance': 2.662052631378174, 'avg_kl_divergence': 10.96029281616211, 'entropy': 10.824772834777832}, {'step': 11, 'avg_l2_distance': 2.662052631378174, 'avg_kl_divergence': 10.96029281616211, 'entropy': 10.82476806640625}, {'step': 12, 'avg_l2_distance': 2.662052631378174, 'avg_kl_divergence': 10.96029281616211, 'entropy': 10.8247652053833}, {'step': 13, 'avg_l2_distance': 2.662052631378174, 'avg_kl_divergence': 10.96029281616211, 'entropy': 10.824760437011719}, {'step': 14, 'avg_l2_distance': 2.662052631378174, 'avg_kl_divergence': 10.96029281616211, 'entropy': 10.824756622314453}, {'step': 15, 'avg_l2_distance': 2.662052631378174, 'avg_kl_divergence': 10.96029281616211, 'entropy': 10.824750900268555}, {'step': 16, 'avg_l2_distance': 2.662052631378174, 'avg_kl_divergence': 10.96029281616211, 'entropy': 10.824745178222656}, {'step': 17, 'avg_l2_distance': 2.662052631378174, 'avg_kl_divergence': 10.96029281616211, 'entropy': 10.824737548828125}, {'step': 18, 'avg_l2_distance': 2.662052631378174, 'avg_kl_divergence': 10.96029281616211, 'entropy': 10.824731826782227}, {'step': 19, 'avg_l2_distance': 2.662052631378174, 'avg_kl_divergence': 10.96029281616211, 'entropy': 10.824724197387695}, {'step': 20, 'avg_l2_distance': 2.662052631378174, 'avg_kl_divergence': 10.96029281616211, 'entropy': 10.824716567993164}, {'step': 21, 'avg_l2_distance': 2.662052631378174, 'avg_kl_divergence': 10.96029281616211, 'entropy': 10.824707984924316}, {'step': 22, 'avg_l2_distance': 2.662052631378174, 'avg_kl_divergence': 10.96029281616211, 'entropy': 10.824697494506836}, {'step': 23, 'avg_l2_distance': 2.662052631378174, 'avg_kl_divergence': 10.96029281616211, 'entropy': 10.824687004089355}, {'step': 24, 'avg_l2_distance': 2.662052631378174, 'avg_kl_divergence': 10.96029281616211, 'entropy': 10.824675559997559}, {'step': 25, 'avg_l2_distance': 2.662052631378174, 'avg_kl_divergence': 10.96029281616211, 'entropy': 10.824663162231445}, {'step': 26, 'avg_l2_distance': 2.662052631378174, 'avg_kl_divergence': 10.96029281616211, 'entropy': 10.82464599609375}, {'step': 27, 'avg_l2_distance': 2.662052631378174, 'avg_kl_divergence': 10.96029281616211, 'entropy': 10.824628829956055}, {'step': 28, 'avg_l2_distance': 2.662052631378174, 'avg_kl_divergence': 10.96029281616211, 'entropy': 10.824610710144043}, {'step': 29, 'avg_l2_distance': 2.662052631378174, 'avg_kl_divergence': 10.96029281616211, 'entropy': 10.824589729309082}, {'step': 30, 'avg_l2_distance': 2.662052631378174, 'avg_kl_divergence': 10.96029281616211, 'entropy': 10.824564933776855}, {'step': 31, 'avg_l2_distance': 2.662052631378174, 'avg_kl_divergence': 10.96029281616211, 'entropy': 10.824535369873047}, {'step': 32, 'avg_l2_distance': 2.662052631378174, 'avg_kl_divergence': 10.96029281616211, 'entropy': 10.824501037597656}, {'step': 33, 'avg_l2_distance': 2.662052631378174, 'avg_kl_divergence': 10.96029281616211, 'entropy': 10.824461936950684}, {'step': 34, 'avg_l2_distance': 2.662052631378174, 'avg_kl_divergence': 10.96029281616211, 'entropy': 10.824416160583496}, {'step': 35, 'avg_l2_distance': 2.662052631378174, 'avg_kl_divergence': 10.96029281616211, 'entropy': 10.824359893798828}, {'step': 36, 'avg_l2_distance': 2.662052631378174, 'avg_kl_divergence': 10.96029281616211, 'entropy': 10.824291229248047}, {'step': 37, 'avg_l2_distance': 2.662052631378174, 'avg_kl_divergence': 10.96029281616211, 'entropy': 10.82420539855957}, {'step': 38, 'avg_l2_distance': 2.662052631378174, 'avg_kl_divergence': 10.96029281616211, 'entropy': 10.824100494384766}, {'step': 39, 'avg_l2_distance': 2.662052631378174, 'avg_kl_divergence': 10.96029281616211, 'entropy': 10.823963165283203}, {'step': 40, 'avg_l2_distance': 2.662052631378174, 'avg_kl_divergence': 10.96029281616211, 'entropy': 10.823787689208984}, {'step': 41, 'avg_l2_distance': 2.662052631378174, 'avg_kl_divergence': 10.96029281616211, 'entropy': 10.823548316955566}, {'step': 42, 'avg_l2_distance': 2.662052631378174, 'avg_kl_divergence': 10.96029281616211, 'entropy': 10.823213577270508}, {'step': 43, 'avg_l2_distance': 2.662052631378174, 'avg_kl_divergence': 10.96029281616211, 'entropy': 10.822725296020508}, {'step': 44, 'avg_l2_distance': 2.662052631378174, 'avg_kl_divergence': 10.96029281616211, 'entropy': 10.821968078613281}, {'step': 45, 'avg_l2_distance': 2.662052631378174, 'avg_kl_divergence': 10.96029281616211, 'entropy': 10.820688247680664}, {'step': 46, 'avg_l2_distance': 2.662052631378174, 'avg_kl_divergence': 10.96029281616211, 'entropy': 10.818245887756348}, {'step': 47, 'avg_l2_distance': 2.662052631378174, 'avg_kl_divergence': 10.96029281616211, 'entropy': 10.81251335144043}, {'step': 48, 'avg_l2_distance': 2.662052631378174, 'avg_kl_divergence': 10.96029281616211, 'entropy': 10.792143821716309}, {'step': 49, 'avg_l2_distance': 2.662052631378174, 'avg_kl_divergence': 10.96029281616211, 'entropy': 9.92083740234375}]",2.662052631378174,10.96029281616211,0.0
162,policy,True,"[{'step': 0, 'avg_l2_distance': 2.894368886947632, 'avg_kl_divergence': 1.6466416120529175, 'entropy': 10.824843406677246}, {'step': 1, 'avg_l2_distance': 2.894368886947632, 'avg_kl_divergence': 1.6466416120529175, 'entropy': 10.824837684631348}, {'step': 2, 'avg_l2_distance': 2.894368886947632, 'avg_kl_divergence': 1.6466416120529175, 'entropy': 10.824834823608398}, {'step': 3, 'avg_l2_distance': 2.894368886947632, 'avg_kl_divergence': 1.6466416120529175, 'entropy': 10.824832916259766}, {'step': 4, 'avg_l2_distance': 2.894368886947632, 'avg_kl_divergence': 1.6466416120529175, 'entropy': 10.824831008911133}, {'step': 5, 'avg_l2_distance': 2.894368886947632, 'avg_kl_divergence': 1.6466416120529175, 'entropy': 10.8248291015625}, {'step': 6, 'avg_l2_distance': 2.894368886947632, 'avg_kl_divergence': 1.6466416120529175, 'entropy': 10.824828147888184}, {'step': 7, 'avg_l2_distance': 2.894368886947632, 'avg_kl_divergence': 1.6466416120529175, 'entropy': 10.824825286865234}, {'step': 8, 'avg_l2_distance': 2.894368886947632, 'avg_kl_divergence': 1.6466416120529175, 'entropy': 10.824823379516602}, {'step': 9, 'avg_l2_distance': 2.894368886947632, 'avg_kl_divergence': 1.6466416120529175, 'entropy': 10.824821472167969}, {'step': 10, 'avg_l2_distance': 2.894368886947632, 'avg_kl_divergence': 1.6466416120529175, 'entropy': 10.824817657470703}, {'step': 11, 'avg_l2_distance': 2.894368886947632, 'avg_kl_divergence': 1.6466416120529175, 'entropy': 10.824814796447754}, {'step': 12, 'avg_l2_distance': 2.894368886947632, 'avg_kl_divergence': 1.6466416120529175, 'entropy': 10.824810028076172}, {'step': 13, 'avg_l2_distance': 2.894368886947632, 'avg_kl_divergence': 1.6466416120529175, 'entropy': 10.824808120727539}, {'step': 14, 'avg_l2_distance': 2.894368886947632, 'avg_kl_divergence': 1.6466416120529175, 'entropy': 10.824804306030273}, {'step': 15, 'avg_l2_distance': 2.894368886947632, 'avg_kl_divergence': 1.6466416120529175, 'entropy': 10.824800491333008}, {'step': 16, 'avg_l2_distance': 2.894368886947632, 'avg_kl_divergence': 1.6466416120529175, 'entropy': 10.824796676635742}, {'step': 17, 'avg_l2_distance': 2.894368886947632, 'avg_kl_divergence': 1.6466416120529175, 'entropy': 10.824790954589844}, {'step': 18, 'avg_l2_distance': 2.894368886947632, 'avg_kl_divergence': 1.6466416120529175, 'entropy': 10.824785232543945}, {'step': 19, 'avg_l2_distance': 2.894368886947632, 'avg_kl_divergence': 1.6466416120529175, 'entropy': 10.824779510498047}, {'step': 20, 'avg_l2_distance': 2.894368886947632, 'avg_kl_divergence': 1.6466416120529175, 'entropy': 10.824772834777832}, {'step': 21, 'avg_l2_distance': 2.894368886947632, 'avg_kl_divergence': 1.6466416120529175, 'entropy': 10.824764251708984}, {'step': 22, 'avg_l2_distance': 2.894368886947632, 'avg_kl_divergence': 1.6466416120529175, 'entropy': 10.824756622314453}, {'step': 23, 'avg_l2_distance': 2.894368886947632, 'avg_kl_divergence': 1.6466416120529175, 'entropy': 10.824747085571289}, {'step': 24, 'avg_l2_distance': 2.894368886947632, 'avg_kl_divergence': 1.6466416120529175, 'entropy': 10.824735641479492}, {'step': 25, 'avg_l2_distance': 2.894368886947632, 'avg_kl_divergence': 1.6466416120529175, 'entropy': 10.824724197387695}, {'step': 26, 'avg_l2_distance': 2.894368886947632, 'avg_kl_divergence': 1.6466416120529175, 'entropy': 10.824710845947266}, {'step': 27, 'avg_l2_distance': 2.894368886947632, 'avg_kl_divergence': 1.6466416120529175, 'entropy': 10.824695587158203}, {'step': 28, 'avg_l2_distance': 2.894368886947632, 'avg_kl_divergence': 1.6466416120529175, 'entropy': 10.824676513671875}, {'step': 29, 'avg_l2_distance': 2.894368886947632, 'avg_kl_divergence': 1.6466416120529175, 'entropy': 10.824657440185547}, {'step': 30, 'avg_l2_distance': 2.894368886947632, 'avg_kl_divergence': 1.6466416120529175, 'entropy': 10.824633598327637}, {'step': 31, 'avg_l2_distance': 2.894368886947632, 'avg_kl_divergence': 1.6466416120529175, 'entropy': 10.824605941772461}, {'step': 32, 'avg_l2_distance': 2.894368886947632, 'avg_kl_divergence': 1.6466416120529175, 'entropy': 10.824573516845703}, {'step': 33, 'avg_l2_distance': 2.894368886947632, 'avg_kl_divergence': 1.6466416120529175, 'entropy': 10.824533462524414}, {'step': 34, 'avg_l2_distance': 2.894368886947632, 'avg_kl_divergence': 1.6466416120529175, 'entropy': 10.824487686157227}, {'step': 35, 'avg_l2_distance': 2.894368886947632, 'avg_kl_divergence': 1.6466416120529175, 'entropy': 10.824432373046875}, {'step': 36, 'avg_l2_distance': 2.894368886947632, 'avg_kl_divergence': 1.6466416120529175, 'entropy': 10.824361801147461}, {'step': 37, 'avg_l2_distance': 2.894368886947632, 'avg_kl_divergence': 1.6466416120529175, 'entropy': 10.824275970458984}, {'step': 38, 'avg_l2_distance': 2.894368886947632, 'avg_kl_divergence': 1.6466416120529175, 'entropy': 10.824165344238281}, {'step': 39, 'avg_l2_distance': 2.894368886947632, 'avg_kl_divergence': 1.6466416120529175, 'entropy': 10.82402229309082}, {'step': 40, 'avg_l2_distance': 2.894368886947632, 'avg_kl_divergence': 1.6466416120529175, 'entropy': 10.823833465576172}, {'step': 41, 'avg_l2_distance': 2.894368886947632, 'avg_kl_divergence': 1.6466416120529175, 'entropy': 10.823577880859375}, {'step': 42, 'avg_l2_distance': 2.894368886947632, 'avg_kl_divergence': 1.6466416120529175, 'entropy': 10.823213577270508}, {'step': 43, 'avg_l2_distance': 2.894368886947632, 'avg_kl_divergence': 1.6466416120529175, 'entropy': 10.822678565979004}, {'step': 44, 'avg_l2_distance': 2.894368886947632, 'avg_kl_divergence': 1.6466416120529175, 'entropy': 10.821837425231934}, {'step': 45, 'avg_l2_distance': 2.894368886947632, 'avg_kl_divergence': 1.6466416120529175, 'entropy': 10.820406913757324}, {'step': 46, 'avg_l2_distance': 2.894368886947632, 'avg_kl_divergence': 1.6466416120529175, 'entropy': 10.817655563354492}, {'step': 47, 'avg_l2_distance': 2.894368886947632, 'avg_kl_divergence': 1.6466416120529175, 'entropy': 10.811186790466309}, {'step': 48, 'avg_l2_distance': 2.894368886947632, 'avg_kl_divergence': 1.6466416120529175, 'entropy': 10.788494110107422}, {'step': 49, 'avg_l2_distance': 2.894368886947632, 'avg_kl_divergence': 1.6466416120529175, 'entropy': 9.89044189453125}]",2.894368886947632,1.6466416120529175,0.0
163,policy,True,"[{'step': 0, 'avg_l2_distance': 2.535696029663086, 'avg_kl_divergence': 17.051931381225586, 'entropy': 10.824801445007324}, {'step': 1, 'avg_l2_distance': 2.9014272689819336, 'avg_kl_divergence': 9.366703033447266, 'entropy': 10.824800491333008}, {'step': 2, 'avg_l2_distance': 2.9014272689819336, 'avg_kl_divergence': 9.366703033447266, 'entropy': 10.824830055236816}, {'step': 3, 'avg_l2_distance': 2.9014272689819336, 'avg_kl_divergence': 9.366703033447266, 'entropy': 10.8248291015625}, {'step': 4, 'avg_l2_distance': 2.4853928089141846, 'avg_kl_divergence': 12.302362442016602, 'entropy': 10.824827194213867}, {'step': 5, 'avg_l2_distance': 2.4853928089141846, 'avg_kl_divergence': 12.302362442016602, 'entropy': 10.824819564819336}, {'step': 6, 'avg_l2_distance': 2.4853928089141846, 'avg_kl_divergence': 12.302362442016602, 'entropy': 10.824816703796387}, {'step': 7, 'avg_l2_distance': 2.4853928089141846, 'avg_kl_divergence': 12.302362442016602, 'entropy': 10.824813842773438}, {'step': 8, 'avg_l2_distance': 2.4853928089141846, 'avg_kl_divergence': 12.302362442016602, 'entropy': 10.824811935424805}, {'step': 9, 'avg_l2_distance': 2.4853928089141846, 'avg_kl_divergence': 12.302362442016602, 'entropy': 10.824808120727539}, {'step': 10, 'avg_l2_distance': 2.4853928089141846, 'avg_kl_divergence': 12.302362442016602, 'entropy': 10.82480525970459}, {'step': 11, 'avg_l2_distance': 2.4853928089141846, 'avg_kl_divergence': 12.302362442016602, 'entropy': 10.82480239868164}, {'step': 12, 'avg_l2_distance': 2.4853928089141846, 'avg_kl_divergence': 12.302362442016602, 'entropy': 10.824796676635742}, {'step': 13, 'avg_l2_distance': 2.4853928089141846, 'avg_kl_divergence': 12.302362442016602, 'entropy': 10.824793815612793}, {'step': 14, 'avg_l2_distance': 2.519794464111328, 'avg_kl_divergence': 7.650533676147461, 'entropy': 10.824788093566895}, {'step': 15, 'avg_l2_distance': 2.519794464111328, 'avg_kl_divergence': 7.650533676147461, 'entropy': 10.824792861938477}, {'step': 16, 'avg_l2_distance': 2.519794464111328, 'avg_kl_divergence': 7.650533676147461, 'entropy': 10.824789047241211}, {'step': 17, 'avg_l2_distance': 2.519794464111328, 'avg_kl_divergence': 7.650533676147461, 'entropy': 10.824782371520996}, {'step': 18, 'avg_l2_distance': 2.519794464111328, 'avg_kl_divergence': 7.650533676147461, 'entropy': 10.824776649475098}, {'step': 19, 'avg_l2_distance': 2.519794464111328, 'avg_kl_divergence': 7.650533676147461, 'entropy': 10.8247709274292}, {'step': 20, 'avg_l2_distance': 2.519794464111328, 'avg_kl_divergence': 7.650533676147461, 'entropy': 10.824762344360352}, {'step': 21, 'avg_l2_distance': 2.519794464111328, 'avg_kl_divergence': 7.650533676147461, 'entropy': 10.82475471496582}, {'step': 22, 'avg_l2_distance': 2.519794464111328, 'avg_kl_divergence': 7.650533676147461, 'entropy': 10.824745178222656}, {'step': 23, 'avg_l2_distance': 2.519794464111328, 'avg_kl_divergence': 7.650533676147461, 'entropy': 10.824734687805176}, {'step': 24, 'avg_l2_distance': 2.519794464111328, 'avg_kl_divergence': 7.650533676147461, 'entropy': 10.824724197387695}, {'step': 25, 'avg_l2_distance': 2.519794464111328, 'avg_kl_divergence': 7.650533676147461, 'entropy': 10.82470989227295}, {'step': 26, 'avg_l2_distance': 2.519794464111328, 'avg_kl_divergence': 7.650533676147461, 'entropy': 10.824695587158203}, {'step': 27, 'avg_l2_distance': 2.519794464111328, 'avg_kl_divergence': 7.650533676147461, 'entropy': 10.824677467346191}, {'step': 28, 'avg_l2_distance': 2.519794464111328, 'avg_kl_divergence': 7.650533676147461, 'entropy': 10.824657440185547}, {'step': 29, 'avg_l2_distance': 2.519794464111328, 'avg_kl_divergence': 7.650533676147461, 'entropy': 10.824634552001953}, {'step': 30, 'avg_l2_distance': 2.519794464111328, 'avg_kl_divergence': 7.650533676147461, 'entropy': 10.824609756469727}, {'step': 31, 'avg_l2_distance': 2.519794464111328, 'avg_kl_divergence': 7.650533676147461, 'entropy': 10.824579238891602}, {'step': 32, 'avg_l2_distance': 2.519794464111328, 'avg_kl_divergence': 7.650533676147461, 'entropy': 10.824542999267578}, {'step': 33, 'avg_l2_distance': 2.519794464111328, 'avg_kl_divergence': 7.650533676147461, 'entropy': 10.824499130249023}, {'step': 34, 'avg_l2_distance': 2.519794464111328, 'avg_kl_divergence': 7.650533676147461, 'entropy': 10.824448585510254}, {'step': 35, 'avg_l2_distance': 2.519794464111328, 'avg_kl_divergence': 7.650533676147461, 'entropy': 10.824384689331055}, {'step': 36, 'avg_l2_distance': 2.519794464111328, 'avg_kl_divergence': 7.650533676147461, 'entropy': 10.824308395385742}, {'step': 37, 'avg_l2_distance': 2.519794464111328, 'avg_kl_divergence': 7.650533676147461, 'entropy': 10.824211120605469}, {'step': 38, 'avg_l2_distance': 2.519794464111328, 'avg_kl_divergence': 7.650533676147461, 'entropy': 10.824090003967285}, {'step': 39, 'avg_l2_distance': 2.519794464111328, 'avg_kl_divergence': 7.650533676147461, 'entropy': 10.823932647705078}, {'step': 40, 'avg_l2_distance': 2.519794464111328, 'avg_kl_divergence': 7.650533676147461, 'entropy': 10.823722839355469}, {'step': 41, 'avg_l2_distance': 2.519794464111328, 'avg_kl_divergence': 7.650533676147461, 'entropy': 10.82343578338623}, {'step': 42, 'avg_l2_distance': 2.519794464111328, 'avg_kl_divergence': 7.650533676147461, 'entropy': 10.823033332824707}, {'step': 43, 'avg_l2_distance': 2.519794464111328, 'avg_kl_divergence': 7.650533676147461, 'entropy': 10.822436332702637}, {'step': 44, 'avg_l2_distance': 2.519794464111328, 'avg_kl_divergence': 7.650533676147461, 'entropy': 10.821499824523926}, {'step': 45, 'avg_l2_distance': 2.519794464111328, 'avg_kl_divergence': 7.650533676147461, 'entropy': 10.819902420043945}, {'step': 46, 'avg_l2_distance': 2.519794464111328, 'avg_kl_divergence': 7.650533676147461, 'entropy': 10.816822052001953}, {'step': 47, 'avg_l2_distance': 2.519794464111328, 'avg_kl_divergence': 7.650533676147461, 'entropy': 10.809540748596191}, {'step': 48, 'avg_l2_distance': 2.519794464111328, 'avg_kl_divergence': 7.650533676147461, 'entropy': 10.78381061553955}, {'step': 49, 'avg_l2_distance': 2.519794464111328, 'avg_kl_divergence': 7.650533676147461, 'entropy': 10.35374641418457}]",2.519794464111328,7.650533676147461,0.0
164,policy,True,"[{'step': 0, 'avg_l2_distance': 2.594585418701172, 'avg_kl_divergence': 11.23574161529541, 'entropy': 10.824819564819336}, {'step': 1, 'avg_l2_distance': 2.594585418701172, 'avg_kl_divergence': 11.23574161529541, 'entropy': 10.824817657470703}, {'step': 2, 'avg_l2_distance': 2.594585418701172, 'avg_kl_divergence': 11.23574161529541, 'entropy': 10.82481575012207}, {'step': 3, 'avg_l2_distance': 2.594585418701172, 'avg_kl_divergence': 11.23574161529541, 'entropy': 10.824813842773438}, {'step': 4, 'avg_l2_distance': 2.4514691829681396, 'avg_kl_divergence': 8.100722312927246, 'entropy': 10.824811935424805}, {'step': 5, 'avg_l2_distance': 2.4514691829681396, 'avg_kl_divergence': 8.100722312927246, 'entropy': 10.8248291015625}, {'step': 6, 'avg_l2_distance': 2.112753391265869, 'avg_kl_divergence': 15.45974349975586, 'entropy': 10.824825286865234}, {'step': 7, 'avg_l2_distance': 2.112753391265869, 'avg_kl_divergence': 15.45974349975586, 'entropy': 10.824737548828125}, {'step': 8, 'avg_l2_distance': 2.505150318145752, 'avg_kl_divergence': 8.884782791137695, 'entropy': 10.82473373413086}, {'step': 9, 'avg_l2_distance': 2.505150318145752, 'avg_kl_divergence': 8.884782791137695, 'entropy': 10.824789047241211}, {'step': 10, 'avg_l2_distance': 2.505150318145752, 'avg_kl_divergence': 8.884782791137695, 'entropy': 10.824785232543945}, {'step': 11, 'avg_l2_distance': 2.505150318145752, 'avg_kl_divergence': 8.884782791137695, 'entropy': 10.824780464172363}, {'step': 12, 'avg_l2_distance': 2.4418396949768066, 'avg_kl_divergence': 12.925841331481934, 'entropy': 10.824775695800781}, {'step': 13, 'avg_l2_distance': 2.4418396949768066, 'avg_kl_divergence': 12.925841331481934, 'entropy': 10.824806213378906}, {'step': 14, 'avg_l2_distance': 2.4418396949768066, 'avg_kl_divergence': 12.925841331481934, 'entropy': 10.824801445007324}, {'step': 15, 'avg_l2_distance': 2.5521633625030518, 'avg_kl_divergence': 11.047721862792969, 'entropy': 10.824798583984375}, {'step': 16, 'avg_l2_distance': 2.5521633625030518, 'avg_kl_divergence': 11.047721862792969, 'entropy': 10.824789047241211}, {'step': 17, 'avg_l2_distance': 2.5521633625030518, 'avg_kl_divergence': 11.047721862792969, 'entropy': 10.824783325195312}, {'step': 18, 'avg_l2_distance': 2.5521633625030518, 'avg_kl_divergence': 11.047721862792969, 'entropy': 10.824777603149414}, {'step': 19, 'avg_l2_distance': 2.5521633625030518, 'avg_kl_divergence': 11.047721862792969, 'entropy': 10.824771881103516}, {'step': 20, 'avg_l2_distance': 2.5521633625030518, 'avg_kl_divergence': 11.047721862792969, 'entropy': 10.824764251708984}, {'step': 21, 'avg_l2_distance': 2.5521633625030518, 'avg_kl_divergence': 11.047721862792969, 'entropy': 10.82475471496582}, {'step': 22, 'avg_l2_distance': 2.5521633625030518, 'avg_kl_divergence': 11.047721862792969, 'entropy': 10.824747085571289}, {'step': 23, 'avg_l2_distance': 2.5521633625030518, 'avg_kl_divergence': 11.047721862792969, 'entropy': 10.824735641479492}, {'step': 24, 'avg_l2_distance': 2.5521633625030518, 'avg_kl_divergence': 11.047721862792969, 'entropy': 10.824724197387695}, {'step': 25, 'avg_l2_distance': 2.5521633625030518, 'avg_kl_divergence': 11.047721862792969, 'entropy': 10.824711799621582}, {'step': 26, 'avg_l2_distance': 2.5521633625030518, 'avg_kl_divergence': 11.047721862792969, 'entropy': 10.82469654083252}, {'step': 27, 'avg_l2_distance': 2.5521633625030518, 'avg_kl_divergence': 11.047721862792969, 'entropy': 10.82468032836914}, {'step': 28, 'avg_l2_distance': 2.5521633625030518, 'avg_kl_divergence': 11.047721862792969, 'entropy': 10.824661254882812}, {'step': 29, 'avg_l2_distance': 2.5521633625030518, 'avg_kl_divergence': 11.047721862792969, 'entropy': 10.824640274047852}, {'step': 30, 'avg_l2_distance': 2.5521633625030518, 'avg_kl_divergence': 11.047721862792969, 'entropy': 10.824615478515625}, {'step': 31, 'avg_l2_distance': 2.5521633625030518, 'avg_kl_divergence': 11.047721862792969, 'entropy': 10.824586868286133}, {'step': 32, 'avg_l2_distance': 2.5521633625030518, 'avg_kl_divergence': 11.047721862792969, 'entropy': 10.824552536010742}, {'step': 33, 'avg_l2_distance': 2.5521633625030518, 'avg_kl_divergence': 11.047721862792969, 'entropy': 10.824511528015137}, {'step': 34, 'avg_l2_distance': 2.5521633625030518, 'avg_kl_divergence': 11.047721862792969, 'entropy': 10.824464797973633}, {'step': 35, 'avg_l2_distance': 2.5521633625030518, 'avg_kl_divergence': 11.047721862792969, 'entropy': 10.824406623840332}, {'step': 36, 'avg_l2_distance': 2.5521633625030518, 'avg_kl_divergence': 11.047721862792969, 'entropy': 10.824334144592285}, {'step': 37, 'avg_l2_distance': 2.5521633625030518, 'avg_kl_divergence': 11.047721862792969, 'entropy': 10.82424545288086}, {'step': 38, 'avg_l2_distance': 2.5521633625030518, 'avg_kl_divergence': 11.047721862792969, 'entropy': 10.824132919311523}, {'step': 39, 'avg_l2_distance': 2.5521633625030518, 'avg_kl_divergence': 11.047721862792969, 'entropy': 10.82398796081543}, {'step': 40, 'avg_l2_distance': 2.5521633625030518, 'avg_kl_divergence': 11.047721862792969, 'entropy': 10.823797225952148}, {'step': 41, 'avg_l2_distance': 2.5521633625030518, 'avg_kl_divergence': 11.047721862792969, 'entropy': 10.823537826538086}, {'step': 42, 'avg_l2_distance': 2.5521633625030518, 'avg_kl_divergence': 11.047721862792969, 'entropy': 10.823173522949219}, {'step': 43, 'avg_l2_distance': 2.5521633625030518, 'avg_kl_divergence': 11.047721862792969, 'entropy': 10.822636604309082}, {'step': 44, 'avg_l2_distance': 2.5521633625030518, 'avg_kl_divergence': 11.047721862792969, 'entropy': 10.82180118560791}, {'step': 45, 'avg_l2_distance': 2.5521633625030518, 'avg_kl_divergence': 11.047721862792969, 'entropy': 10.820379257202148}, {'step': 46, 'avg_l2_distance': 2.5521633625030518, 'avg_kl_divergence': 11.047721862792969, 'entropy': 10.817652702331543}, {'step': 47, 'avg_l2_distance': 2.5521633625030518, 'avg_kl_divergence': 11.047721862792969, 'entropy': 10.811223983764648}, {'step': 48, 'avg_l2_distance': 2.5521633625030518, 'avg_kl_divergence': 11.047721862792969, 'entropy': 10.78841495513916}, {'step': 49, 'avg_l2_distance': 2.5521633625030518, 'avg_kl_divergence': 11.047721862792969, 'entropy': 10.25699234008789}]",2.5521633625030518,11.047721862792969,0.0
165,policy,True,"[{'step': 0, 'avg_l2_distance': 2.252004861831665, 'avg_kl_divergence': 5.936377048492432, 'entropy': 10.824825286865234}, {'step': 1, 'avg_l2_distance': 2.1257197856903076, 'avg_kl_divergence': 9.405479431152344, 'entropy': 10.824822425842285}, {'step': 2, 'avg_l2_distance': 2.1257197856903076, 'avg_kl_divergence': 9.405479431152344, 'entropy': 10.824797630310059}, {'step': 3, 'avg_l2_distance': 2.1648764610290527, 'avg_kl_divergence': 6.825066566467285, 'entropy': 10.82479476928711}, {'step': 4, 'avg_l2_distance': 1.7510172128677368, 'avg_kl_divergence': 9.021172523498535, 'entropy': 10.824771881103516}, {'step': 5, 'avg_l2_distance': 1.7510172128677368, 'avg_kl_divergence': 9.021172523498535, 'entropy': 10.824773788452148}, {'step': 6, 'avg_l2_distance': 1.7510172128677368, 'avg_kl_divergence': 9.021172523498535, 'entropy': 10.824769973754883}, {'step': 7, 'avg_l2_distance': 1.7510172128677368, 'avg_kl_divergence': 9.021172523498535, 'entropy': 10.824766159057617}, {'step': 8, 'avg_l2_distance': 1.7510172128677368, 'avg_kl_divergence': 9.021172523498535, 'entropy': 10.824760437011719}, {'step': 9, 'avg_l2_distance': 1.7510172128677368, 'avg_kl_divergence': 9.021172523498535, 'entropy': 10.824756622314453}, {'step': 10, 'avg_l2_distance': 1.7510172128677368, 'avg_kl_divergence': 9.021172523498535, 'entropy': 10.824749946594238}, {'step': 11, 'avg_l2_distance': 1.7510172128677368, 'avg_kl_divergence': 9.021172523498535, 'entropy': 10.824745178222656}, {'step': 12, 'avg_l2_distance': 1.7510172128677368, 'avg_kl_divergence': 9.021172523498535, 'entropy': 10.824739456176758}, {'step': 13, 'avg_l2_distance': 1.7510172128677368, 'avg_kl_divergence': 9.021172523498535, 'entropy': 10.824732780456543}, {'step': 14, 'avg_l2_distance': 1.7510172128677368, 'avg_kl_divergence': 9.021172523498535, 'entropy': 10.824725151062012}, {'step': 15, 'avg_l2_distance': 1.7510172128677368, 'avg_kl_divergence': 9.021172523498535, 'entropy': 10.824718475341797}, {'step': 16, 'avg_l2_distance': 1.7510172128677368, 'avg_kl_divergence': 9.021172523498535, 'entropy': 10.824710845947266}, {'step': 17, 'avg_l2_distance': 1.7510172128677368, 'avg_kl_divergence': 9.021172523498535, 'entropy': 10.824700355529785}, {'step': 18, 'avg_l2_distance': 1.7510172128677368, 'avg_kl_divergence': 9.021172523498535, 'entropy': 10.824690818786621}, {'step': 19, 'avg_l2_distance': 1.7510172128677368, 'avg_kl_divergence': 9.021172523498535, 'entropy': 10.824679374694824}, {'step': 20, 'avg_l2_distance': 1.7510172128677368, 'avg_kl_divergence': 9.021172523498535, 'entropy': 10.824666976928711}, {'step': 21, 'avg_l2_distance': 1.7510172128677368, 'avg_kl_divergence': 9.021172523498535, 'entropy': 10.824655532836914}, {'step': 22, 'avg_l2_distance': 2.3463070392608643, 'avg_kl_divergence': 8.53309440612793, 'entropy': 10.824640274047852}, {'step': 23, 'avg_l2_distance': 2.3463070392608643, 'avg_kl_divergence': 8.53309440612793, 'entropy': 10.824772834777832}, {'step': 24, 'avg_l2_distance': 2.3463070392608643, 'avg_kl_divergence': 8.53309440612793, 'entropy': 10.824764251708984}, {'step': 25, 'avg_l2_distance': 2.3463070392608643, 'avg_kl_divergence': 8.53309440612793, 'entropy': 10.824752807617188}, {'step': 26, 'avg_l2_distance': 2.3463070392608643, 'avg_kl_divergence': 8.53309440612793, 'entropy': 10.82474136352539}, {'step': 27, 'avg_l2_distance': 2.3463070392608643, 'avg_kl_divergence': 8.53309440612793, 'entropy': 10.824728965759277}, {'step': 28, 'avg_l2_distance': 2.3463070392608643, 'avg_kl_divergence': 8.53309440612793, 'entropy': 10.824712753295898}, {'step': 29, 'avg_l2_distance': 2.3463070392608643, 'avg_kl_divergence': 8.53309440612793, 'entropy': 10.82469367980957}, {'step': 30, 'avg_l2_distance': 2.3463070392608643, 'avg_kl_divergence': 8.53309440612793, 'entropy': 10.82467269897461}, {'step': 31, 'avg_l2_distance': 2.3463070392608643, 'avg_kl_divergence': 8.53309440612793, 'entropy': 10.824646949768066}, {'step': 32, 'avg_l2_distance': 2.3463070392608643, 'avg_kl_divergence': 8.53309440612793, 'entropy': 10.824618339538574}, {'step': 33, 'avg_l2_distance': 2.3463070392608643, 'avg_kl_divergence': 8.53309440612793, 'entropy': 10.82458209991455}, {'step': 34, 'avg_l2_distance': 2.077451467514038, 'avg_kl_divergence': 7.102312088012695, 'entropy': 10.824539184570312}, {'step': 35, 'avg_l2_distance': 2.077451467514038, 'avg_kl_divergence': 7.102312088012695, 'entropy': 10.824169158935547}, {'step': 36, 'avg_l2_distance': 2.077451467514038, 'avg_kl_divergence': 7.102312088012695, 'entropy': 10.824066162109375}, {'step': 37, 'avg_l2_distance': 2.077451467514038, 'avg_kl_divergence': 7.102312088012695, 'entropy': 10.823935508728027}, {'step': 38, 'avg_l2_distance': 2.077451467514038, 'avg_kl_divergence': 7.102312088012695, 'entropy': 10.823772430419922}, {'step': 39, 'avg_l2_distance': 2.077451467514038, 'avg_kl_divergence': 7.102312088012695, 'entropy': 10.823562622070312}, {'step': 40, 'avg_l2_distance': 2.077451467514038, 'avg_kl_divergence': 7.102312088012695, 'entropy': 10.823286056518555}, {'step': 41, 'avg_l2_distance': 2.077451467514038, 'avg_kl_divergence': 7.102312088012695, 'entropy': 10.82291030883789}, {'step': 42, 'avg_l2_distance': 2.077451467514038, 'avg_kl_divergence': 7.102312088012695, 'entropy': 10.822383880615234}, {'step': 43, 'avg_l2_distance': 2.077451467514038, 'avg_kl_divergence': 7.102312088012695, 'entropy': 10.821605682373047}, {'step': 44, 'avg_l2_distance': 2.077451467514038, 'avg_kl_divergence': 7.102312088012695, 'entropy': 10.820392608642578}, {'step': 45, 'avg_l2_distance': 2.077451467514038, 'avg_kl_divergence': 7.102312088012695, 'entropy': 10.818326950073242}, {'step': 46, 'avg_l2_distance': 2.077451467514038, 'avg_kl_divergence': 7.102312088012695, 'entropy': 10.814351081848145}, {'step': 47, 'avg_l2_distance': 2.077451467514038, 'avg_kl_divergence': 7.102312088012695, 'entropy': 10.804952621459961}, {'step': 48, 'avg_l2_distance': 2.077451467514038, 'avg_kl_divergence': 7.102312088012695, 'entropy': 10.771796226501465}, {'step': 49, 'avg_l2_distance': 2.077451467514038, 'avg_kl_divergence': 7.102312088012695, 'entropy': 10.286223411560059}]",2.077451467514038,7.102312088012695,0.0
166,policy,True,"[{'step': 0, 'avg_l2_distance': 2.7742457389831543, 'avg_kl_divergence': 1.5949525833129883, 'entropy': 10.824814796447754}, {'step': 1, 'avg_l2_distance': 2.5227434635162354, 'avg_kl_divergence': 0.0287706907838583, 'entropy': 10.824812889099121}, {'step': 2, 'avg_l2_distance': 2.5227434635162354, 'avg_kl_divergence': 0.0287706907838583, 'entropy': 10.824783325195312}, {'step': 3, 'avg_l2_distance': 2.5227434635162354, 'avg_kl_divergence': 0.0287706907838583, 'entropy': 10.82478141784668}, {'step': 4, 'avg_l2_distance': 2.5227434635162354, 'avg_kl_divergence': 0.0287706907838583, 'entropy': 10.824775695800781}, {'step': 5, 'avg_l2_distance': 2.647355556488037, 'avg_kl_divergence': 1.1582049131393433, 'entropy': 10.824772834777832}, {'step': 6, 'avg_l2_distance': 2.647355556488037, 'avg_kl_divergence': 1.1582049131393433, 'entropy': 10.824838638305664}, {'step': 7, 'avg_l2_distance': 2.647355556488037, 'avg_kl_divergence': 1.1582049131393433, 'entropy': 10.824836730957031}, {'step': 8, 'avg_l2_distance': 2.647355556488037, 'avg_kl_divergence': 1.1582049131393433, 'entropy': 10.824834823608398}, {'step': 9, 'avg_l2_distance': 2.647355556488037, 'avg_kl_divergence': 1.1582049131393433, 'entropy': 10.824833869934082}, {'step': 10, 'avg_l2_distance': 2.647355556488037, 'avg_kl_divergence': 1.1582049131393433, 'entropy': 10.824831008911133}, {'step': 11, 'avg_l2_distance': 2.7016117572784424, 'avg_kl_divergence': 0.02373051457107067, 'entropy': 10.8248291015625}, {'step': 12, 'avg_l2_distance': 2.7016117572784424, 'avg_kl_divergence': 0.02373051457107067, 'entropy': 10.824790954589844}, {'step': 13, 'avg_l2_distance': 2.7016117572784424, 'avg_kl_divergence': 0.02373051457107067, 'entropy': 10.824787139892578}, {'step': 14, 'avg_l2_distance': 2.7016117572784424, 'avg_kl_divergence': 0.02373051457107067, 'entropy': 10.824782371520996}, {'step': 15, 'avg_l2_distance': 2.7016117572784424, 'avg_kl_divergence': 0.02373051457107067, 'entropy': 10.824777603149414}, {'step': 16, 'avg_l2_distance': 2.739265203475952, 'avg_kl_divergence': 3.4210829734802246, 'entropy': 10.824772834777832}, {'step': 17, 'avg_l2_distance': 2.739265203475952, 'avg_kl_divergence': 3.4210829734802246, 'entropy': 10.824748992919922}, {'step': 18, 'avg_l2_distance': 2.739265203475952, 'avg_kl_divergence': 3.4210829734802246, 'entropy': 10.82474136352539}, {'step': 19, 'avg_l2_distance': 2.739265203475952, 'avg_kl_divergence': 3.4210829734802246, 'entropy': 10.824732780456543}, {'step': 20, 'avg_l2_distance': 2.739265203475952, 'avg_kl_divergence': 3.4210829734802246, 'entropy': 10.824723243713379}, {'step': 21, 'avg_l2_distance': 2.739265203475952, 'avg_kl_divergence': 3.4210829734802246, 'entropy': 10.824714660644531}, {'step': 22, 'avg_l2_distance': 2.739265203475952, 'avg_kl_divergence': 3.4210829734802246, 'entropy': 10.824703216552734}, {'step': 23, 'avg_l2_distance': 2.739265203475952, 'avg_kl_divergence': 3.4210829734802246, 'entropy': 10.824689865112305}, {'step': 24, 'avg_l2_distance': 2.739265203475952, 'avg_kl_divergence': 3.4210829734802246, 'entropy': 10.824676513671875}, {'step': 25, 'avg_l2_distance': 2.739265203475952, 'avg_kl_divergence': 3.4210829734802246, 'entropy': 10.824661254882812}, {'step': 26, 'avg_l2_distance': 2.739265203475952, 'avg_kl_divergence': 3.4210829734802246, 'entropy': 10.824644088745117}, {'step': 27, 'avg_l2_distance': 2.739265203475952, 'avg_kl_divergence': 3.4210829734802246, 'entropy': 10.824623107910156}, {'step': 28, 'avg_l2_distance': 2.739265203475952, 'avg_kl_divergence': 3.4210829734802246, 'entropy': 10.824600219726562}, {'step': 29, 'avg_l2_distance': 2.739265203475952, 'avg_kl_divergence': 3.4210829734802246, 'entropy': 10.82457447052002}, {'step': 30, 'avg_l2_distance': 2.739265203475952, 'avg_kl_divergence': 3.4210829734802246, 'entropy': 10.824543952941895}, {'step': 31, 'avg_l2_distance': 2.739265203475952, 'avg_kl_divergence': 3.4210829734802246, 'entropy': 10.824508666992188}, {'step': 32, 'avg_l2_distance': 2.739265203475952, 'avg_kl_divergence': 3.4210829734802246, 'entropy': 10.824467658996582}, {'step': 33, 'avg_l2_distance': 2.739265203475952, 'avg_kl_divergence': 3.4210829734802246, 'entropy': 10.824419021606445}, {'step': 34, 'avg_l2_distance': 2.739265203475952, 'avg_kl_divergence': 3.4210829734802246, 'entropy': 10.824361801147461}, {'step': 35, 'avg_l2_distance': 2.739265203475952, 'avg_kl_divergence': 3.4210829734802246, 'entropy': 10.824292182922363}, {'step': 36, 'avg_l2_distance': 2.739265203475952, 'avg_kl_divergence': 3.4210829734802246, 'entropy': 10.824206352233887}, {'step': 37, 'avg_l2_distance': 2.739265203475952, 'avg_kl_divergence': 3.4210829734802246, 'entropy': 10.824100494384766}, {'step': 38, 'avg_l2_distance': 2.739265203475952, 'avg_kl_divergence': 3.4210829734802246, 'entropy': 10.823966026306152}, {'step': 39, 'avg_l2_distance': 2.739265203475952, 'avg_kl_divergence': 3.4210829734802246, 'entropy': 10.823793411254883}, {'step': 40, 'avg_l2_distance': 2.739265203475952, 'avg_kl_divergence': 3.4210829734802246, 'entropy': 10.823564529418945}, {'step': 41, 'avg_l2_distance': 2.739265203475952, 'avg_kl_divergence': 3.4210829734802246, 'entropy': 10.82325553894043}, {'step': 42, 'avg_l2_distance': 2.739265203475952, 'avg_kl_divergence': 3.4210829734802246, 'entropy': 10.822819709777832}, {'step': 43, 'avg_l2_distance': 2.739265203475952, 'avg_kl_divergence': 3.4210829734802246, 'entropy': 10.822179794311523}, {'step': 44, 'avg_l2_distance': 2.739265203475952, 'avg_kl_divergence': 3.4210829734802246, 'entropy': 10.82117748260498}, {'step': 45, 'avg_l2_distance': 2.739265203475952, 'avg_kl_divergence': 3.4210829734802246, 'entropy': 10.819474220275879}, {'step': 46, 'avg_l2_distance': 2.739265203475952, 'avg_kl_divergence': 3.4210829734802246, 'entropy': 10.816200256347656}, {'step': 47, 'avg_l2_distance': 2.739265203475952, 'avg_kl_divergence': 3.4210829734802246, 'entropy': 10.808494567871094}, {'step': 48, 'avg_l2_distance': 2.739265203475952, 'avg_kl_divergence': 3.4210829734802246, 'entropy': 10.781457901000977}, {'step': 49, 'avg_l2_distance': 2.739265203475952, 'avg_kl_divergence': 3.4210829734802246, 'entropy': 10.253104209899902}]",2.739265203475952,3.4210829734802246,0.0
167,policy,True,"[{'step': 0, 'avg_l2_distance': 1.936802864074707, 'avg_kl_divergence': 4.212217330932617, 'entropy': 10.824812889099121}, {'step': 1, 'avg_l2_distance': 1.936802864074707, 'avg_kl_divergence': 4.212217330932617, 'entropy': 10.824810028076172}, {'step': 2, 'avg_l2_distance': 1.936802864074707, 'avg_kl_divergence': 4.212217330932617, 'entropy': 10.824806213378906}, {'step': 3, 'avg_l2_distance': 1.936802864074707, 'avg_kl_divergence': 4.212217330932617, 'entropy': 10.824804306030273}, {'step': 4, 'avg_l2_distance': 1.936802864074707, 'avg_kl_divergence': 4.212217330932617, 'entropy': 10.824800491333008}, {'step': 5, 'avg_l2_distance': 1.936802864074707, 'avg_kl_divergence': 4.212217330932617, 'entropy': 10.824796676635742}, {'step': 6, 'avg_l2_distance': 1.936802864074707, 'avg_kl_divergence': 4.212217330932617, 'entropy': 10.82479476928711}, {'step': 7, 'avg_l2_distance': 1.936802864074707, 'avg_kl_divergence': 4.212217330932617, 'entropy': 10.824790954589844}, {'step': 8, 'avg_l2_distance': 1.936802864074707, 'avg_kl_divergence': 4.212217330932617, 'entropy': 10.824786186218262}, {'step': 9, 'avg_l2_distance': 1.936802864074707, 'avg_kl_divergence': 4.212217330932617, 'entropy': 10.824782371520996}, {'step': 10, 'avg_l2_distance': 1.936802864074707, 'avg_kl_divergence': 4.212217330932617, 'entropy': 10.824777603149414}, {'step': 11, 'avg_l2_distance': 2.7012736797332764, 'avg_kl_divergence': 3.0590553283691406, 'entropy': 10.824772834777832}, {'step': 12, 'avg_l2_distance': 2.7012736797332764, 'avg_kl_divergence': 3.0590553283691406, 'entropy': 10.824790954589844}, {'step': 13, 'avg_l2_distance': 2.7012736797332764, 'avg_kl_divergence': 3.0590553283691406, 'entropy': 10.824787139892578}, {'step': 14, 'avg_l2_distance': 2.7012736797332764, 'avg_kl_divergence': 3.0590553283691406, 'entropy': 10.82478141784668}, {'step': 15, 'avg_l2_distance': 2.7012736797332764, 'avg_kl_divergence': 3.0590553283691406, 'entropy': 10.82477855682373}, {'step': 16, 'avg_l2_distance': 2.7012736797332764, 'avg_kl_divergence': 3.0590553283691406, 'entropy': 10.824773788452148}, {'step': 17, 'avg_l2_distance': 2.7012736797332764, 'avg_kl_divergence': 3.0590553283691406, 'entropy': 10.824767112731934}, {'step': 18, 'avg_l2_distance': 2.7012736797332764, 'avg_kl_divergence': 3.0590553283691406, 'entropy': 10.824761390686035}, {'step': 19, 'avg_l2_distance': 2.7012736797332764, 'avg_kl_divergence': 3.0590553283691406, 'entropy': 10.824753761291504}, {'step': 20, 'avg_l2_distance': 2.7012736797332764, 'avg_kl_divergence': 3.0590553283691406, 'entropy': 10.824746131896973}, {'step': 21, 'avg_l2_distance': 2.7012736797332764, 'avg_kl_divergence': 3.0590553283691406, 'entropy': 10.824738502502441}, {'step': 22, 'avg_l2_distance': 2.7012736797332764, 'avg_kl_divergence': 3.0590553283691406, 'entropy': 10.824728965759277}, {'step': 23, 'avg_l2_distance': 2.7012736797332764, 'avg_kl_divergence': 3.0590553283691406, 'entropy': 10.82472038269043}, {'step': 24, 'avg_l2_distance': 2.7012736797332764, 'avg_kl_divergence': 3.0590553283691406, 'entropy': 10.824707984924316}, {'step': 25, 'avg_l2_distance': 2.7012736797332764, 'avg_kl_divergence': 3.0590553283691406, 'entropy': 10.824695587158203}, {'step': 26, 'avg_l2_distance': 2.7012736797332764, 'avg_kl_divergence': 3.0590553283691406, 'entropy': 10.824682235717773}, {'step': 27, 'avg_l2_distance': 2.7012736797332764, 'avg_kl_divergence': 3.0590553283691406, 'entropy': 10.824665069580078}, {'step': 28, 'avg_l2_distance': 2.7012736797332764, 'avg_kl_divergence': 3.0590553283691406, 'entropy': 10.824647903442383}, {'step': 29, 'avg_l2_distance': 2.7012736797332764, 'avg_kl_divergence': 3.0590553283691406, 'entropy': 10.824625968933105}, {'step': 30, 'avg_l2_distance': 2.7012736797332764, 'avg_kl_divergence': 3.0590553283691406, 'entropy': 10.824603080749512}, {'step': 31, 'avg_l2_distance': 2.7012736797332764, 'avg_kl_divergence': 3.0590553283691406, 'entropy': 10.824575424194336}, {'step': 32, 'avg_l2_distance': 2.7012736797332764, 'avg_kl_divergence': 3.0590553283691406, 'entropy': 10.824541091918945}, {'step': 33, 'avg_l2_distance': 2.7012736797332764, 'avg_kl_divergence': 3.0590553283691406, 'entropy': 10.824504852294922}, {'step': 34, 'avg_l2_distance': 2.7012736797332764, 'avg_kl_divergence': 3.0590553283691406, 'entropy': 10.824459075927734}, {'step': 35, 'avg_l2_distance': 2.7162442207336426, 'avg_kl_divergence': 1.8416582345962524, 'entropy': 10.824405670166016}, {'step': 36, 'avg_l2_distance': 2.7162442207336426, 'avg_kl_divergence': 1.8416582345962524, 'entropy': 10.824396133422852}, {'step': 37, 'avg_l2_distance': 2.7162442207336426, 'avg_kl_divergence': 1.8416582345962524, 'entropy': 10.82431411743164}, {'step': 38, 'avg_l2_distance': 2.7162442207336426, 'avg_kl_divergence': 1.8416582345962524, 'entropy': 10.824210166931152}, {'step': 39, 'avg_l2_distance': 2.7162442207336426, 'avg_kl_divergence': 1.8416582345962524, 'entropy': 10.824077606201172}, {'step': 40, 'avg_l2_distance': 2.7162442207336426, 'avg_kl_divergence': 1.8416582345962524, 'entropy': 10.823898315429688}, {'step': 41, 'avg_l2_distance': 2.7162442207336426, 'avg_kl_divergence': 1.8416582345962524, 'entropy': 10.823657035827637}, {'step': 42, 'avg_l2_distance': 2.7162442207336426, 'avg_kl_divergence': 1.8416582345962524, 'entropy': 10.823314666748047}, {'step': 43, 'avg_l2_distance': 2.7162442207336426, 'avg_kl_divergence': 1.8416582345962524, 'entropy': 10.822807312011719}, {'step': 44, 'avg_l2_distance': 2.7162442207336426, 'avg_kl_divergence': 1.8416582345962524, 'entropy': 10.822013854980469}, {'step': 45, 'avg_l2_distance': 2.7162442207336426, 'avg_kl_divergence': 1.8416582345962524, 'entropy': 10.820658683776855}, {'step': 46, 'avg_l2_distance': 2.7162442207336426, 'avg_kl_divergence': 1.8416582345962524, 'entropy': 10.818052291870117}, {'step': 47, 'avg_l2_distance': 2.7162442207336426, 'avg_kl_divergence': 1.8416582345962524, 'entropy': 10.81191635131836}, {'step': 48, 'avg_l2_distance': 2.7162442207336426, 'avg_kl_divergence': 1.8416582345962524, 'entropy': 10.790349006652832}, {'step': 49, 'avg_l2_distance': 2.7162442207336426, 'avg_kl_divergence': 1.8416582345962524, 'entropy': 9.719765663146973}]",2.7162442207336426,1.8416582345962524,0.0
168,policy,True,"[{'step': 0, 'avg_l2_distance': 2.9002528190612793, 'avg_kl_divergence': 8.194775581359863, 'entropy': 10.824822425842285}, {'step': 1, 'avg_l2_distance': 2.9002528190612793, 'avg_kl_divergence': 8.194775581359863, 'entropy': 10.824838638305664}, {'step': 2, 'avg_l2_distance': 2.9002528190612793, 'avg_kl_divergence': 8.194775581359863, 'entropy': 10.824836730957031}, {'step': 3, 'avg_l2_distance': 2.9002528190612793, 'avg_kl_divergence': 8.194775581359863, 'entropy': 10.824834823608398}, {'step': 4, 'avg_l2_distance': 2.9002528190612793, 'avg_kl_divergence': 8.194775581359863, 'entropy': 10.824833869934082}, {'step': 5, 'avg_l2_distance': 2.9002528190612793, 'avg_kl_divergence': 8.194775581359863, 'entropy': 10.824831008911133}, {'step': 6, 'avg_l2_distance': 2.9002528190612793, 'avg_kl_divergence': 8.194775581359863, 'entropy': 10.824831008911133}, {'step': 7, 'avg_l2_distance': 2.9002528190612793, 'avg_kl_divergence': 8.194775581359863, 'entropy': 10.824828147888184}, {'step': 8, 'avg_l2_distance': 2.9002528190612793, 'avg_kl_divergence': 8.194775581359863, 'entropy': 10.82482624053955}, {'step': 9, 'avg_l2_distance': 2.9002528190612793, 'avg_kl_divergence': 8.194775581359863, 'entropy': 10.824823379516602}, {'step': 10, 'avg_l2_distance': 2.9002528190612793, 'avg_kl_divergence': 8.194775581359863, 'entropy': 10.824821472167969}, {'step': 11, 'avg_l2_distance': 2.9002528190612793, 'avg_kl_divergence': 8.194775581359863, 'entropy': 10.824819564819336}, {'step': 12, 'avg_l2_distance': 2.9002528190612793, 'avg_kl_divergence': 8.194775581359863, 'entropy': 10.82481575012207}, {'step': 13, 'avg_l2_distance': 2.9002528190612793, 'avg_kl_divergence': 8.194775581359863, 'entropy': 10.824812889099121}, {'step': 14, 'avg_l2_distance': 2.9002528190612793, 'avg_kl_divergence': 8.194775581359863, 'entropy': 10.824810028076172}, {'step': 15, 'avg_l2_distance': 2.9002528190612793, 'avg_kl_divergence': 8.194775581359863, 'entropy': 10.824806213378906}, {'step': 16, 'avg_l2_distance': 2.9002528190612793, 'avg_kl_divergence': 8.194775581359863, 'entropy': 10.82480239868164}, {'step': 17, 'avg_l2_distance': 2.9002528190612793, 'avg_kl_divergence': 8.194775581359863, 'entropy': 10.824798583984375}, {'step': 18, 'avg_l2_distance': 2.9002528190612793, 'avg_kl_divergence': 8.194775581359863, 'entropy': 10.82479476928711}, {'step': 19, 'avg_l2_distance': 2.9002528190612793, 'avg_kl_divergence': 8.194775581359863, 'entropy': 10.824789047241211}, {'step': 20, 'avg_l2_distance': 2.9002528190612793, 'avg_kl_divergence': 8.194775581359863, 'entropy': 10.824783325195312}, {'step': 21, 'avg_l2_distance': 2.9002528190612793, 'avg_kl_divergence': 8.194775581359863, 'entropy': 10.82477855682373}, {'step': 22, 'avg_l2_distance': 2.9002528190612793, 'avg_kl_divergence': 8.194775581359863, 'entropy': 10.8247709274292}, {'step': 23, 'avg_l2_distance': 2.9002528190612793, 'avg_kl_divergence': 8.194775581359863, 'entropy': 10.824762344360352}, {'step': 24, 'avg_l2_distance': 2.9002528190612793, 'avg_kl_divergence': 8.194775581359863, 'entropy': 10.82475471496582}, {'step': 25, 'avg_l2_distance': 2.9002528190612793, 'avg_kl_divergence': 8.194775581359863, 'entropy': 10.824745178222656}, {'step': 26, 'avg_l2_distance': 2.9002528190612793, 'avg_kl_divergence': 8.194775581359863, 'entropy': 10.82473373413086}, {'step': 27, 'avg_l2_distance': 2.9002528190612793, 'avg_kl_divergence': 8.194775581359863, 'entropy': 10.824722290039062}, {'step': 28, 'avg_l2_distance': 2.9002528190612793, 'avg_kl_divergence': 8.194775581359863, 'entropy': 10.824708938598633}, {'step': 29, 'avg_l2_distance': 2.9002528190612793, 'avg_kl_divergence': 8.194775581359863, 'entropy': 10.824692726135254}, {'step': 30, 'avg_l2_distance': 2.9002528190612793, 'avg_kl_divergence': 8.194775581359863, 'entropy': 10.824674606323242}, {'step': 31, 'avg_l2_distance': 2.9002528190612793, 'avg_kl_divergence': 8.194775581359863, 'entropy': 10.824653625488281}, {'step': 32, 'avg_l2_distance': 2.9002528190612793, 'avg_kl_divergence': 8.194775581359863, 'entropy': 10.824628829956055}, {'step': 33, 'avg_l2_distance': 2.9002528190612793, 'avg_kl_divergence': 8.194775581359863, 'entropy': 10.824599266052246}, {'step': 34, 'avg_l2_distance': 2.1815097332000732, 'avg_kl_divergence': 9.021134376525879, 'entropy': 10.824563026428223}, {'step': 35, 'avg_l2_distance': 2.1815097332000732, 'avg_kl_divergence': 9.021134376525879, 'entropy': 10.824369430541992}, {'step': 36, 'avg_l2_distance': 2.1815097332000732, 'avg_kl_divergence': 9.021134376525879, 'entropy': 10.82429313659668}, {'step': 37, 'avg_l2_distance': 2.1815097332000732, 'avg_kl_divergence': 9.021134376525879, 'entropy': 10.824201583862305}, {'step': 38, 'avg_l2_distance': 2.1815097332000732, 'avg_kl_divergence': 9.021134376525879, 'entropy': 10.82408332824707}, {'step': 39, 'avg_l2_distance': 2.1815097332000732, 'avg_kl_divergence': 9.021134376525879, 'entropy': 10.823932647705078}, {'step': 40, 'avg_l2_distance': 2.1815097332000732, 'avg_kl_divergence': 9.021134376525879, 'entropy': 10.823734283447266}, {'step': 41, 'avg_l2_distance': 2.1815097332000732, 'avg_kl_divergence': 9.021134376525879, 'entropy': 10.823465347290039}, {'step': 42, 'avg_l2_distance': 2.1815097332000732, 'avg_kl_divergence': 9.021134376525879, 'entropy': 10.823088645935059}, {'step': 43, 'avg_l2_distance': 2.1815097332000732, 'avg_kl_divergence': 9.021134376525879, 'entropy': 10.82253646850586}, {'step': 44, 'avg_l2_distance': 2.1815097332000732, 'avg_kl_divergence': 9.021134376525879, 'entropy': 10.821677207946777}, {'step': 45, 'avg_l2_distance': 2.1815097332000732, 'avg_kl_divergence': 9.021134376525879, 'entropy': 10.82022476196289}, {'step': 46, 'avg_l2_distance': 2.1815097332000732, 'avg_kl_divergence': 9.021134376525879, 'entropy': 10.817438125610352}, {'step': 47, 'avg_l2_distance': 2.1815097332000732, 'avg_kl_divergence': 9.021134376525879, 'entropy': 10.810860633850098}, {'step': 48, 'avg_l2_distance': 2.1815097332000732, 'avg_kl_divergence': 9.021134376525879, 'entropy': 10.787322044372559}, {'step': 49, 'avg_l2_distance': 2.1815097332000732, 'avg_kl_divergence': 9.021134376525879, 'entropy': 10.346633911132812}]",2.1815097332000732,9.021134376525879,0.0
169,policy,True,"[{'step': 0, 'avg_l2_distance': 2.2592384815216064, 'avg_kl_divergence': 8.19247055053711, 'entropy': 10.824835777282715}, {'step': 1, 'avg_l2_distance': 2.4274048805236816, 'avg_kl_divergence': 7.390673637390137, 'entropy': 10.824834823608398}, {'step': 2, 'avg_l2_distance': 2.4274048805236816, 'avg_kl_divergence': 7.390673637390137, 'entropy': 10.8248291015625}, {'step': 3, 'avg_l2_distance': 2.4274048805236816, 'avg_kl_divergence': 7.390673637390137, 'entropy': 10.82482624053955}, {'step': 4, 'avg_l2_distance': 2.5845909118652344, 'avg_kl_divergence': 9.431209564208984, 'entropy': 10.824825286865234}, {'step': 5, 'avg_l2_distance': 2.5845909118652344, 'avg_kl_divergence': 9.431209564208984, 'entropy': 10.82478141784668}, {'step': 6, 'avg_l2_distance': 2.5845909118652344, 'avg_kl_divergence': 9.431209564208984, 'entropy': 10.824777603149414}, {'step': 7, 'avg_l2_distance': 2.5845909118652344, 'avg_kl_divergence': 9.431209564208984, 'entropy': 10.824774742126465}, {'step': 8, 'avg_l2_distance': 2.5845909118652344, 'avg_kl_divergence': 9.431209564208984, 'entropy': 10.824771881103516}, {'step': 9, 'avg_l2_distance': 2.5845909118652344, 'avg_kl_divergence': 9.431209564208984, 'entropy': 10.82476806640625}, {'step': 10, 'avg_l2_distance': 2.5845909118652344, 'avg_kl_divergence': 9.431209564208984, 'entropy': 10.824764251708984}, {'step': 11, 'avg_l2_distance': 2.5845909118652344, 'avg_kl_divergence': 9.431209564208984, 'entropy': 10.824758529663086}, {'step': 12, 'avg_l2_distance': 2.5845909118652344, 'avg_kl_divergence': 9.431209564208984, 'entropy': 10.82475471496582}, {'step': 13, 'avg_l2_distance': 2.5845909118652344, 'avg_kl_divergence': 9.431209564208984, 'entropy': 10.824749946594238}, {'step': 14, 'avg_l2_distance': 2.5845909118652344, 'avg_kl_divergence': 9.431209564208984, 'entropy': 10.824745178222656}, {'step': 15, 'avg_l2_distance': 2.5845909118652344, 'avg_kl_divergence': 9.431209564208984, 'entropy': 10.824739456176758}, {'step': 16, 'avg_l2_distance': 2.5843868255615234, 'avg_kl_divergence': 6.553647994995117, 'entropy': 10.82473373413086}, {'step': 17, 'avg_l2_distance': 2.5843868255615234, 'avg_kl_divergence': 6.553647994995117, 'entropy': 10.824750900268555}, {'step': 18, 'avg_l2_distance': 2.5843868255615234, 'avg_kl_divergence': 6.553647994995117, 'entropy': 10.82474422454834}, {'step': 19, 'avg_l2_distance': 2.5843868255615234, 'avg_kl_divergence': 6.553647994995117, 'entropy': 10.824736595153809}, {'step': 20, 'avg_l2_distance': 2.5843868255615234, 'avg_kl_divergence': 6.553647994995117, 'entropy': 10.824728965759277}, {'step': 21, 'avg_l2_distance': 2.5843868255615234, 'avg_kl_divergence': 6.553647994995117, 'entropy': 10.824718475341797}, {'step': 22, 'avg_l2_distance': 2.5843868255615234, 'avg_kl_divergence': 6.553647994995117, 'entropy': 10.824710845947266}, {'step': 23, 'avg_l2_distance': 2.5843868255615234, 'avg_kl_divergence': 6.553647994995117, 'entropy': 10.824700355529785}, {'step': 24, 'avg_l2_distance': 2.5843868255615234, 'avg_kl_divergence': 6.553647994995117, 'entropy': 10.824686050415039}, {'step': 25, 'avg_l2_distance': 2.5843868255615234, 'avg_kl_divergence': 6.553647994995117, 'entropy': 10.824674606323242}, {'step': 26, 'avg_l2_distance': 2.5843868255615234, 'avg_kl_divergence': 6.553647994995117, 'entropy': 10.82465934753418}, {'step': 27, 'avg_l2_distance': 2.5843868255615234, 'avg_kl_divergence': 6.553647994995117, 'entropy': 10.824642181396484}, {'step': 28, 'avg_l2_distance': 2.5843868255615234, 'avg_kl_divergence': 6.553647994995117, 'entropy': 10.824623107910156}, {'step': 29, 'avg_l2_distance': 2.593015432357788, 'avg_kl_divergence': 8.637165069580078, 'entropy': 10.824602127075195}, {'step': 30, 'avg_l2_distance': 2.593015432357788, 'avg_kl_divergence': 8.637165069580078, 'entropy': 10.824639320373535}, {'step': 31, 'avg_l2_distance': 2.593015432357788, 'avg_kl_divergence': 8.637165069580078, 'entropy': 10.824614524841309}, {'step': 32, 'avg_l2_distance': 2.593015432357788, 'avg_kl_divergence': 8.637165069580078, 'entropy': 10.8245849609375}, {'step': 33, 'avg_l2_distance': 2.593015432357788, 'avg_kl_divergence': 8.637165069580078, 'entropy': 10.824549674987793}, {'step': 34, 'avg_l2_distance': 2.593015432357788, 'avg_kl_divergence': 8.637165069580078, 'entropy': 10.824509620666504}, {'step': 35, 'avg_l2_distance': 2.593015432357788, 'avg_kl_divergence': 8.637165069580078, 'entropy': 10.82446002960205}, {'step': 36, 'avg_l2_distance': 2.593015432357788, 'avg_kl_divergence': 8.637165069580078, 'entropy': 10.824399948120117}, {'step': 37, 'avg_l2_distance': 2.593015432357788, 'avg_kl_divergence': 8.637165069580078, 'entropy': 10.824323654174805}, {'step': 38, 'avg_l2_distance': 2.593015432357788, 'avg_kl_divergence': 8.637165069580078, 'entropy': 10.824228286743164}, {'step': 39, 'avg_l2_distance': 2.593015432357788, 'avg_kl_divergence': 8.637165069580078, 'entropy': 10.824106216430664}, {'step': 40, 'avg_l2_distance': 2.593015432357788, 'avg_kl_divergence': 8.637165069580078, 'entropy': 10.823945999145508}, {'step': 41, 'avg_l2_distance': 2.593015432357788, 'avg_kl_divergence': 8.637165069580078, 'entropy': 10.823725700378418}, {'step': 42, 'avg_l2_distance': 2.593015432357788, 'avg_kl_divergence': 8.637165069580078, 'entropy': 10.823416709899902}, {'step': 43, 'avg_l2_distance': 2.593015432357788, 'avg_kl_divergence': 8.637165069580078, 'entropy': 10.822962760925293}, {'step': 44, 'avg_l2_distance': 2.593015432357788, 'avg_kl_divergence': 8.637165069580078, 'entropy': 10.822251319885254}, {'step': 45, 'avg_l2_distance': 2.593015432357788, 'avg_kl_divergence': 8.637165069580078, 'entropy': 10.821041107177734}, {'step': 46, 'avg_l2_distance': 2.593015432357788, 'avg_kl_divergence': 8.637165069580078, 'entropy': 10.818711280822754}, {'step': 47, 'avg_l2_distance': 2.593015432357788, 'avg_kl_divergence': 8.637165069580078, 'entropy': 10.813186645507812}, {'step': 48, 'avg_l2_distance': 2.593015432357788, 'avg_kl_divergence': 8.637165069580078, 'entropy': 10.793317794799805}, {'step': 49, 'avg_l2_distance': 2.6422882080078125, 'avg_kl_divergence': 7.231898307800293, 'entropy': 10.278732299804688}]",2.6422882080078125,7.231898307800293,0.0
170,policy,True,"[{'step': 0, 'avg_l2_distance': 2.6282057762145996, 'avg_kl_divergence': 9.160957336425781, 'entropy': 10.8248291015625}, {'step': 1, 'avg_l2_distance': 2.7838833332061768, 'avg_kl_divergence': 11.059425354003906, 'entropy': 10.8248291015625}, {'step': 2, 'avg_l2_distance': 2.7838833332061768, 'avg_kl_divergence': 11.059425354003906, 'entropy': 10.824841499328613}, {'step': 3, 'avg_l2_distance': 2.893589735031128, 'avg_kl_divergence': 9.717761039733887, 'entropy': 10.824840545654297}, {'step': 4, 'avg_l2_distance': 2.893589735031128, 'avg_kl_divergence': 9.717761039733887, 'entropy': 10.824804306030273}, {'step': 5, 'avg_l2_distance': 2.7870519161224365, 'avg_kl_divergence': 8.473173141479492, 'entropy': 10.824800491333008}, {'step': 6, 'avg_l2_distance': 2.823312997817993, 'avg_kl_divergence': 3.5452685356140137, 'entropy': 10.82476806640625}, {'step': 7, 'avg_l2_distance': 2.823312997817993, 'avg_kl_divergence': 3.5452685356140137, 'entropy': 10.824782371520996}, {'step': 8, 'avg_l2_distance': 3.034956693649292, 'avg_kl_divergence': 11.093297958374023, 'entropy': 10.824779510498047}, {'step': 9, 'avg_l2_distance': 3.034956693649292, 'avg_kl_divergence': 11.093297958374023, 'entropy': 10.82484245300293}, {'step': 10, 'avg_l2_distance': 3.034956693649292, 'avg_kl_divergence': 11.093297958374023, 'entropy': 10.82483959197998}, {'step': 11, 'avg_l2_distance': 3.034956693649292, 'avg_kl_divergence': 11.093297958374023, 'entropy': 10.824838638305664}, {'step': 12, 'avg_l2_distance': 2.7954843044281006, 'avg_kl_divergence': 10.756839752197266, 'entropy': 10.824834823608398}, {'step': 13, 'avg_l2_distance': 2.7954843044281006, 'avg_kl_divergence': 10.756839752197266, 'entropy': 10.824763298034668}, {'step': 14, 'avg_l2_distance': 2.7954843044281006, 'avg_kl_divergence': 10.756839752197266, 'entropy': 10.824758529663086}, {'step': 15, 'avg_l2_distance': 2.7954843044281006, 'avg_kl_divergence': 10.756839752197266, 'entropy': 10.824753761291504}, {'step': 16, 'avg_l2_distance': 2.7954843044281006, 'avg_kl_divergence': 10.756839752197266, 'entropy': 10.824746131896973}, {'step': 17, 'avg_l2_distance': 2.7954843044281006, 'avg_kl_divergence': 10.756839752197266, 'entropy': 10.824740409851074}, {'step': 18, 'avg_l2_distance': 2.7954843044281006, 'avg_kl_divergence': 10.756839752197266, 'entropy': 10.824732780456543}, {'step': 19, 'avg_l2_distance': 2.7954843044281006, 'avg_kl_divergence': 10.756839752197266, 'entropy': 10.824726104736328}, {'step': 20, 'avg_l2_distance': 2.7954843044281006, 'avg_kl_divergence': 10.756839752197266, 'entropy': 10.824716567993164}, {'step': 21, 'avg_l2_distance': 2.7954843044281006, 'avg_kl_divergence': 10.756839752197266, 'entropy': 10.82470703125}, {'step': 22, 'avg_l2_distance': 2.7954843044281006, 'avg_kl_divergence': 10.756839752197266, 'entropy': 10.82469654083252}, {'step': 23, 'avg_l2_distance': 2.7954843044281006, 'avg_kl_divergence': 10.756839752197266, 'entropy': 10.82468318939209}, {'step': 24, 'avg_l2_distance': 2.7954843044281006, 'avg_kl_divergence': 10.756839752197266, 'entropy': 10.824670791625977}, {'step': 25, 'avg_l2_distance': 2.7954843044281006, 'avg_kl_divergence': 10.756839752197266, 'entropy': 10.824655532836914}, {'step': 26, 'avg_l2_distance': 2.7954843044281006, 'avg_kl_divergence': 10.756839752197266, 'entropy': 10.824639320373535}, {'step': 27, 'avg_l2_distance': 2.7954843044281006, 'avg_kl_divergence': 10.756839752197266, 'entropy': 10.824620246887207}, {'step': 28, 'avg_l2_distance': 2.7954843044281006, 'avg_kl_divergence': 10.756839752197266, 'entropy': 10.824600219726562}, {'step': 29, 'avg_l2_distance': 2.6141152381896973, 'avg_kl_divergence': 10.84814739227295, 'entropy': 10.824575424194336}, {'step': 30, 'avg_l2_distance': 2.6141152381896973, 'avg_kl_divergence': 10.84814739227295, 'entropy': 10.82457447052002}, {'step': 31, 'avg_l2_distance': 2.6141152381896973, 'avg_kl_divergence': 10.84814739227295, 'entropy': 10.824539184570312}, {'step': 32, 'avg_l2_distance': 2.6141152381896973, 'avg_kl_divergence': 10.84814739227295, 'entropy': 10.824496269226074}, {'step': 33, 'avg_l2_distance': 2.6141152381896973, 'avg_kl_divergence': 10.84814739227295, 'entropy': 10.824445724487305}, {'step': 34, 'avg_l2_distance': 2.6141152381896973, 'avg_kl_divergence': 10.84814739227295, 'entropy': 10.824383735656738}, {'step': 35, 'avg_l2_distance': 2.6141152381896973, 'avg_kl_divergence': 10.84814739227295, 'entropy': 10.824310302734375}, {'step': 36, 'avg_l2_distance': 2.6141152381896973, 'avg_kl_divergence': 10.84814739227295, 'entropy': 10.82421875}, {'step': 37, 'avg_l2_distance': 2.6141152381896973, 'avg_kl_divergence': 10.84814739227295, 'entropy': 10.824104309082031}, {'step': 38, 'avg_l2_distance': 2.6141152381896973, 'avg_kl_divergence': 10.84814739227295, 'entropy': 10.823959350585938}, {'step': 39, 'avg_l2_distance': 2.6141152381896973, 'avg_kl_divergence': 10.84814739227295, 'entropy': 10.823773384094238}, {'step': 40, 'avg_l2_distance': 2.6141152381896973, 'avg_kl_divergence': 10.84814739227295, 'entropy': 10.823524475097656}, {'step': 41, 'avg_l2_distance': 2.6141152381896973, 'avg_kl_divergence': 10.84814739227295, 'entropy': 10.823184967041016}, {'step': 42, 'avg_l2_distance': 2.6141152381896973, 'avg_kl_divergence': 10.84814739227295, 'entropy': 10.82270622253418}, {'step': 43, 'avg_l2_distance': 2.6141152381896973, 'avg_kl_divergence': 10.84814739227295, 'entropy': 10.82199764251709}, {'step': 44, 'avg_l2_distance': 2.6141152381896973, 'avg_kl_divergence': 10.84814739227295, 'entropy': 10.820883750915527}, {'step': 45, 'avg_l2_distance': 2.6141152381896973, 'avg_kl_divergence': 10.84814739227295, 'entropy': 10.818981170654297}, {'step': 46, 'avg_l2_distance': 2.6141152381896973, 'avg_kl_divergence': 10.84814739227295, 'entropy': 10.815303802490234}, {'step': 47, 'avg_l2_distance': 2.6141152381896973, 'avg_kl_divergence': 10.84814739227295, 'entropy': 10.806588172912598}, {'step': 48, 'avg_l2_distance': 2.6141152381896973, 'avg_kl_divergence': 10.84814739227295, 'entropy': 10.775810241699219}, {'step': 49, 'avg_l2_distance': 2.6141152381896973, 'avg_kl_divergence': 10.84814739227295, 'entropy': 10.362110137939453}]",2.6141152381896973,10.84814739227295,0.0
171,policy,True,"[{'step': 0, 'avg_l2_distance': 2.8104188442230225, 'avg_kl_divergence': 13.723617553710938, 'entropy': 10.824834823608398}, {'step': 1, 'avg_l2_distance': 2.7126617431640625, 'avg_kl_divergence': 8.999459266662598, 'entropy': 10.824812889099121}, {'step': 2, 'avg_l2_distance': 2.7126617431640625, 'avg_kl_divergence': 8.999459266662598, 'entropy': 10.824817657470703}, {'step': 3, 'avg_l2_distance': 2.7126617431640625, 'avg_kl_divergence': 8.999459266662598, 'entropy': 10.82481575012207}, {'step': 4, 'avg_l2_distance': 2.7126617431640625, 'avg_kl_divergence': 8.999459266662598, 'entropy': 10.824811935424805}, {'step': 5, 'avg_l2_distance': 2.7126617431640625, 'avg_kl_divergence': 8.999459266662598, 'entropy': 10.824809074401855}, {'step': 6, 'avg_l2_distance': 2.7126617431640625, 'avg_kl_divergence': 8.999459266662598, 'entropy': 10.824806213378906}, {'step': 7, 'avg_l2_distance': 2.7126617431640625, 'avg_kl_divergence': 8.999459266662598, 'entropy': 10.824803352355957}, {'step': 8, 'avg_l2_distance': 2.7126617431640625, 'avg_kl_divergence': 8.999459266662598, 'entropy': 10.824799537658691}, {'step': 9, 'avg_l2_distance': 2.7126617431640625, 'avg_kl_divergence': 8.999459266662598, 'entropy': 10.82479476928711}, {'step': 10, 'avg_l2_distance': 2.7126617431640625, 'avg_kl_divergence': 8.999459266662598, 'entropy': 10.824790954589844}, {'step': 11, 'avg_l2_distance': 2.7126617431640625, 'avg_kl_divergence': 8.999459266662598, 'entropy': 10.824787139892578}, {'step': 12, 'avg_l2_distance': 2.7126617431640625, 'avg_kl_divergence': 8.999459266662598, 'entropy': 10.824782371520996}, {'step': 13, 'avg_l2_distance': 2.7126617431640625, 'avg_kl_divergence': 8.999459266662598, 'entropy': 10.824777603149414}, {'step': 14, 'avg_l2_distance': 2.7126617431640625, 'avg_kl_divergence': 8.999459266662598, 'entropy': 10.824771881103516}, {'step': 15, 'avg_l2_distance': 2.7126617431640625, 'avg_kl_divergence': 8.999459266662598, 'entropy': 10.8247652053833}, {'step': 16, 'avg_l2_distance': 2.7126617431640625, 'avg_kl_divergence': 8.999459266662598, 'entropy': 10.824758529663086}, {'step': 17, 'avg_l2_distance': 2.7126617431640625, 'avg_kl_divergence': 8.999459266662598, 'entropy': 10.824750900268555}, {'step': 18, 'avg_l2_distance': 2.7126617431640625, 'avg_kl_divergence': 8.999459266662598, 'entropy': 10.824742317199707}, {'step': 19, 'avg_l2_distance': 2.7126617431640625, 'avg_kl_divergence': 8.999459266662598, 'entropy': 10.82473373413086}, {'step': 20, 'avg_l2_distance': 2.7126617431640625, 'avg_kl_divergence': 8.999459266662598, 'entropy': 10.824722290039062}, {'step': 21, 'avg_l2_distance': 2.7126617431640625, 'avg_kl_divergence': 8.999459266662598, 'entropy': 10.824711799621582}, {'step': 22, 'avg_l2_distance': 2.7126617431640625, 'avg_kl_divergence': 8.999459266662598, 'entropy': 10.824699401855469}, {'step': 23, 'avg_l2_distance': 2.7126617431640625, 'avg_kl_divergence': 8.999459266662598, 'entropy': 10.824685096740723}, {'step': 24, 'avg_l2_distance': 2.7126617431640625, 'avg_kl_divergence': 8.999459266662598, 'entropy': 10.824668884277344}, {'step': 25, 'avg_l2_distance': 2.7126617431640625, 'avg_kl_divergence': 8.999459266662598, 'entropy': 10.824652671813965}, {'step': 26, 'avg_l2_distance': 2.7126617431640625, 'avg_kl_divergence': 8.999459266662598, 'entropy': 10.82463264465332}, {'step': 27, 'avg_l2_distance': 2.7126617431640625, 'avg_kl_divergence': 8.999459266662598, 'entropy': 10.824609756469727}, {'step': 28, 'avg_l2_distance': 2.7126617431640625, 'avg_kl_divergence': 8.999459266662598, 'entropy': 10.824583053588867}, {'step': 29, 'avg_l2_distance': 2.7126617431640625, 'avg_kl_divergence': 8.999459266662598, 'entropy': 10.824555397033691}, {'step': 30, 'avg_l2_distance': 2.7126617431640625, 'avg_kl_divergence': 8.999459266662598, 'entropy': 10.824520111083984}, {'step': 31, 'avg_l2_distance': 2.7126617431640625, 'avg_kl_divergence': 8.999459266662598, 'entropy': 10.824481010437012}, {'step': 32, 'avg_l2_distance': 2.7126617431640625, 'avg_kl_divergence': 8.999459266662598, 'entropy': 10.824433326721191}, {'step': 33, 'avg_l2_distance': 2.7126617431640625, 'avg_kl_divergence': 8.999459266662598, 'entropy': 10.824378967285156}, {'step': 34, 'avg_l2_distance': 2.7126617431640625, 'avg_kl_divergence': 8.999459266662598, 'entropy': 10.824311256408691}, {'step': 35, 'avg_l2_distance': 2.7126617431640625, 'avg_kl_divergence': 8.999459266662598, 'entropy': 10.82423210144043}, {'step': 36, 'avg_l2_distance': 2.7126617431640625, 'avg_kl_divergence': 8.999459266662598, 'entropy': 10.824131965637207}, {'step': 37, 'avg_l2_distance': 2.7126617431640625, 'avg_kl_divergence': 8.999459266662598, 'entropy': 10.824009895324707}, {'step': 38, 'avg_l2_distance': 2.7126617431640625, 'avg_kl_divergence': 8.999459266662598, 'entropy': 10.823854446411133}, {'step': 39, 'avg_l2_distance': 2.7126617431640625, 'avg_kl_divergence': 8.999459266662598, 'entropy': 10.823654174804688}, {'step': 40, 'avg_l2_distance': 2.7126617431640625, 'avg_kl_divergence': 8.999459266662598, 'entropy': 10.823390007019043}, {'step': 41, 'avg_l2_distance': 2.7126617431640625, 'avg_kl_divergence': 8.999459266662598, 'entropy': 10.823030471801758}, {'step': 42, 'avg_l2_distance': 2.7126617431640625, 'avg_kl_divergence': 8.999459266662598, 'entropy': 10.822521209716797}, {'step': 43, 'avg_l2_distance': 2.7126617431640625, 'avg_kl_divergence': 8.999459266662598, 'entropy': 10.821770668029785}, {'step': 44, 'avg_l2_distance': 2.7126617431640625, 'avg_kl_divergence': 8.999459266662598, 'entropy': 10.820594787597656}, {'step': 45, 'avg_l2_distance': 2.7126617431640625, 'avg_kl_divergence': 8.999459266662598, 'entropy': 10.818587303161621}, {'step': 46, 'avg_l2_distance': 2.7126617431640625, 'avg_kl_divergence': 8.999459266662598, 'entropy': 10.814711570739746}, {'step': 47, 'avg_l2_distance': 2.7126617431640625, 'avg_kl_divergence': 8.999459266662598, 'entropy': 10.805516242980957}, {'step': 48, 'avg_l2_distance': 2.7606043815612793, 'avg_kl_divergence': 12.50444507598877, 'entropy': 10.772865295410156}, {'step': 49, 'avg_l2_distance': 2.7606043815612793, 'avg_kl_divergence': 12.50444507598877, 'entropy': 10.331811904907227}]",2.7606043815612793,12.50444507598877,0.0
172,policy,True,"[{'step': 0, 'avg_l2_distance': 2.5745654106140137, 'avg_kl_divergence': 7.4532012939453125, 'entropy': 10.82482624053955}, {'step': 1, 'avg_l2_distance': 2.7623233795166016, 'avg_kl_divergence': 0.01682707853615284, 'entropy': 10.824817657470703}, {'step': 2, 'avg_l2_distance': 2.7623233795166016, 'avg_kl_divergence': 0.01682707853615284, 'entropy': 10.824832916259766}, {'step': 3, 'avg_l2_distance': 2.7623233795166016, 'avg_kl_divergence': 0.01682707853615284, 'entropy': 10.824832916259766}, {'step': 4, 'avg_l2_distance': 2.7623233795166016, 'avg_kl_divergence': 0.01682707853615284, 'entropy': 10.824831008911133}, {'step': 5, 'avg_l2_distance': 2.7623233795166016, 'avg_kl_divergence': 0.01682707853615284, 'entropy': 10.8248291015625}, {'step': 6, 'avg_l2_distance': 2.7623233795166016, 'avg_kl_divergence': 0.01682707853615284, 'entropy': 10.824827194213867}, {'step': 7, 'avg_l2_distance': 2.6113433837890625, 'avg_kl_divergence': 1.1671841144561768, 'entropy': 10.824825286865234}, {'step': 8, 'avg_l2_distance': 2.6113433837890625, 'avg_kl_divergence': 1.1671841144561768, 'entropy': 10.824767112731934}, {'step': 9, 'avg_l2_distance': 2.6113433837890625, 'avg_kl_divergence': 1.1671841144561768, 'entropy': 10.824764251708984}, {'step': 10, 'avg_l2_distance': 2.6113433837890625, 'avg_kl_divergence': 1.1671841144561768, 'entropy': 10.824760437011719}, {'step': 11, 'avg_l2_distance': 2.6113433837890625, 'avg_kl_divergence': 1.1671841144561768, 'entropy': 10.824756622314453}, {'step': 12, 'avg_l2_distance': 2.6113433837890625, 'avg_kl_divergence': 1.1671841144561768, 'entropy': 10.824752807617188}, {'step': 13, 'avg_l2_distance': 2.6113433837890625, 'avg_kl_divergence': 1.1671841144561768, 'entropy': 10.824747085571289}, {'step': 14, 'avg_l2_distance': 2.6113433837890625, 'avg_kl_divergence': 1.1671841144561768, 'entropy': 10.82474136352539}, {'step': 15, 'avg_l2_distance': 2.6113433837890625, 'avg_kl_divergence': 1.1671841144561768, 'entropy': 10.824735641479492}, {'step': 16, 'avg_l2_distance': 2.6113433837890625, 'avg_kl_divergence': 1.1671841144561768, 'entropy': 10.824728965759277}, {'step': 17, 'avg_l2_distance': 2.386115312576294, 'avg_kl_divergence': 9.407413482666016, 'entropy': 10.824723243713379}, {'step': 18, 'avg_l2_distance': 2.0756804943084717, 'avg_kl_divergence': 6.229776382446289, 'entropy': 10.82474136352539}, {'step': 19, 'avg_l2_distance': 2.0756804943084717, 'avg_kl_divergence': 6.229776382446289, 'entropy': 10.824716567993164}, {'step': 20, 'avg_l2_distance': 2.0756804943084717, 'avg_kl_divergence': 6.229776382446289, 'entropy': 10.824705123901367}, {'step': 21, 'avg_l2_distance': 2.0756804943084717, 'avg_kl_divergence': 6.229776382446289, 'entropy': 10.824691772460938}, {'step': 22, 'avg_l2_distance': 2.504762887954712, 'avg_kl_divergence': 8.952261924743652, 'entropy': 10.824676513671875}, {'step': 23, 'avg_l2_distance': 2.504762887954712, 'avg_kl_divergence': 8.952261924743652, 'entropy': 10.824674606323242}, {'step': 24, 'avg_l2_distance': 2.504762887954712, 'avg_kl_divergence': 8.952261924743652, 'entropy': 10.824661254882812}, {'step': 25, 'avg_l2_distance': 2.504762887954712, 'avg_kl_divergence': 8.952261924743652, 'entropy': 10.824645042419434}, {'step': 26, 'avg_l2_distance': 2.504762887954712, 'avg_kl_divergence': 8.952261924743652, 'entropy': 10.824628829956055}, {'step': 27, 'avg_l2_distance': 2.504762887954712, 'avg_kl_divergence': 8.952261924743652, 'entropy': 10.82460880279541}, {'step': 28, 'avg_l2_distance': 2.504762887954712, 'avg_kl_divergence': 8.952261924743652, 'entropy': 10.824585914611816}, {'step': 29, 'avg_l2_distance': 2.0944838523864746, 'avg_kl_divergence': 4.605304718017578, 'entropy': 10.824560165405273}, {'step': 30, 'avg_l2_distance': 2.0944838523864746, 'avg_kl_divergence': 4.605304718017578, 'entropy': 10.82439136505127}, {'step': 31, 'avg_l2_distance': 2.1593844890594482, 'avg_kl_divergence': 2.0565993785858154, 'entropy': 10.8243408203125}, {'step': 32, 'avg_l2_distance': 2.1593844890594482, 'avg_kl_divergence': 2.0565993785858154, 'entropy': 10.824515342712402}, {'step': 33, 'avg_l2_distance': 2.1593844890594482, 'avg_kl_divergence': 2.0565993785858154, 'entropy': 10.824464797973633}, {'step': 34, 'avg_l2_distance': 2.1593844890594482, 'avg_kl_divergence': 2.0565993785858154, 'entropy': 10.82440185546875}, {'step': 35, 'avg_l2_distance': 2.1593844890594482, 'avg_kl_divergence': 2.0565993785858154, 'entropy': 10.82432746887207}, {'step': 36, 'avg_l2_distance': 2.1593844890594482, 'avg_kl_divergence': 2.0565993785858154, 'entropy': 10.824234008789062}, {'step': 37, 'avg_l2_distance': 2.1593844890594482, 'avg_kl_divergence': 2.0565993785858154, 'entropy': 10.824117660522461}, {'step': 38, 'avg_l2_distance': 2.1593844890594482, 'avg_kl_divergence': 2.0565993785858154, 'entropy': 10.82397174835205}, {'step': 39, 'avg_l2_distance': 2.1593844890594482, 'avg_kl_divergence': 2.0565993785858154, 'entropy': 10.823779106140137}, {'step': 40, 'avg_l2_distance': 2.1593844890594482, 'avg_kl_divergence': 2.0565993785858154, 'entropy': 10.823524475097656}, {'step': 41, 'avg_l2_distance': 2.1593844890594482, 'avg_kl_divergence': 2.0565993785858154, 'entropy': 10.823175430297852}, {'step': 42, 'avg_l2_distance': 2.1593844890594482, 'avg_kl_divergence': 2.0565993785858154, 'entropy': 10.822680473327637}, {'step': 43, 'avg_l2_distance': 2.1593844890594482, 'avg_kl_divergence': 2.0565993785858154, 'entropy': 10.82194709777832}, {'step': 44, 'avg_l2_distance': 2.1593844890594482, 'avg_kl_divergence': 2.0565993785858154, 'entropy': 10.820792198181152}, {'step': 45, 'avg_l2_distance': 2.1593844890594482, 'avg_kl_divergence': 2.0565993785858154, 'entropy': 10.818812370300293}, {'step': 46, 'avg_l2_distance': 2.598144054412842, 'avg_kl_divergence': 0.23782499134540558, 'entropy': 10.814970016479492}, {'step': 47, 'avg_l2_distance': 2.598144054412842, 'avg_kl_divergence': 0.23782499134540558, 'entropy': 10.81218147277832}, {'step': 48, 'avg_l2_distance': 2.598144054412842, 'avg_kl_divergence': 0.23782499134540558, 'entropy': 10.790776252746582}, {'step': 49, 'avg_l2_distance': 2.598144054412842, 'avg_kl_divergence': 0.23782499134540558, 'entropy': 10.341047286987305}]",2.598144054412842,0.23782499134540558,0.0
173,policy,True,"[{'step': 0, 'avg_l2_distance': 2.2820162773132324, 'avg_kl_divergence': 9.627304077148438, 'entropy': 10.824823379516602}, {'step': 1, 'avg_l2_distance': 2.2820162773132324, 'avg_kl_divergence': 9.627304077148438, 'entropy': 10.824821472167969}, {'step': 2, 'avg_l2_distance': 2.2820162773132324, 'avg_kl_divergence': 9.627304077148438, 'entropy': 10.824819564819336}, {'step': 3, 'avg_l2_distance': 2.2820162773132324, 'avg_kl_divergence': 9.627304077148438, 'entropy': 10.824817657470703}, {'step': 4, 'avg_l2_distance': 2.2820162773132324, 'avg_kl_divergence': 9.627304077148438, 'entropy': 10.824814796447754}, {'step': 5, 'avg_l2_distance': 2.2820162773132324, 'avg_kl_divergence': 9.627304077148438, 'entropy': 10.824812889099121}, {'step': 6, 'avg_l2_distance': 2.2820162773132324, 'avg_kl_divergence': 9.627304077148438, 'entropy': 10.824809074401855}, {'step': 7, 'avg_l2_distance': 2.2820162773132324, 'avg_kl_divergence': 9.627304077148438, 'entropy': 10.824807167053223}, {'step': 8, 'avg_l2_distance': 2.2820162773132324, 'avg_kl_divergence': 9.627304077148438, 'entropy': 10.824803352355957}, {'step': 9, 'avg_l2_distance': 2.2820162773132324, 'avg_kl_divergence': 9.627304077148438, 'entropy': 10.824800491333008}, {'step': 10, 'avg_l2_distance': 2.2820162773132324, 'avg_kl_divergence': 9.627304077148438, 'entropy': 10.824796676635742}, {'step': 11, 'avg_l2_distance': 2.2820162773132324, 'avg_kl_divergence': 9.627304077148438, 'entropy': 10.824790954589844}, {'step': 12, 'avg_l2_distance': 2.2820162773132324, 'avg_kl_divergence': 9.627304077148438, 'entropy': 10.824787139892578}, {'step': 13, 'avg_l2_distance': 2.40813946723938, 'avg_kl_divergence': 9.407295227050781, 'entropy': 10.824784278869629}, {'step': 14, 'avg_l2_distance': 2.6148953437805176, 'avg_kl_divergence': 4.912456035614014, 'entropy': 10.82476806640625}, {'step': 15, 'avg_l2_distance': 2.6148953437805176, 'avg_kl_divergence': 4.912456035614014, 'entropy': 10.824792861938477}, {'step': 16, 'avg_l2_distance': 2.6148953437805176, 'avg_kl_divergence': 4.912456035614014, 'entropy': 10.824788093566895}, {'step': 17, 'avg_l2_distance': 2.6148953437805176, 'avg_kl_divergence': 4.912456035614014, 'entropy': 10.824782371520996}, {'step': 18, 'avg_l2_distance': 2.6148953437805176, 'avg_kl_divergence': 4.912456035614014, 'entropy': 10.824776649475098}, {'step': 19, 'avg_l2_distance': 2.6626713275909424, 'avg_kl_divergence': 8.664240837097168, 'entropy': 10.8247709274292}, {'step': 20, 'avg_l2_distance': 2.6626713275909424, 'avg_kl_divergence': 8.664240837097168, 'entropy': 10.824761390686035}, {'step': 21, 'avg_l2_distance': 2.6626713275909424, 'avg_kl_divergence': 8.664240837097168, 'entropy': 10.824750900268555}, {'step': 22, 'avg_l2_distance': 2.6943063735961914, 'avg_kl_divergence': 7.212240695953369, 'entropy': 10.824742317199707}, {'step': 23, 'avg_l2_distance': 2.6943063735961914, 'avg_kl_divergence': 7.212240695953369, 'entropy': 10.824678421020508}, {'step': 24, 'avg_l2_distance': 2.6943063735961914, 'avg_kl_divergence': 7.212240695953369, 'entropy': 10.824666976928711}, {'step': 25, 'avg_l2_distance': 2.6943063735961914, 'avg_kl_divergence': 7.212240695953369, 'entropy': 10.824651718139648}, {'step': 26, 'avg_l2_distance': 2.233588218688965, 'avg_kl_divergence': 11.733611106872559, 'entropy': 10.824634552001953}, {'step': 27, 'avg_l2_distance': 2.233588218688965, 'avg_kl_divergence': 11.733611106872559, 'entropy': 10.824634552001953}, {'step': 28, 'avg_l2_distance': 2.233588218688965, 'avg_kl_divergence': 11.733611106872559, 'entropy': 10.824609756469727}, {'step': 29, 'avg_l2_distance': 2.233588218688965, 'avg_kl_divergence': 11.733611106872559, 'entropy': 10.824583053588867}, {'step': 30, 'avg_l2_distance': 2.3074951171875, 'avg_kl_divergence': 16.417749404907227, 'entropy': 10.824551582336426}, {'step': 31, 'avg_l2_distance': 2.3074951171875, 'avg_kl_divergence': 16.417749404907227, 'entropy': 10.824323654174805}, {'step': 32, 'avg_l2_distance': 2.3074951171875, 'avg_kl_divergence': 16.417749404907227, 'entropy': 10.82426643371582}, {'step': 33, 'avg_l2_distance': 2.3074951171875, 'avg_kl_divergence': 16.417749404907227, 'entropy': 10.824199676513672}, {'step': 34, 'avg_l2_distance': 2.3074951171875, 'avg_kl_divergence': 16.417749404907227, 'entropy': 10.824117660522461}, {'step': 35, 'avg_l2_distance': 2.3074951171875, 'avg_kl_divergence': 16.417749404907227, 'entropy': 10.82402229309082}, {'step': 36, 'avg_l2_distance': 2.3074951171875, 'avg_kl_divergence': 16.417749404907227, 'entropy': 10.823904037475586}, {'step': 37, 'avg_l2_distance': 1.9746989011764526, 'avg_kl_divergence': 10.206714630126953, 'entropy': 10.823759078979492}, {'step': 38, 'avg_l2_distance': 1.9746989011764526, 'avg_kl_divergence': 10.206714630126953, 'entropy': 10.823912620544434}, {'step': 39, 'avg_l2_distance': 1.9746989011764526, 'avg_kl_divergence': 10.206714630126953, 'entropy': 10.823750495910645}, {'step': 40, 'avg_l2_distance': 1.9746989011764526, 'avg_kl_divergence': 10.206714630126953, 'entropy': 10.823537826538086}, {'step': 41, 'avg_l2_distance': 2.5636844635009766, 'avg_kl_divergence': 10.884949684143066, 'entropy': 10.823251724243164}, {'step': 42, 'avg_l2_distance': 2.5636844635009766, 'avg_kl_divergence': 10.884949684143066, 'entropy': 10.82315444946289}, {'step': 43, 'avg_l2_distance': 2.5636844635009766, 'avg_kl_divergence': 10.884949684143066, 'entropy': 10.822646141052246}, {'step': 44, 'avg_l2_distance': 2.5636844635009766, 'avg_kl_divergence': 10.884949684143066, 'entropy': 10.821855545043945}, {'step': 45, 'avg_l2_distance': 2.5636844635009766, 'avg_kl_divergence': 10.884949684143066, 'entropy': 10.820521354675293}, {'step': 46, 'avg_l2_distance': 2.5636844635009766, 'avg_kl_divergence': 10.884949684143066, 'entropy': 10.817972183227539}, {'step': 47, 'avg_l2_distance': 2.5636844635009766, 'avg_kl_divergence': 10.884949684143066, 'entropy': 10.812015533447266}, {'step': 48, 'avg_l2_distance': 2.5636844635009766, 'avg_kl_divergence': 10.884949684143066, 'entropy': 10.791232109069824}, {'step': 49, 'avg_l2_distance': 2.5636844635009766, 'avg_kl_divergence': 10.884949684143066, 'entropy': 10.340631484985352}]",2.5636844635009766,10.884949684143066,0.0
174,policy,True,"[{'step': 0, 'avg_l2_distance': 2.629720449447632, 'avg_kl_divergence': 3.9958810806274414, 'entropy': 10.824824333190918}, {'step': 1, 'avg_l2_distance': 2.629720449447632, 'avg_kl_divergence': 3.9958810806274414, 'entropy': 10.824814796447754}, {'step': 2, 'avg_l2_distance': 2.629720449447632, 'avg_kl_divergence': 3.9958810806274414, 'entropy': 10.824813842773438}, {'step': 3, 'avg_l2_distance': 2.629720449447632, 'avg_kl_divergence': 3.9958810806274414, 'entropy': 10.824812889099121}, {'step': 4, 'avg_l2_distance': 2.629720449447632, 'avg_kl_divergence': 3.9958810806274414, 'entropy': 10.824809074401855}, {'step': 5, 'avg_l2_distance': 2.31093168258667, 'avg_kl_divergence': 0.379559725522995, 'entropy': 10.824807167053223}, {'step': 6, 'avg_l2_distance': 2.0703189373016357, 'avg_kl_divergence': 14.011505126953125, 'entropy': 10.82484245300293}, {'step': 7, 'avg_l2_distance': 2.568810224533081, 'avg_kl_divergence': 11.454227447509766, 'entropy': 10.824827194213867}, {'step': 8, 'avg_l2_distance': 2.38319730758667, 'avg_kl_divergence': 4.084121227264404, 'entropy': 10.824833869934082}, {'step': 9, 'avg_l2_distance': 2.38319730758667, 'avg_kl_divergence': 4.084121227264404, 'entropy': 10.824817657470703}, {'step': 10, 'avg_l2_distance': 2.468036651611328, 'avg_kl_divergence': 1.5757277011871338, 'entropy': 10.824813842773438}, {'step': 11, 'avg_l2_distance': 2.468036651611328, 'avg_kl_divergence': 1.5757277011871338, 'entropy': 10.824800491333008}, {'step': 12, 'avg_l2_distance': 2.468036651611328, 'avg_kl_divergence': 1.5757277011871338, 'entropy': 10.824796676635742}, {'step': 13, 'avg_l2_distance': 2.468036651611328, 'avg_kl_divergence': 1.5757277011871338, 'entropy': 10.824792861938477}, {'step': 14, 'avg_l2_distance': 2.2741587162017822, 'avg_kl_divergence': 3.0315606594085693, 'entropy': 10.824789047241211}, {'step': 15, 'avg_l2_distance': 2.2741587162017822, 'avg_kl_divergence': 3.0315606594085693, 'entropy': 10.824779510498047}, {'step': 16, 'avg_l2_distance': 2.5260424613952637, 'avg_kl_divergence': 5.596702575683594, 'entropy': 10.824774742126465}, {'step': 17, 'avg_l2_distance': 2.5260424613952637, 'avg_kl_divergence': 5.596702575683594, 'entropy': 10.824808120727539}, {'step': 18, 'avg_l2_distance': 2.5260424613952637, 'avg_kl_divergence': 5.596702575683594, 'entropy': 10.824804306030273}, {'step': 19, 'avg_l2_distance': 2.5260424613952637, 'avg_kl_divergence': 5.596702575683594, 'entropy': 10.824798583984375}, {'step': 20, 'avg_l2_distance': 2.5260424613952637, 'avg_kl_divergence': 5.596702575683594, 'entropy': 10.824792861938477}, {'step': 21, 'avg_l2_distance': 2.5260424613952637, 'avg_kl_divergence': 5.596702575683594, 'entropy': 10.824787139892578}, {'step': 22, 'avg_l2_distance': 2.5260424613952637, 'avg_kl_divergence': 5.596702575683594, 'entropy': 10.824777603149414}, {'step': 23, 'avg_l2_distance': 2.5260424613952637, 'avg_kl_divergence': 5.596702575683594, 'entropy': 10.824769973754883}, {'step': 24, 'avg_l2_distance': 2.5260424613952637, 'avg_kl_divergence': 5.596702575683594, 'entropy': 10.824760437011719}, {'step': 25, 'avg_l2_distance': 2.5260424613952637, 'avg_kl_divergence': 5.596702575683594, 'entropy': 10.824748992919922}, {'step': 26, 'avg_l2_distance': 2.5260424613952637, 'avg_kl_divergence': 5.596702575683594, 'entropy': 10.824735641479492}, {'step': 27, 'avg_l2_distance': 2.5260424613952637, 'avg_kl_divergence': 5.596702575683594, 'entropy': 10.824722290039062}, {'step': 28, 'avg_l2_distance': 2.5260424613952637, 'avg_kl_divergence': 5.596702575683594, 'entropy': 10.82470703125}, {'step': 29, 'avg_l2_distance': 2.5260424613952637, 'avg_kl_divergence': 5.596702575683594, 'entropy': 10.824687004089355}, {'step': 30, 'avg_l2_distance': 2.5260424613952637, 'avg_kl_divergence': 5.596702575683594, 'entropy': 10.824665069580078}, {'step': 31, 'avg_l2_distance': 2.5260424613952637, 'avg_kl_divergence': 5.596702575683594, 'entropy': 10.824638366699219}, {'step': 32, 'avg_l2_distance': 2.5260424613952637, 'avg_kl_divergence': 5.596702575683594, 'entropy': 10.824607849121094}, {'step': 33, 'avg_l2_distance': 2.5260424613952637, 'avg_kl_divergence': 5.596702575683594, 'entropy': 10.824569702148438}, {'step': 34, 'avg_l2_distance': 2.5260424613952637, 'avg_kl_divergence': 5.596702575683594, 'entropy': 10.824525833129883}, {'step': 35, 'avg_l2_distance': 2.5260424613952637, 'avg_kl_divergence': 5.596702575683594, 'entropy': 10.824472427368164}, {'step': 36, 'avg_l2_distance': 2.5260424613952637, 'avg_kl_divergence': 5.596702575683594, 'entropy': 10.8244047164917}, {'step': 37, 'avg_l2_distance': 2.5260424613952637, 'avg_kl_divergence': 5.596702575683594, 'entropy': 10.824319839477539}, {'step': 38, 'avg_l2_distance': 2.5260424613952637, 'avg_kl_divergence': 5.596702575683594, 'entropy': 10.824213981628418}, {'step': 39, 'avg_l2_distance': 2.5260424613952637, 'avg_kl_divergence': 5.596702575683594, 'entropy': 10.824074745178223}, {'step': 40, 'avg_l2_distance': 2.5260424613952637, 'avg_kl_divergence': 5.596702575683594, 'entropy': 10.823890686035156}, {'step': 41, 'avg_l2_distance': 2.5260424613952637, 'avg_kl_divergence': 5.596702575683594, 'entropy': 10.823637008666992}, {'step': 42, 'avg_l2_distance': 2.5260424613952637, 'avg_kl_divergence': 5.596702575683594, 'entropy': 10.82327938079834}, {'step': 43, 'avg_l2_distance': 2.5260424613952637, 'avg_kl_divergence': 5.596702575683594, 'entropy': 10.822748184204102}, {'step': 44, 'avg_l2_distance': 2.5260424613952637, 'avg_kl_divergence': 5.596702575683594, 'entropy': 10.821913719177246}, {'step': 45, 'avg_l2_distance': 2.5260424613952637, 'avg_kl_divergence': 5.596702575683594, 'entropy': 10.82048511505127}, {'step': 46, 'avg_l2_distance': 2.5260424613952637, 'avg_kl_divergence': 5.596702575683594, 'entropy': 10.817728996276855}, {'step': 47, 'avg_l2_distance': 2.5260424613952637, 'avg_kl_divergence': 5.596702575683594, 'entropy': 10.811216354370117}, {'step': 48, 'avg_l2_distance': 2.5260424613952637, 'avg_kl_divergence': 5.596702575683594, 'entropy': 10.788227081298828}, {'step': 49, 'avg_l2_distance': 2.5260424613952637, 'avg_kl_divergence': 5.596702575683594, 'entropy': 10.113944053649902}]",2.5260424613952637,5.596702575683594,0.0
175,policy,True,"[{'step': 0, 'avg_l2_distance': 2.9614360332489014, 'avg_kl_divergence': 8.704236030578613, 'entropy': 10.824825286865234}, {'step': 1, 'avg_l2_distance': 2.761540651321411, 'avg_kl_divergence': 8.498908042907715, 'entropy': 10.824823379516602}, {'step': 2, 'avg_l2_distance': 2.761540651321411, 'avg_kl_divergence': 8.498908042907715, 'entropy': 10.82483196258545}, {'step': 3, 'avg_l2_distance': 2.761540651321411, 'avg_kl_divergence': 8.498908042907715, 'entropy': 10.824831008911133}, {'step': 4, 'avg_l2_distance': 2.761540651321411, 'avg_kl_divergence': 8.498908042907715, 'entropy': 10.824827194213867}, {'step': 5, 'avg_l2_distance': 2.761540651321411, 'avg_kl_divergence': 8.498908042907715, 'entropy': 10.82482624053955}, {'step': 6, 'avg_l2_distance': 2.432044506072998, 'avg_kl_divergence': 7.984903335571289, 'entropy': 10.824824333190918}, {'step': 7, 'avg_l2_distance': 2.4840073585510254, 'avg_kl_divergence': 11.105995178222656, 'entropy': 10.824790954589844}, {'step': 8, 'avg_l2_distance': 2.4840073585510254, 'avg_kl_divergence': 11.105995178222656, 'entropy': 10.824819564819336}, {'step': 9, 'avg_l2_distance': 2.4840073585510254, 'avg_kl_divergence': 11.105995178222656, 'entropy': 10.824816703796387}, {'step': 10, 'avg_l2_distance': 2.4840073585510254, 'avg_kl_divergence': 11.105995178222656, 'entropy': 10.824813842773438}, {'step': 11, 'avg_l2_distance': 2.4840073585510254, 'avg_kl_divergence': 11.105995178222656, 'entropy': 10.824810028076172}, {'step': 12, 'avg_l2_distance': 2.4840073585510254, 'avg_kl_divergence': 11.105995178222656, 'entropy': 10.824806213378906}, {'step': 13, 'avg_l2_distance': 2.4840073585510254, 'avg_kl_divergence': 11.105995178222656, 'entropy': 10.82480239868164}, {'step': 14, 'avg_l2_distance': 2.676579475402832, 'avg_kl_divergence': 8.837862014770508, 'entropy': 10.824798583984375}, {'step': 15, 'avg_l2_distance': 2.676579475402832, 'avg_kl_divergence': 8.837862014770508, 'entropy': 10.824790954589844}, {'step': 16, 'avg_l2_distance': 2.676579475402832, 'avg_kl_divergence': 8.837862014770508, 'entropy': 10.824787139892578}, {'step': 17, 'avg_l2_distance': 2.676579475402832, 'avg_kl_divergence': 8.837862014770508, 'entropy': 10.82478141784668}, {'step': 18, 'avg_l2_distance': 2.676579475402832, 'avg_kl_divergence': 8.837862014770508, 'entropy': 10.824775695800781}, {'step': 19, 'avg_l2_distance': 1.853366494178772, 'avg_kl_divergence': 8.642058372497559, 'entropy': 10.824769973754883}, {'step': 20, 'avg_l2_distance': 1.853366494178772, 'avg_kl_divergence': 8.642058372497559, 'entropy': 10.824687957763672}, {'step': 21, 'avg_l2_distance': 1.853366494178772, 'avg_kl_divergence': 8.642058372497559, 'entropy': 10.824676513671875}, {'step': 22, 'avg_l2_distance': 1.853366494178772, 'avg_kl_divergence': 8.642058372497559, 'entropy': 10.824661254882812}, {'step': 23, 'avg_l2_distance': 2.47834849357605, 'avg_kl_divergence': 13.075399398803711, 'entropy': 10.82464599609375}, {'step': 24, 'avg_l2_distance': 2.47834849357605, 'avg_kl_divergence': 13.075399398803711, 'entropy': 10.82474136352539}, {'step': 25, 'avg_l2_distance': 2.47834849357605, 'avg_kl_divergence': 13.075399398803711, 'entropy': 10.824728965759277}, {'step': 26, 'avg_l2_distance': 2.646463632583618, 'avg_kl_divergence': 8.587085723876953, 'entropy': 10.824716567993164}, {'step': 27, 'avg_l2_distance': 2.646463632583618, 'avg_kl_divergence': 8.587085723876953, 'entropy': 10.824676513671875}, {'step': 28, 'avg_l2_distance': 2.646463632583618, 'avg_kl_divergence': 8.587085723876953, 'entropy': 10.82465934753418}, {'step': 29, 'avg_l2_distance': 2.547635316848755, 'avg_kl_divergence': 7.5699005126953125, 'entropy': 10.824640274047852}, {'step': 30, 'avg_l2_distance': 2.547635316848755, 'avg_kl_divergence': 7.5699005126953125, 'entropy': 10.82457160949707}, {'step': 31, 'avg_l2_distance': 2.547635316848755, 'avg_kl_divergence': 7.5699005126953125, 'entropy': 10.824542999267578}, {'step': 32, 'avg_l2_distance': 2.547635316848755, 'avg_kl_divergence': 7.5699005126953125, 'entropy': 10.824508666992188}, {'step': 33, 'avg_l2_distance': 2.547635316848755, 'avg_kl_divergence': 7.5699005126953125, 'entropy': 10.824470520019531}, {'step': 34, 'avg_l2_distance': 2.547635316848755, 'avg_kl_divergence': 7.5699005126953125, 'entropy': 10.824424743652344}, {'step': 35, 'avg_l2_distance': 2.547635316848755, 'avg_kl_divergence': 7.5699005126953125, 'entropy': 10.824369430541992}, {'step': 36, 'avg_l2_distance': 2.547635316848755, 'avg_kl_divergence': 7.5699005126953125, 'entropy': 10.824301719665527}, {'step': 37, 'avg_l2_distance': 2.547635316848755, 'avg_kl_divergence': 7.5699005126953125, 'entropy': 10.82421875}, {'step': 38, 'avg_l2_distance': 2.229825973510742, 'avg_kl_divergence': 6.65433931350708, 'entropy': 10.824115753173828}, {'step': 39, 'avg_l2_distance': 2.229825973510742, 'avg_kl_divergence': 6.65433931350708, 'entropy': 10.823813438415527}, {'step': 40, 'avg_l2_distance': 2.229825973510742, 'avg_kl_divergence': 6.65433931350708, 'entropy': 10.82359504699707}, {'step': 41, 'avg_l2_distance': 2.229825973510742, 'avg_kl_divergence': 6.65433931350708, 'entropy': 10.823297500610352}, {'step': 42, 'avg_l2_distance': 2.229825973510742, 'avg_kl_divergence': 6.65433931350708, 'entropy': 10.822879791259766}, {'step': 43, 'avg_l2_distance': 2.1629507541656494, 'avg_kl_divergence': 6.2201995849609375, 'entropy': 10.82226276397705}, {'step': 44, 'avg_l2_distance': 2.1629507541656494, 'avg_kl_divergence': 6.2201995849609375, 'entropy': 10.820816040039062}, {'step': 45, 'avg_l2_distance': 2.1629507541656494, 'avg_kl_divergence': 6.2201995849609375, 'entropy': 10.818944931030273}, {'step': 46, 'avg_l2_distance': 2.1629507541656494, 'avg_kl_divergence': 6.2201995849609375, 'entropy': 10.815353393554688}, {'step': 47, 'avg_l2_distance': 2.1629507541656494, 'avg_kl_divergence': 6.2201995849609375, 'entropy': 10.80689811706543}, {'step': 48, 'avg_l2_distance': 2.1629507541656494, 'avg_kl_divergence': 6.2201995849609375, 'entropy': 10.777201652526855}, {'step': 49, 'avg_l2_distance': 2.1629507541656494, 'avg_kl_divergence': 6.2201995849609375, 'entropy': 10.319425582885742}]",2.1629507541656494,6.2201995849609375,0.0
176,policy,True,"[{'step': 0, 'avg_l2_distance': 2.6831631660461426, 'avg_kl_divergence': 8.578548431396484, 'entropy': 10.824814796447754}, {'step': 1, 'avg_l2_distance': 2.571307897567749, 'avg_kl_divergence': 8.445650100708008, 'entropy': 10.824811935424805}, {'step': 2, 'avg_l2_distance': 2.571307897567749, 'avg_kl_divergence': 8.445650100708008, 'entropy': 10.824835777282715}, {'step': 3, 'avg_l2_distance': 2.571307897567749, 'avg_kl_divergence': 8.445650100708008, 'entropy': 10.824834823608398}, {'step': 4, 'avg_l2_distance': 2.571307897567749, 'avg_kl_divergence': 8.445650100708008, 'entropy': 10.824832916259766}, {'step': 5, 'avg_l2_distance': 2.571307897567749, 'avg_kl_divergence': 8.445650100708008, 'entropy': 10.824831008911133}, {'step': 6, 'avg_l2_distance': 2.571307897567749, 'avg_kl_divergence': 8.445650100708008, 'entropy': 10.8248291015625}, {'step': 7, 'avg_l2_distance': 1.8509386777877808, 'avg_kl_divergence': 14.118671417236328, 'entropy': 10.82482624053955}, {'step': 8, 'avg_l2_distance': 2.4125216007232666, 'avg_kl_divergence': 4.751096248626709, 'entropy': 10.824776649475098}, {'step': 9, 'avg_l2_distance': 2.4125216007232666, 'avg_kl_divergence': 4.751096248626709, 'entropy': 10.824775695800781}, {'step': 10, 'avg_l2_distance': 2.4125216007232666, 'avg_kl_divergence': 4.751096248626709, 'entropy': 10.824773788452148}, {'step': 11, 'avg_l2_distance': 2.4125216007232666, 'avg_kl_divergence': 4.751096248626709, 'entropy': 10.82476806640625}, {'step': 12, 'avg_l2_distance': 2.4125216007232666, 'avg_kl_divergence': 4.751096248626709, 'entropy': 10.824764251708984}, {'step': 13, 'avg_l2_distance': 2.4125216007232666, 'avg_kl_divergence': 4.751096248626709, 'entropy': 10.824758529663086}, {'step': 14, 'avg_l2_distance': 2.4125216007232666, 'avg_kl_divergence': 4.751096248626709, 'entropy': 10.824752807617188}, {'step': 15, 'avg_l2_distance': 2.4125216007232666, 'avg_kl_divergence': 4.751096248626709, 'entropy': 10.824747085571289}, {'step': 16, 'avg_l2_distance': 2.4125216007232666, 'avg_kl_divergence': 4.751096248626709, 'entropy': 10.82474136352539}, {'step': 17, 'avg_l2_distance': 2.4125216007232666, 'avg_kl_divergence': 4.751096248626709, 'entropy': 10.82473373413086}, {'step': 18, 'avg_l2_distance': 2.4125216007232666, 'avg_kl_divergence': 4.751096248626709, 'entropy': 10.824725151062012}, {'step': 19, 'avg_l2_distance': 2.4125216007232666, 'avg_kl_divergence': 4.751096248626709, 'entropy': 10.824718475341797}, {'step': 20, 'avg_l2_distance': 2.4125216007232666, 'avg_kl_divergence': 4.751096248626709, 'entropy': 10.824707984924316}, {'step': 21, 'avg_l2_distance': 2.4125216007232666, 'avg_kl_divergence': 4.751096248626709, 'entropy': 10.824697494506836}, {'step': 22, 'avg_l2_distance': 2.4125216007232666, 'avg_kl_divergence': 4.751096248626709, 'entropy': 10.824686050415039}, {'step': 23, 'avg_l2_distance': 2.4125216007232666, 'avg_kl_divergence': 4.751096248626709, 'entropy': 10.824674606323242}, {'step': 24, 'avg_l2_distance': 2.4125216007232666, 'avg_kl_divergence': 4.751096248626709, 'entropy': 10.824661254882812}, {'step': 25, 'avg_l2_distance': 2.4125216007232666, 'avg_kl_divergence': 4.751096248626709, 'entropy': 10.824645042419434}, {'step': 26, 'avg_l2_distance': 2.4125216007232666, 'avg_kl_divergence': 4.751096248626709, 'entropy': 10.824627876281738}, {'step': 27, 'avg_l2_distance': 2.4125216007232666, 'avg_kl_divergence': 4.751096248626709, 'entropy': 10.824607849121094}, {'step': 28, 'avg_l2_distance': 2.4125216007232666, 'avg_kl_divergence': 4.751096248626709, 'entropy': 10.824585914611816}, {'step': 29, 'avg_l2_distance': 2.4125216007232666, 'avg_kl_divergence': 4.751096248626709, 'entropy': 10.824560165405273}, {'step': 30, 'avg_l2_distance': 2.3619117736816406, 'avg_kl_divergence': 0.651740312576294, 'entropy': 10.824531555175781}, {'step': 31, 'avg_l2_distance': 2.3619117736816406, 'avg_kl_divergence': 0.651740312576294, 'entropy': 10.824384689331055}, {'step': 32, 'avg_l2_distance': 2.3619117736816406, 'avg_kl_divergence': 0.651740312576294, 'entropy': 10.824335098266602}, {'step': 33, 'avg_l2_distance': 2.3619117736816406, 'avg_kl_divergence': 0.651740312576294, 'entropy': 10.8242769241333}, {'step': 34, 'avg_l2_distance': 2.3619117736816406, 'avg_kl_divergence': 0.651740312576294, 'entropy': 10.82420825958252}, {'step': 35, 'avg_l2_distance': 2.3619117736816406, 'avg_kl_divergence': 0.651740312576294, 'entropy': 10.824125289916992}, {'step': 36, 'avg_l2_distance': 2.3619117736816406, 'avg_kl_divergence': 0.651740312576294, 'entropy': 10.824024200439453}, {'step': 37, 'avg_l2_distance': 2.3619117736816406, 'avg_kl_divergence': 0.651740312576294, 'entropy': 10.82390022277832}, {'step': 38, 'avg_l2_distance': 2.3619117736816406, 'avg_kl_divergence': 0.651740312576294, 'entropy': 10.82374382019043}, {'step': 39, 'avg_l2_distance': 2.3619117736816406, 'avg_kl_divergence': 0.651740312576294, 'entropy': 10.823543548583984}, {'step': 40, 'avg_l2_distance': 2.3619117736816406, 'avg_kl_divergence': 0.651740312576294, 'entropy': 10.823280334472656}, {'step': 41, 'avg_l2_distance': 2.3619117736816406, 'avg_kl_divergence': 0.651740312576294, 'entropy': 10.822927474975586}, {'step': 42, 'avg_l2_distance': 2.3619117736816406, 'avg_kl_divergence': 0.651740312576294, 'entropy': 10.822431564331055}, {'step': 43, 'avg_l2_distance': 2.3619117736816406, 'avg_kl_divergence': 0.651740312576294, 'entropy': 10.82170581817627}, {'step': 44, 'avg_l2_distance': 2.3619117736816406, 'avg_kl_divergence': 0.651740312576294, 'entropy': 10.820577621459961}, {'step': 45, 'avg_l2_distance': 2.3619117736816406, 'avg_kl_divergence': 0.651740312576294, 'entropy': 10.818668365478516}, {'step': 46, 'avg_l2_distance': 2.3619117736816406, 'avg_kl_divergence': 0.651740312576294, 'entropy': 10.815011978149414}, {'step': 47, 'avg_l2_distance': 2.3619117736816406, 'avg_kl_divergence': 0.651740312576294, 'entropy': 10.806431770324707}, {'step': 48, 'avg_l2_distance': 2.3619117736816406, 'avg_kl_divergence': 0.651740312576294, 'entropy': 10.776435852050781}, {'step': 49, 'avg_l2_distance': 2.3619117736816406, 'avg_kl_divergence': 0.651740312576294, 'entropy': 10.348884582519531}]",2.3619117736816406,0.651740312576294,0.0
177,policy,True,"[{'step': 0, 'avg_l2_distance': 2.187641143798828, 'avg_kl_divergence': 5.0379743576049805, 'entropy': 10.824759483337402}, {'step': 1, 'avg_l2_distance': 2.187641143798828, 'avg_kl_divergence': 5.0379743576049805, 'entropy': 10.824756622314453}, {'step': 2, 'avg_l2_distance': 2.187641143798828, 'avg_kl_divergence': 5.0379743576049805, 'entropy': 10.824752807617188}, {'step': 3, 'avg_l2_distance': 2.1976540088653564, 'avg_kl_divergence': 1.5877158641815186, 'entropy': 10.824748992919922}, {'step': 4, 'avg_l2_distance': 2.1976540088653564, 'avg_kl_divergence': 1.5877158641815186, 'entropy': 10.824766159057617}, {'step': 5, 'avg_l2_distance': 2.1976540088653564, 'avg_kl_divergence': 1.5877158641815186, 'entropy': 10.824760437011719}, {'step': 6, 'avg_l2_distance': 2.1976540088653564, 'avg_kl_divergence': 1.5877158641815186, 'entropy': 10.824756622314453}, {'step': 7, 'avg_l2_distance': 2.1976540088653564, 'avg_kl_divergence': 1.5877158641815186, 'entropy': 10.824751853942871}, {'step': 8, 'avg_l2_distance': 2.1976540088653564, 'avg_kl_divergence': 1.5877158641815186, 'entropy': 10.824747085571289}, {'step': 9, 'avg_l2_distance': 2.1976540088653564, 'avg_kl_divergence': 1.5877158641815186, 'entropy': 10.82474136352539}, {'step': 10, 'avg_l2_distance': 2.1976540088653564, 'avg_kl_divergence': 1.5877158641815186, 'entropy': 10.824735641479492}, {'step': 11, 'avg_l2_distance': 2.1976540088653564, 'avg_kl_divergence': 1.5877158641815186, 'entropy': 10.824729919433594}, {'step': 12, 'avg_l2_distance': 2.1976540088653564, 'avg_kl_divergence': 1.5877158641815186, 'entropy': 10.824722290039062}, {'step': 13, 'avg_l2_distance': 2.1976540088653564, 'avg_kl_divergence': 1.5877158641815186, 'entropy': 10.824714660644531}, {'step': 14, 'avg_l2_distance': 2.1976540088653564, 'avg_kl_divergence': 1.5877158641815186, 'entropy': 10.82470703125}, {'step': 15, 'avg_l2_distance': 2.1976540088653564, 'avg_kl_divergence': 1.5877158641815186, 'entropy': 10.824699401855469}, {'step': 16, 'avg_l2_distance': 2.1976540088653564, 'avg_kl_divergence': 1.5877158641815186, 'entropy': 10.824688911437988}, {'step': 17, 'avg_l2_distance': 2.1976540088653564, 'avg_kl_divergence': 1.5877158641815186, 'entropy': 10.824679374694824}, {'step': 18, 'avg_l2_distance': 2.4877142906188965, 'avg_kl_divergence': 1.396447777748108, 'entropy': 10.824666976928711}, {'step': 19, 'avg_l2_distance': 2.4877142906188965, 'avg_kl_divergence': 1.396447777748108, 'entropy': 10.824764251708984}, {'step': 20, 'avg_l2_distance': 2.4877142906188965, 'avg_kl_divergence': 1.396447777748108, 'entropy': 10.824756622314453}, {'step': 21, 'avg_l2_distance': 2.4877142906188965, 'avg_kl_divergence': 1.396447777748108, 'entropy': 10.824748039245605}, {'step': 22, 'avg_l2_distance': 2.4877142906188965, 'avg_kl_divergence': 1.396447777748108, 'entropy': 10.824738502502441}, {'step': 23, 'avg_l2_distance': 2.4877142906188965, 'avg_kl_divergence': 1.396447777748108, 'entropy': 10.824728012084961}, {'step': 24, 'avg_l2_distance': 2.4877142906188965, 'avg_kl_divergence': 1.396447777748108, 'entropy': 10.824716567993164}, {'step': 25, 'avg_l2_distance': 2.4877142906188965, 'avg_kl_divergence': 1.396447777748108, 'entropy': 10.824703216552734}, {'step': 26, 'avg_l2_distance': 2.4877142906188965, 'avg_kl_divergence': 1.396447777748108, 'entropy': 10.824689865112305}, {'step': 27, 'avg_l2_distance': 2.4877142906188965, 'avg_kl_divergence': 1.396447777748108, 'entropy': 10.82467269897461}, {'step': 28, 'avg_l2_distance': 2.4877142906188965, 'avg_kl_divergence': 1.396447777748108, 'entropy': 10.824653625488281}, {'step': 29, 'avg_l2_distance': 2.4877142906188965, 'avg_kl_divergence': 1.396447777748108, 'entropy': 10.824631690979004}, {'step': 30, 'avg_l2_distance': 2.4877142906188965, 'avg_kl_divergence': 1.396447777748108, 'entropy': 10.824605941772461}, {'step': 31, 'avg_l2_distance': 2.4877142906188965, 'avg_kl_divergence': 1.396447777748108, 'entropy': 10.824577331542969}, {'step': 32, 'avg_l2_distance': 2.4877142906188965, 'avg_kl_divergence': 1.396447777748108, 'entropy': 10.824542999267578}, {'step': 33, 'avg_l2_distance': 2.4877142906188965, 'avg_kl_divergence': 1.396447777748108, 'entropy': 10.824502944946289}, {'step': 34, 'avg_l2_distance': 2.4877142906188965, 'avg_kl_divergence': 1.396447777748108, 'entropy': 10.824453353881836}, {'step': 35, 'avg_l2_distance': 2.4877142906188965, 'avg_kl_divergence': 1.396447777748108, 'entropy': 10.824395179748535}, {'step': 36, 'avg_l2_distance': 2.4877142906188965, 'avg_kl_divergence': 1.396447777748108, 'entropy': 10.824323654174805}, {'step': 37, 'avg_l2_distance': 2.4877142906188965, 'avg_kl_divergence': 1.396447777748108, 'entropy': 10.824233055114746}, {'step': 38, 'avg_l2_distance': 2.4877142906188965, 'avg_kl_divergence': 1.396447777748108, 'entropy': 10.824119567871094}, {'step': 39, 'avg_l2_distance': 2.4877142906188965, 'avg_kl_divergence': 1.396447777748108, 'entropy': 10.823974609375}, {'step': 40, 'avg_l2_distance': 2.4877142906188965, 'avg_kl_divergence': 1.396447777748108, 'entropy': 10.823781967163086}, {'step': 41, 'avg_l2_distance': 2.4877142906188965, 'avg_kl_divergence': 1.396447777748108, 'entropy': 10.82352066040039}, {'step': 42, 'avg_l2_distance': 2.4877142906188965, 'avg_kl_divergence': 1.396447777748108, 'entropy': 10.823153495788574}, {'step': 43, 'avg_l2_distance': 2.3845252990722656, 'avg_kl_divergence': 2.4244539737701416, 'entropy': 10.822613716125488}, {'step': 44, 'avg_l2_distance': 2.3845252990722656, 'avg_kl_divergence': 2.4244539737701416, 'entropy': 10.821548461914062}, {'step': 45, 'avg_l2_distance': 2.5005857944488525, 'avg_kl_divergence': 2.9035463333129883, 'entropy': 10.820072174072266}, {'step': 46, 'avg_l2_distance': 2.5005857944488525, 'avg_kl_divergence': 2.9035463333129883, 'entropy': 10.81796646118164}, {'step': 47, 'avg_l2_distance': 2.5005857944488525, 'avg_kl_divergence': 2.9035463333129883, 'entropy': 10.811874389648438}, {'step': 48, 'avg_l2_distance': 2.5005857944488525, 'avg_kl_divergence': 2.9035463333129883, 'entropy': 10.790533065795898}, {'step': 49, 'avg_l2_distance': 2.4330198764801025, 'avg_kl_divergence': 1.887977123260498, 'entropy': 10.3755464553833}]",2.4330198764801025,1.887977123260498,0.0
178,policy,True,"[{'step': 0, 'avg_l2_distance': 2.75212025642395, 'avg_kl_divergence': 13.006794929504395, 'entropy': 10.824821472167969}, {'step': 1, 'avg_l2_distance': 2.75212025642395, 'avg_kl_divergence': 13.006794929504395, 'entropy': 10.824832916259766}, {'step': 2, 'avg_l2_distance': 2.7039804458618164, 'avg_kl_divergence': 13.362737655639648, 'entropy': 10.824831008911133}, {'step': 3, 'avg_l2_distance': 2.9652559757232666, 'avg_kl_divergence': 10.499419212341309, 'entropy': 10.824810981750488}, {'step': 4, 'avg_l2_distance': 2.9652559757232666, 'avg_kl_divergence': 10.499419212341309, 'entropy': 10.824825286865234}, {'step': 5, 'avg_l2_distance': 2.9652559757232666, 'avg_kl_divergence': 10.499419212341309, 'entropy': 10.824825286865234}, {'step': 6, 'avg_l2_distance': 2.9652559757232666, 'avg_kl_divergence': 10.499419212341309, 'entropy': 10.824821472167969}, {'step': 7, 'avg_l2_distance': 2.411370038986206, 'avg_kl_divergence': 12.669889450073242, 'entropy': 10.824819564819336}, {'step': 8, 'avg_l2_distance': 2.622743844985962, 'avg_kl_divergence': 10.866917610168457, 'entropy': 10.824806213378906}, {'step': 9, 'avg_l2_distance': 2.622743844985962, 'avg_kl_divergence': 10.866917610168457, 'entropy': 10.824800491333008}, {'step': 10, 'avg_l2_distance': 2.622743844985962, 'avg_kl_divergence': 10.866917610168457, 'entropy': 10.824797630310059}, {'step': 11, 'avg_l2_distance': 2.622743844985962, 'avg_kl_divergence': 10.866917610168457, 'entropy': 10.824792861938477}, {'step': 12, 'avg_l2_distance': 2.8134467601776123, 'avg_kl_divergence': 14.191458702087402, 'entropy': 10.824790000915527}, {'step': 13, 'avg_l2_distance': 2.8134467601776123, 'avg_kl_divergence': 14.191458702087402, 'entropy': 10.82476806640625}, {'step': 14, 'avg_l2_distance': 3.040861129760742, 'avg_kl_divergence': 7.796359062194824, 'entropy': 10.824762344360352}, {'step': 15, 'avg_l2_distance': 3.040861129760742, 'avg_kl_divergence': 7.796359062194824, 'entropy': 10.824803352355957}, {'step': 16, 'avg_l2_distance': 2.2542624473571777, 'avg_kl_divergence': 8.715672492980957, 'entropy': 10.824799537658691}, {'step': 17, 'avg_l2_distance': 2.2542624473571777, 'avg_kl_divergence': 8.715672492980957, 'entropy': 10.82475471496582}, {'step': 18, 'avg_l2_distance': 2.2542624473571777, 'avg_kl_divergence': 8.715672492980957, 'entropy': 10.824746131896973}, {'step': 19, 'avg_l2_distance': 2.2542624473571777, 'avg_kl_divergence': 8.715672492980957, 'entropy': 10.824737548828125}, {'step': 20, 'avg_l2_distance': 2.2542624473571777, 'avg_kl_divergence': 8.715672492980957, 'entropy': 10.824727058410645}, {'step': 21, 'avg_l2_distance': 2.2542624473571777, 'avg_kl_divergence': 8.715672492980957, 'entropy': 10.824716567993164}, {'step': 22, 'avg_l2_distance': 2.2542624473571777, 'avg_kl_divergence': 8.715672492980957, 'entropy': 10.824701309204102}, {'step': 23, 'avg_l2_distance': 2.2542624473571777, 'avg_kl_divergence': 8.715672492980957, 'entropy': 10.824687957763672}, {'step': 24, 'avg_l2_distance': 2.2542624473571777, 'avg_kl_divergence': 8.715672492980957, 'entropy': 10.824671745300293}, {'step': 25, 'avg_l2_distance': 2.2542624473571777, 'avg_kl_divergence': 8.715672492980957, 'entropy': 10.824653625488281}, {'step': 26, 'avg_l2_distance': 2.2542624473571777, 'avg_kl_divergence': 8.715672492980957, 'entropy': 10.82463264465332}, {'step': 27, 'avg_l2_distance': 2.2542624473571777, 'avg_kl_divergence': 8.715672492980957, 'entropy': 10.824609756469727}, {'step': 28, 'avg_l2_distance': 2.2542624473571777, 'avg_kl_divergence': 8.715672492980957, 'entropy': 10.824584007263184}, {'step': 29, 'avg_l2_distance': 2.2542624473571777, 'avg_kl_divergence': 8.715672492980957, 'entropy': 10.824552536010742}, {'step': 30, 'avg_l2_distance': 2.2542624473571777, 'avg_kl_divergence': 8.715672492980957, 'entropy': 10.824519157409668}, {'step': 31, 'avg_l2_distance': 2.6931874752044678, 'avg_kl_divergence': 12.493048667907715, 'entropy': 10.82447624206543}, {'step': 32, 'avg_l2_distance': 2.639252185821533, 'avg_kl_divergence': 11.675497055053711, 'entropy': 10.824621200561523}, {'step': 33, 'avg_l2_distance': 2.639252185821533, 'avg_kl_divergence': 11.675497055053711, 'entropy': 10.82443618774414}, {'step': 34, 'avg_l2_distance': 2.639252185821533, 'avg_kl_divergence': 11.675497055053711, 'entropy': 10.824382781982422}, {'step': 35, 'avg_l2_distance': 2.639252185821533, 'avg_kl_divergence': 11.675497055053711, 'entropy': 10.824316024780273}, {'step': 36, 'avg_l2_distance': 2.639252185821533, 'avg_kl_divergence': 11.675497055053711, 'entropy': 10.824235916137695}, {'step': 37, 'avg_l2_distance': 2.9528636932373047, 'avg_kl_divergence': 8.345985412597656, 'entropy': 10.824136734008789}, {'step': 38, 'avg_l2_distance': 2.9528636932373047, 'avg_kl_divergence': 8.345985412597656, 'entropy': 10.824235916137695}, {'step': 39, 'avg_l2_distance': 2.9528636932373047, 'avg_kl_divergence': 8.345985412597656, 'entropy': 10.824106216430664}, {'step': 40, 'avg_l2_distance': 2.9528636932373047, 'avg_kl_divergence': 8.345985412597656, 'entropy': 10.823932647705078}, {'step': 41, 'avg_l2_distance': 2.9528636932373047, 'avg_kl_divergence': 8.345985412597656, 'entropy': 10.82369613647461}, {'step': 42, 'avg_l2_distance': 2.9528636932373047, 'avg_kl_divergence': 8.345985412597656, 'entropy': 10.823360443115234}, {'step': 43, 'avg_l2_distance': 2.9528636932373047, 'avg_kl_divergence': 8.345985412597656, 'entropy': 10.822864532470703}, {'step': 44, 'avg_l2_distance': 2.9528636932373047, 'avg_kl_divergence': 8.345985412597656, 'entropy': 10.82208251953125}, {'step': 45, 'avg_l2_distance': 2.9528636932373047, 'avg_kl_divergence': 8.345985412597656, 'entropy': 10.820748329162598}, {'step': 46, 'avg_l2_distance': 2.9528636932373047, 'avg_kl_divergence': 8.345985412597656, 'entropy': 10.818163871765137}, {'step': 47, 'avg_l2_distance': 2.9528636932373047, 'avg_kl_divergence': 8.345985412597656, 'entropy': 10.812023162841797}, {'step': 48, 'avg_l2_distance': 2.9528636932373047, 'avg_kl_divergence': 8.345985412597656, 'entropy': 10.78989028930664}, {'step': 49, 'avg_l2_distance': 2.4457249641418457, 'avg_kl_divergence': 8.88219928741455, 'entropy': 9.930194854736328}]",2.4457249641418457,8.88219928741455,0.0
179,policy,True,"[{'step': 0, 'avg_l2_distance': 2.1811580657958984, 'avg_kl_divergence': 1.8734744787216187, 'entropy': 10.82481861114502}, {'step': 1, 'avg_l2_distance': 2.1811580657958984, 'avg_kl_divergence': 1.8734744787216187, 'entropy': 10.824821472167969}, {'step': 2, 'avg_l2_distance': 2.1811580657958984, 'avg_kl_divergence': 1.8734744787216187, 'entropy': 10.824819564819336}, {'step': 3, 'avg_l2_distance': 2.1811580657958984, 'avg_kl_divergence': 1.8734744787216187, 'entropy': 10.824816703796387}, {'step': 4, 'avg_l2_distance': 2.1811580657958984, 'avg_kl_divergence': 1.8734744787216187, 'entropy': 10.824813842773438}, {'step': 5, 'avg_l2_distance': 2.5942764282226562, 'avg_kl_divergence': 4.62686014175415, 'entropy': 10.824811935424805}, {'step': 6, 'avg_l2_distance': 2.5942764282226562, 'avg_kl_divergence': 4.62686014175415, 'entropy': 10.824820518493652}, {'step': 7, 'avg_l2_distance': 2.5942764282226562, 'avg_kl_divergence': 4.62686014175415, 'entropy': 10.824816703796387}, {'step': 8, 'avg_l2_distance': 2.5942764282226562, 'avg_kl_divergence': 4.62686014175415, 'entropy': 10.824814796447754}, {'step': 9, 'avg_l2_distance': 2.5942764282226562, 'avg_kl_divergence': 4.62686014175415, 'entropy': 10.824811935424805}, {'step': 10, 'avg_l2_distance': 2.3930251598358154, 'avg_kl_divergence': 1.8851513862609863, 'entropy': 10.824808120727539}, {'step': 11, 'avg_l2_distance': 2.3930251598358154, 'avg_kl_divergence': 1.8851513862609863, 'entropy': 10.824729919433594}, {'step': 12, 'avg_l2_distance': 2.3930251598358154, 'avg_kl_divergence': 1.8851513862609863, 'entropy': 10.824724197387695}, {'step': 13, 'avg_l2_distance': 2.3930251598358154, 'avg_kl_divergence': 1.8851513862609863, 'entropy': 10.824718475341797}, {'step': 14, 'avg_l2_distance': 2.3930251598358154, 'avg_kl_divergence': 1.8851513862609863, 'entropy': 10.824710845947266}, {'step': 15, 'avg_l2_distance': 2.3930251598358154, 'avg_kl_divergence': 1.8851513862609863, 'entropy': 10.824705123901367}, {'step': 16, 'avg_l2_distance': 2.3930251598358154, 'avg_kl_divergence': 1.8851513862609863, 'entropy': 10.824697494506836}, {'step': 17, 'avg_l2_distance': 2.3930251598358154, 'avg_kl_divergence': 1.8851513862609863, 'entropy': 10.824689865112305}, {'step': 18, 'avg_l2_distance': 2.3930251598358154, 'avg_kl_divergence': 1.8851513862609863, 'entropy': 10.82468032836914}, {'step': 19, 'avg_l2_distance': 2.3930251598358154, 'avg_kl_divergence': 1.8851513862609863, 'entropy': 10.824670791625977}, {'step': 20, 'avg_l2_distance': 2.3930251598358154, 'avg_kl_divergence': 1.8851513862609863, 'entropy': 10.824661254882812}, {'step': 21, 'avg_l2_distance': 2.3930251598358154, 'avg_kl_divergence': 1.8851513862609863, 'entropy': 10.824649810791016}, {'step': 22, 'avg_l2_distance': 2.3930251598358154, 'avg_kl_divergence': 1.8851513862609863, 'entropy': 10.824637413024902}, {'step': 23, 'avg_l2_distance': 2.3930251598358154, 'avg_kl_divergence': 1.8851513862609863, 'entropy': 10.824623107910156}, {'step': 24, 'avg_l2_distance': 2.3930251598358154, 'avg_kl_divergence': 1.8851513862609863, 'entropy': 10.824607849121094}, {'step': 25, 'avg_l2_distance': 2.3930251598358154, 'avg_kl_divergence': 1.8851513862609863, 'entropy': 10.824590682983398}, {'step': 26, 'avg_l2_distance': 2.3930251598358154, 'avg_kl_divergence': 1.8851513862609863, 'entropy': 10.82457160949707}, {'step': 27, 'avg_l2_distance': 2.3930251598358154, 'avg_kl_divergence': 1.8851513862609863, 'entropy': 10.824548721313477}, {'step': 28, 'avg_l2_distance': 2.3930251598358154, 'avg_kl_divergence': 1.8851513862609863, 'entropy': 10.824524879455566}, {'step': 29, 'avg_l2_distance': 2.3930251598358154, 'avg_kl_divergence': 1.8851513862609863, 'entropy': 10.82449722290039}, {'step': 30, 'avg_l2_distance': 2.3930251598358154, 'avg_kl_divergence': 1.8851513862609863, 'entropy': 10.824463844299316}, {'step': 31, 'avg_l2_distance': 2.3930251598358154, 'avg_kl_divergence': 1.8851513862609863, 'entropy': 10.824426651000977}, {'step': 32, 'avg_l2_distance': 2.3930251598358154, 'avg_kl_divergence': 1.8851513862609863, 'entropy': 10.824382781982422}, {'step': 33, 'avg_l2_distance': 2.3930251598358154, 'avg_kl_divergence': 1.8851513862609863, 'entropy': 10.824332237243652}, {'step': 34, 'avg_l2_distance': 2.3930251598358154, 'avg_kl_divergence': 1.8851513862609863, 'entropy': 10.824272155761719}, {'step': 35, 'avg_l2_distance': 2.3930251598358154, 'avg_kl_divergence': 1.8851513862609863, 'entropy': 10.824198722839355}, {'step': 36, 'avg_l2_distance': 2.3930251598358154, 'avg_kl_divergence': 1.8851513862609863, 'entropy': 10.82411003112793}, {'step': 37, 'avg_l2_distance': 2.3930251598358154, 'avg_kl_divergence': 1.8851513862609863, 'entropy': 10.824002265930176}, {'step': 38, 'avg_l2_distance': 2.3930251598358154, 'avg_kl_divergence': 1.8851513862609863, 'entropy': 10.82386589050293}, {'step': 39, 'avg_l2_distance': 2.3930251598358154, 'avg_kl_divergence': 1.8851513862609863, 'entropy': 10.823692321777344}, {'step': 40, 'avg_l2_distance': 2.3930251598358154, 'avg_kl_divergence': 1.8851513862609863, 'entropy': 10.823461532592773}, {'step': 41, 'avg_l2_distance': 2.3930251598358154, 'avg_kl_divergence': 1.8851513862609863, 'entropy': 10.82315444946289}, {'step': 42, 'avg_l2_distance': 2.3930251598358154, 'avg_kl_divergence': 1.8851513862609863, 'entropy': 10.822723388671875}, {'step': 43, 'avg_l2_distance': 2.3930251598358154, 'avg_kl_divergence': 1.8851513862609863, 'entropy': 10.822093963623047}, {'step': 44, 'avg_l2_distance': 2.3930251598358154, 'avg_kl_divergence': 1.8851513862609863, 'entropy': 10.821113586425781}, {'step': 45, 'avg_l2_distance': 2.3930251598358154, 'avg_kl_divergence': 1.8851513862609863, 'entropy': 10.819461822509766}, {'step': 46, 'avg_l2_distance': 2.3930251598358154, 'avg_kl_divergence': 1.8851513862609863, 'entropy': 10.816305160522461}, {'step': 47, 'avg_l2_distance': 2.3930251598358154, 'avg_kl_divergence': 1.8851513862609863, 'entropy': 10.808926582336426}, {'step': 48, 'avg_l2_distance': 2.3930251598358154, 'avg_kl_divergence': 1.8851513862609863, 'entropy': 10.783271789550781}, {'step': 49, 'avg_l2_distance': 2.355999708175659, 'avg_kl_divergence': 2.857227325439453, 'entropy': 10.40825080871582}]",2.355999708175659,2.857227325439453,0.0
180,policy,True,"[{'step': 0, 'avg_l2_distance': 3.002366065979004, 'avg_kl_divergence': 15.179130554199219, 'entropy': 10.824821472167969}, {'step': 1, 'avg_l2_distance': 3.002366065979004, 'avg_kl_divergence': 15.179130554199219, 'entropy': 10.824831008911133}, {'step': 2, 'avg_l2_distance': 3.002366065979004, 'avg_kl_divergence': 15.179130554199219, 'entropy': 10.8248291015625}, {'step': 3, 'avg_l2_distance': 2.9631240367889404, 'avg_kl_divergence': 13.237106323242188, 'entropy': 10.824827194213867}, {'step': 4, 'avg_l2_distance': 2.9631240367889404, 'avg_kl_divergence': 13.237106323242188, 'entropy': 10.824810981750488}, {'step': 5, 'avg_l2_distance': 2.7252800464630127, 'avg_kl_divergence': 11.91590690612793, 'entropy': 10.824809074401855}, {'step': 6, 'avg_l2_distance': 2.7252800464630127, 'avg_kl_divergence': 11.91590690612793, 'entropy': 10.824790954589844}, {'step': 7, 'avg_l2_distance': 2.7252800464630127, 'avg_kl_divergence': 11.91590690612793, 'entropy': 10.824787139892578}, {'step': 8, 'avg_l2_distance': 2.7252800464630127, 'avg_kl_divergence': 11.91590690612793, 'entropy': 10.824784278869629}, {'step': 9, 'avg_l2_distance': 2.7252800464630127, 'avg_kl_divergence': 11.91590690612793, 'entropy': 10.82478141784668}, {'step': 10, 'avg_l2_distance': 2.7252800464630127, 'avg_kl_divergence': 11.91590690612793, 'entropy': 10.824776649475098}, {'step': 11, 'avg_l2_distance': 2.7252800464630127, 'avg_kl_divergence': 11.91590690612793, 'entropy': 10.824771881103516}, {'step': 12, 'avg_l2_distance': 2.7252800464630127, 'avg_kl_divergence': 11.91590690612793, 'entropy': 10.82476806640625}, {'step': 13, 'avg_l2_distance': 2.7252800464630127, 'avg_kl_divergence': 11.91590690612793, 'entropy': 10.824761390686035}, {'step': 14, 'avg_l2_distance': 2.7252800464630127, 'avg_kl_divergence': 11.91590690612793, 'entropy': 10.82475757598877}, {'step': 15, 'avg_l2_distance': 2.7252800464630127, 'avg_kl_divergence': 11.91590690612793, 'entropy': 10.824751853942871}, {'step': 16, 'avg_l2_distance': 2.7252800464630127, 'avg_kl_divergence': 11.91590690612793, 'entropy': 10.824745178222656}, {'step': 17, 'avg_l2_distance': 2.7252800464630127, 'avg_kl_divergence': 11.91590690612793, 'entropy': 10.824737548828125}, {'step': 18, 'avg_l2_distance': 2.7252800464630127, 'avg_kl_divergence': 11.91590690612793, 'entropy': 10.82473087310791}, {'step': 19, 'avg_l2_distance': 2.7252800464630127, 'avg_kl_divergence': 11.91590690612793, 'entropy': 10.824722290039062}, {'step': 20, 'avg_l2_distance': 2.7252800464630127, 'avg_kl_divergence': 11.91590690612793, 'entropy': 10.824712753295898}, {'step': 21, 'avg_l2_distance': 2.7252800464630127, 'avg_kl_divergence': 11.91590690612793, 'entropy': 10.824703216552734}, {'step': 22, 'avg_l2_distance': 2.7252800464630127, 'avg_kl_divergence': 11.91590690612793, 'entropy': 10.824692726135254}, {'step': 23, 'avg_l2_distance': 2.7252800464630127, 'avg_kl_divergence': 11.91590690612793, 'entropy': 10.82468032836914}, {'step': 24, 'avg_l2_distance': 2.7252800464630127, 'avg_kl_divergence': 11.91590690612793, 'entropy': 10.824666023254395}, {'step': 25, 'avg_l2_distance': 2.7252800464630127, 'avg_kl_divergence': 11.91590690612793, 'entropy': 10.824650764465332}, {'step': 26, 'avg_l2_distance': 2.7252800464630127, 'avg_kl_divergence': 11.91590690612793, 'entropy': 10.824634552001953}, {'step': 27, 'avg_l2_distance': 2.7252800464630127, 'avg_kl_divergence': 11.91590690612793, 'entropy': 10.824614524841309}, {'step': 28, 'avg_l2_distance': 2.7252800464630127, 'avg_kl_divergence': 11.91590690612793, 'entropy': 10.824592590332031}, {'step': 29, 'avg_l2_distance': 2.7252800464630127, 'avg_kl_divergence': 11.91590690612793, 'entropy': 10.824567794799805}, {'step': 30, 'avg_l2_distance': 2.731661796569824, 'avg_kl_divergence': 12.842567443847656, 'entropy': 10.82453727722168}, {'step': 31, 'avg_l2_distance': 2.731661796569824, 'avg_kl_divergence': 12.842567443847656, 'entropy': 10.824551582336426}, {'step': 32, 'avg_l2_distance': 2.731661796569824, 'avg_kl_divergence': 12.842567443847656, 'entropy': 10.824512481689453}, {'step': 33, 'avg_l2_distance': 2.731661796569824, 'avg_kl_divergence': 12.842567443847656, 'entropy': 10.824462890625}, {'step': 34, 'avg_l2_distance': 2.731661796569824, 'avg_kl_divergence': 12.842567443847656, 'entropy': 10.824405670166016}, {'step': 35, 'avg_l2_distance': 2.731661796569824, 'avg_kl_divergence': 12.842567443847656, 'entropy': 10.824335098266602}, {'step': 36, 'avg_l2_distance': 2.731661796569824, 'avg_kl_divergence': 12.842567443847656, 'entropy': 10.824251174926758}, {'step': 37, 'avg_l2_distance': 2.731661796569824, 'avg_kl_divergence': 12.842567443847656, 'entropy': 10.82414436340332}, {'step': 38, 'avg_l2_distance': 2.731661796569824, 'avg_kl_divergence': 12.842567443847656, 'entropy': 10.824007034301758}, {'step': 39, 'avg_l2_distance': 2.731661796569824, 'avg_kl_divergence': 12.842567443847656, 'entropy': 10.823830604553223}, {'step': 40, 'avg_l2_distance': 2.731661796569824, 'avg_kl_divergence': 12.842567443847656, 'entropy': 10.823598861694336}, {'step': 41, 'avg_l2_distance': 2.731661796569824, 'avg_kl_divergence': 12.842567443847656, 'entropy': 10.823283195495605}, {'step': 42, 'avg_l2_distance': 2.731661796569824, 'avg_kl_divergence': 12.842567443847656, 'entropy': 10.822834968566895}, {'step': 43, 'avg_l2_distance': 2.731661796569824, 'avg_kl_divergence': 12.842567443847656, 'entropy': 10.822173118591309}, {'step': 44, 'avg_l2_distance': 2.731661796569824, 'avg_kl_divergence': 12.842567443847656, 'entropy': 10.821136474609375}, {'step': 45, 'avg_l2_distance': 2.731661796569824, 'avg_kl_divergence': 12.842567443847656, 'entropy': 10.819366455078125}, {'step': 46, 'avg_l2_distance': 2.731661796569824, 'avg_kl_divergence': 12.842567443847656, 'entropy': 10.815953254699707}, {'step': 47, 'avg_l2_distance': 2.731661796569824, 'avg_kl_divergence': 12.842567443847656, 'entropy': 10.807878494262695}, {'step': 48, 'avg_l2_distance': 2.731661796569824, 'avg_kl_divergence': 12.842567443847656, 'entropy': 10.779314041137695}, {'step': 49, 'avg_l2_distance': 2.731661796569824, 'avg_kl_divergence': 12.842567443847656, 'entropy': 10.34439468383789}]",2.731661796569824,12.842567443847656,0.0
181,policy,True,"[{'step': 0, 'avg_l2_distance': 2.7977752685546875, 'avg_kl_divergence': 4.29276180267334, 'entropy': 10.82482624053955}, {'step': 1, 'avg_l2_distance': 2.6401419639587402, 'avg_kl_divergence': 12.92136001586914, 'entropy': 10.824851989746094}, {'step': 2, 'avg_l2_distance': 2.571234941482544, 'avg_kl_divergence': 1.8101780414581299, 'entropy': 10.824827194213867}, {'step': 3, 'avg_l2_distance': 2.571234941482544, 'avg_kl_divergence': 1.8101780414581299, 'entropy': 10.824827194213867}, {'step': 4, 'avg_l2_distance': 2.571234941482544, 'avg_kl_divergence': 1.8101780414581299, 'entropy': 10.824825286865234}, {'step': 5, 'avg_l2_distance': 2.571234941482544, 'avg_kl_divergence': 1.8101780414581299, 'entropy': 10.824822425842285}, {'step': 6, 'avg_l2_distance': 2.571234941482544, 'avg_kl_divergence': 1.8101780414581299, 'entropy': 10.824820518493652}, {'step': 7, 'avg_l2_distance': 2.571234941482544, 'avg_kl_divergence': 1.8101780414581299, 'entropy': 10.824817657470703}, {'step': 8, 'avg_l2_distance': 2.5657262802124023, 'avg_kl_divergence': 8.231386184692383, 'entropy': 10.82481575012207}, {'step': 9, 'avg_l2_distance': 2.5657262802124023, 'avg_kl_divergence': 8.231386184692383, 'entropy': 10.824822425842285}, {'step': 10, 'avg_l2_distance': 2.5657262802124023, 'avg_kl_divergence': 8.231386184692383, 'entropy': 10.824819564819336}, {'step': 11, 'avg_l2_distance': 2.5657262802124023, 'avg_kl_divergence': 8.231386184692383, 'entropy': 10.824816703796387}, {'step': 12, 'avg_l2_distance': 2.5474298000335693, 'avg_kl_divergence': 5.136006832122803, 'entropy': 10.824813842773438}, {'step': 13, 'avg_l2_distance': 2.5474298000335693, 'avg_kl_divergence': 5.136006832122803, 'entropy': 10.824775695800781}, {'step': 14, 'avg_l2_distance': 2.5474298000335693, 'avg_kl_divergence': 5.136006832122803, 'entropy': 10.824769973754883}, {'step': 15, 'avg_l2_distance': 2.407052516937256, 'avg_kl_divergence': 6.1038818359375, 'entropy': 10.824764251708984}, {'step': 16, 'avg_l2_distance': 2.407052516937256, 'avg_kl_divergence': 6.1038818359375, 'entropy': 10.824806213378906}, {'step': 17, 'avg_l2_distance': 2.407052516937256, 'avg_kl_divergence': 6.1038818359375, 'entropy': 10.82480239868164}, {'step': 18, 'avg_l2_distance': 2.407052516937256, 'avg_kl_divergence': 6.1038818359375, 'entropy': 10.824798583984375}, {'step': 19, 'avg_l2_distance': 2.407052516937256, 'avg_kl_divergence': 6.1038818359375, 'entropy': 10.824792861938477}, {'step': 20, 'avg_l2_distance': 2.407052516937256, 'avg_kl_divergence': 6.1038818359375, 'entropy': 10.824788093566895}, {'step': 21, 'avg_l2_distance': 2.407052516937256, 'avg_kl_divergence': 6.1038818359375, 'entropy': 10.82478141784668}, {'step': 22, 'avg_l2_distance': 2.1475412845611572, 'avg_kl_divergence': 7.423845291137695, 'entropy': 10.824773788452148}, {'step': 23, 'avg_l2_distance': 2.1475412845611572, 'avg_kl_divergence': 7.423845291137695, 'entropy': 10.824724197387695}, {'step': 24, 'avg_l2_distance': 2.1475412845611572, 'avg_kl_divergence': 7.423845291137695, 'entropy': 10.824711799621582}, {'step': 25, 'avg_l2_distance': 2.5658230781555176, 'avg_kl_divergence': 9.972860336303711, 'entropy': 10.824695587158203}, {'step': 26, 'avg_l2_distance': 2.5658230781555176, 'avg_kl_divergence': 9.972860336303711, 'entropy': 10.824686050415039}, {'step': 27, 'avg_l2_distance': 2.5658230781555176, 'avg_kl_divergence': 9.972860336303711, 'entropy': 10.824668884277344}, {'step': 28, 'avg_l2_distance': 2.358816385269165, 'avg_kl_divergence': 12.848078727722168, 'entropy': 10.824649810791016}, {'step': 29, 'avg_l2_distance': 2.358816385269165, 'avg_kl_divergence': 12.848078727722168, 'entropy': 10.824540138244629}, {'step': 30, 'avg_l2_distance': 2.358816385269165, 'avg_kl_divergence': 12.848078727722168, 'entropy': 10.824508666992188}, {'step': 31, 'avg_l2_distance': 2.358816385269165, 'avg_kl_divergence': 12.848078727722168, 'entropy': 10.824472427368164}, {'step': 32, 'avg_l2_distance': 2.358816385269165, 'avg_kl_divergence': 12.848078727722168, 'entropy': 10.824429512023926}, {'step': 33, 'avg_l2_distance': 2.358816385269165, 'avg_kl_divergence': 12.848078727722168, 'entropy': 10.824378967285156}, {'step': 34, 'avg_l2_distance': 2.358816385269165, 'avg_kl_divergence': 12.848078727722168, 'entropy': 10.824319839477539}, {'step': 35, 'avg_l2_distance': 2.358816385269165, 'avg_kl_divergence': 12.848078727722168, 'entropy': 10.824248313903809}, {'step': 36, 'avg_l2_distance': 2.358816385269165, 'avg_kl_divergence': 12.848078727722168, 'entropy': 10.824161529541016}, {'step': 37, 'avg_l2_distance': 2.358816385269165, 'avg_kl_divergence': 12.848078727722168, 'entropy': 10.824052810668945}, {'step': 38, 'avg_l2_distance': 2.358816385269165, 'avg_kl_divergence': 12.848078727722168, 'entropy': 10.8239164352417}, {'step': 39, 'avg_l2_distance': 2.358816385269165, 'avg_kl_divergence': 12.848078727722168, 'entropy': 10.823741912841797}, {'step': 40, 'avg_l2_distance': 2.531517505645752, 'avg_kl_divergence': 6.751672267913818, 'entropy': 10.82351303100586}, {'step': 41, 'avg_l2_distance': 2.531517505645752, 'avg_kl_divergence': 6.751672267913818, 'entropy': 10.823471069335938}, {'step': 42, 'avg_l2_distance': 2.531517505645752, 'avg_kl_divergence': 6.751672267913818, 'entropy': 10.823119163513184}, {'step': 43, 'avg_l2_distance': 2.531517505645752, 'avg_kl_divergence': 6.751672267913818, 'entropy': 10.822603225708008}, {'step': 44, 'avg_l2_distance': 2.531500816345215, 'avg_kl_divergence': 0.7122735381126404, 'entropy': 10.82180404663086}, {'step': 45, 'avg_l2_distance': 2.531500816345215, 'avg_kl_divergence': 0.7122735381126404, 'entropy': 10.821008682250977}, {'step': 46, 'avg_l2_distance': 2.531500816345215, 'avg_kl_divergence': 0.7122735381126404, 'entropy': 10.81859302520752}, {'step': 47, 'avg_l2_distance': 2.531500816345215, 'avg_kl_divergence': 0.7122735381126404, 'entropy': 10.812875747680664}, {'step': 48, 'avg_l2_distance': 2.531500816345215, 'avg_kl_divergence': 0.7122735381126404, 'entropy': 10.792581558227539}, {'step': 49, 'avg_l2_distance': 2.531500816345215, 'avg_kl_divergence': 0.7122735381126404, 'entropy': 10.342901229858398}]",2.531500816345215,0.7122735381126404,0.0
182,policy,True,"[{'step': 0, 'avg_l2_distance': 2.228144884109497, 'avg_kl_divergence': 10.772224426269531, 'entropy': 10.82484245300293}, {'step': 1, 'avg_l2_distance': 2.8178036212921143, 'avg_kl_divergence': 8.698864936828613, 'entropy': 10.824808120727539}, {'step': 2, 'avg_l2_distance': 2.8178036212921143, 'avg_kl_divergence': 8.698864936828613, 'entropy': 10.824816703796387}, {'step': 3, 'avg_l2_distance': 2.5631752014160156, 'avg_kl_divergence': 9.107183456420898, 'entropy': 10.824813842773438}, {'step': 4, 'avg_l2_distance': 2.5631752014160156, 'avg_kl_divergence': 9.107183456420898, 'entropy': 10.824828147888184}, {'step': 5, 'avg_l2_distance': 2.5631752014160156, 'avg_kl_divergence': 9.107183456420898, 'entropy': 10.824827194213867}, {'step': 6, 'avg_l2_distance': 2.277358055114746, 'avg_kl_divergence': 10.228524208068848, 'entropy': 10.824823379516602}, {'step': 7, 'avg_l2_distance': 2.277358055114746, 'avg_kl_divergence': 10.228524208068848, 'entropy': 10.824837684631348}, {'step': 8, 'avg_l2_distance': 2.277358055114746, 'avg_kl_divergence': 10.228524208068848, 'entropy': 10.824834823608398}, {'step': 9, 'avg_l2_distance': 2.277358055114746, 'avg_kl_divergence': 10.228524208068848, 'entropy': 10.82483196258545}, {'step': 10, 'avg_l2_distance': 2.277358055114746, 'avg_kl_divergence': 10.228524208068848, 'entropy': 10.824830055236816}, {'step': 11, 'avg_l2_distance': 2.277358055114746, 'avg_kl_divergence': 10.228524208068848, 'entropy': 10.82482624053955}, {'step': 12, 'avg_l2_distance': 2.277358055114746, 'avg_kl_divergence': 10.228524208068848, 'entropy': 10.824823379516602}, {'step': 13, 'avg_l2_distance': 2.277358055114746, 'avg_kl_divergence': 10.228524208068848, 'entropy': 10.824819564819336}, {'step': 14, 'avg_l2_distance': 2.277358055114746, 'avg_kl_divergence': 10.228524208068848, 'entropy': 10.82481575012207}, {'step': 15, 'avg_l2_distance': 2.277358055114746, 'avg_kl_divergence': 10.228524208068848, 'entropy': 10.824810028076172}, {'step': 16, 'avg_l2_distance': 2.277358055114746, 'avg_kl_divergence': 10.228524208068848, 'entropy': 10.82480525970459}, {'step': 17, 'avg_l2_distance': 2.277358055114746, 'avg_kl_divergence': 10.228524208068848, 'entropy': 10.824799537658691}, {'step': 18, 'avg_l2_distance': 2.277358055114746, 'avg_kl_divergence': 10.228524208068848, 'entropy': 10.824792861938477}, {'step': 19, 'avg_l2_distance': 2.277358055114746, 'avg_kl_divergence': 10.228524208068848, 'entropy': 10.824787139892578}, {'step': 20, 'avg_l2_distance': 2.277358055114746, 'avg_kl_divergence': 10.228524208068848, 'entropy': 10.82477855682373}, {'step': 21, 'avg_l2_distance': 2.277358055114746, 'avg_kl_divergence': 10.228524208068848, 'entropy': 10.8247709274292}, {'step': 22, 'avg_l2_distance': 2.277358055114746, 'avg_kl_divergence': 10.228524208068848, 'entropy': 10.824760437011719}, {'step': 23, 'avg_l2_distance': 2.277358055114746, 'avg_kl_divergence': 10.228524208068848, 'entropy': 10.824748992919922}, {'step': 24, 'avg_l2_distance': 2.277358055114746, 'avg_kl_divergence': 10.228524208068848, 'entropy': 10.824737548828125}, {'step': 25, 'avg_l2_distance': 2.277358055114746, 'avg_kl_divergence': 10.228524208068848, 'entropy': 10.824724197387695}, {'step': 26, 'avg_l2_distance': 2.277358055114746, 'avg_kl_divergence': 10.228524208068848, 'entropy': 10.82470703125}, {'step': 27, 'avg_l2_distance': 2.277358055114746, 'avg_kl_divergence': 10.228524208068848, 'entropy': 10.824689865112305}, {'step': 28, 'avg_l2_distance': 2.277358055114746, 'avg_kl_divergence': 10.228524208068848, 'entropy': 10.824667930603027}, {'step': 29, 'avg_l2_distance': 2.277358055114746, 'avg_kl_divergence': 10.228524208068848, 'entropy': 10.824644088745117}, {'step': 30, 'avg_l2_distance': 2.277358055114746, 'avg_kl_divergence': 10.228524208068848, 'entropy': 10.824615478515625}, {'step': 31, 'avg_l2_distance': 2.277358055114746, 'avg_kl_divergence': 10.228524208068848, 'entropy': 10.824583053588867}, {'step': 32, 'avg_l2_distance': 2.277358055114746, 'avg_kl_divergence': 10.228524208068848, 'entropy': 10.824542045593262}, {'step': 33, 'avg_l2_distance': 2.277358055114746, 'avg_kl_divergence': 10.228524208068848, 'entropy': 10.824496269226074}, {'step': 34, 'avg_l2_distance': 2.277358055114746, 'avg_kl_divergence': 10.228524208068848, 'entropy': 10.824438095092773}, {'step': 35, 'avg_l2_distance': 2.277358055114746, 'avg_kl_divergence': 10.228524208068848, 'entropy': 10.824369430541992}, {'step': 36, 'avg_l2_distance': 2.277358055114746, 'avg_kl_divergence': 10.228524208068848, 'entropy': 10.824283599853516}, {'step': 37, 'avg_l2_distance': 2.277358055114746, 'avg_kl_divergence': 10.228524208068848, 'entropy': 10.824175834655762}, {'step': 38, 'avg_l2_distance': 2.277358055114746, 'avg_kl_divergence': 10.228524208068848, 'entropy': 10.824039459228516}, {'step': 39, 'avg_l2_distance': 2.277358055114746, 'avg_kl_divergence': 10.228524208068848, 'entropy': 10.823862075805664}, {'step': 40, 'avg_l2_distance': 2.277358055114746, 'avg_kl_divergence': 10.228524208068848, 'entropy': 10.823625564575195}, {'step': 41, 'avg_l2_distance': 2.277358055114746, 'avg_kl_divergence': 10.228524208068848, 'entropy': 10.823301315307617}, {'step': 42, 'avg_l2_distance': 2.277358055114746, 'avg_kl_divergence': 10.228524208068848, 'entropy': 10.822843551635742}, {'step': 43, 'avg_l2_distance': 2.277358055114746, 'avg_kl_divergence': 10.228524208068848, 'entropy': 10.822164535522461}, {'step': 44, 'avg_l2_distance': 2.277358055114746, 'avg_kl_divergence': 10.228524208068848, 'entropy': 10.821096420288086}, {'step': 45, 'avg_l2_distance': 2.277358055114746, 'avg_kl_divergence': 10.228524208068848, 'entropy': 10.819268226623535}, {'step': 46, 'avg_l2_distance': 2.277358055114746, 'avg_kl_divergence': 10.228524208068848, 'entropy': 10.815727233886719}, {'step': 47, 'avg_l2_distance': 2.277358055114746, 'avg_kl_divergence': 10.228524208068848, 'entropy': 10.807324409484863}, {'step': 48, 'avg_l2_distance': 2.277358055114746, 'avg_kl_divergence': 10.228524208068848, 'entropy': 10.777551651000977}, {'step': 49, 'avg_l2_distance': 1.8342033624649048, 'avg_kl_divergence': 8.131918907165527, 'entropy': 10.347654342651367}]",1.8342033624649048,8.131918907165527,0.0
183,policy,True,"[{'step': 0, 'avg_l2_distance': 2.497549295425415, 'avg_kl_divergence': 9.339058876037598, 'entropy': 10.824808120727539}, {'step': 1, 'avg_l2_distance': 2.497549295425415, 'avg_kl_divergence': 9.339058876037598, 'entropy': 10.824844360351562}, {'step': 2, 'avg_l2_distance': 1.9034501314163208, 'avg_kl_divergence': 12.078255653381348, 'entropy': 10.824843406677246}, {'step': 3, 'avg_l2_distance': 1.9034501314163208, 'avg_kl_divergence': 12.078255653381348, 'entropy': 10.824710845947266}, {'step': 4, 'avg_l2_distance': 1.9034501314163208, 'avg_kl_divergence': 12.078255653381348, 'entropy': 10.82470703125}, {'step': 5, 'avg_l2_distance': 1.9034501314163208, 'avg_kl_divergence': 12.078255653381348, 'entropy': 10.824702262878418}, {'step': 6, 'avg_l2_distance': 1.9034501314163208, 'avg_kl_divergence': 12.078255653381348, 'entropy': 10.824697494506836}, {'step': 7, 'avg_l2_distance': 1.9034501314163208, 'avg_kl_divergence': 12.078255653381348, 'entropy': 10.824689865112305}, {'step': 8, 'avg_l2_distance': 1.9034501314163208, 'avg_kl_divergence': 12.078255653381348, 'entropy': 10.824686050415039}, {'step': 9, 'avg_l2_distance': 1.9034501314163208, 'avg_kl_divergence': 12.078255653381348, 'entropy': 10.824678421020508}, {'step': 10, 'avg_l2_distance': 1.9034501314163208, 'avg_kl_divergence': 12.078255653381348, 'entropy': 10.82467269897461}, {'step': 11, 'avg_l2_distance': 1.9034501314163208, 'avg_kl_divergence': 12.078255653381348, 'entropy': 10.824666976928711}, {'step': 12, 'avg_l2_distance': 1.9034501314163208, 'avg_kl_divergence': 12.078255653381348, 'entropy': 10.824658393859863}, {'step': 13, 'avg_l2_distance': 1.9034501314163208, 'avg_kl_divergence': 12.078255653381348, 'entropy': 10.824650764465332}, {'step': 14, 'avg_l2_distance': 1.9034501314163208, 'avg_kl_divergence': 12.078255653381348, 'entropy': 10.824642181396484}, {'step': 15, 'avg_l2_distance': 1.9034501314163208, 'avg_kl_divergence': 12.078255653381348, 'entropy': 10.82463264465332}, {'step': 16, 'avg_l2_distance': 1.9034501314163208, 'avg_kl_divergence': 12.078255653381348, 'entropy': 10.824625015258789}, {'step': 17, 'avg_l2_distance': 1.9034501314163208, 'avg_kl_divergence': 12.078255653381348, 'entropy': 10.824613571166992}, {'step': 18, 'avg_l2_distance': 1.9034501314163208, 'avg_kl_divergence': 12.078255653381348, 'entropy': 10.824601173400879}, {'step': 19, 'avg_l2_distance': 1.9034501314163208, 'avg_kl_divergence': 12.078255653381348, 'entropy': 10.824588775634766}, {'step': 20, 'avg_l2_distance': 1.9034501314163208, 'avg_kl_divergence': 12.078255653381348, 'entropy': 10.82457447052002}, {'step': 21, 'avg_l2_distance': 1.9034501314163208, 'avg_kl_divergence': 12.078255653381348, 'entropy': 10.824560165405273}, {'step': 22, 'avg_l2_distance': 1.9034501314163208, 'avg_kl_divergence': 12.078255653381348, 'entropy': 10.824542045593262}, {'step': 23, 'avg_l2_distance': 1.9034501314163208, 'avg_kl_divergence': 12.078255653381348, 'entropy': 10.82452392578125}, {'step': 24, 'avg_l2_distance': 1.9034501314163208, 'avg_kl_divergence': 12.078255653381348, 'entropy': 10.824504852294922}, {'step': 25, 'avg_l2_distance': 1.9034501314163208, 'avg_kl_divergence': 12.078255653381348, 'entropy': 10.824481964111328}, {'step': 26, 'avg_l2_distance': 1.9034501314163208, 'avg_kl_divergence': 12.078255653381348, 'entropy': 10.824456214904785}, {'step': 27, 'avg_l2_distance': 1.9034501314163208, 'avg_kl_divergence': 12.078255653381348, 'entropy': 10.824427604675293}, {'step': 28, 'avg_l2_distance': 1.9034501314163208, 'avg_kl_divergence': 12.078255653381348, 'entropy': 10.824394226074219}, {'step': 29, 'avg_l2_distance': 1.9034501314163208, 'avg_kl_divergence': 12.078255653381348, 'entropy': 10.824358940124512}, {'step': 30, 'avg_l2_distance': 1.9034501314163208, 'avg_kl_divergence': 12.078255653381348, 'entropy': 10.824316024780273}, {'step': 31, 'avg_l2_distance': 1.9034501314163208, 'avg_kl_divergence': 12.078255653381348, 'entropy': 10.824268341064453}, {'step': 32, 'avg_l2_distance': 1.9142074584960938, 'avg_kl_divergence': 7.446552276611328, 'entropy': 10.824211120605469}, {'step': 33, 'avg_l2_distance': 1.9142074584960938, 'avg_kl_divergence': 7.446552276611328, 'entropy': 10.824357032775879}, {'step': 34, 'avg_l2_distance': 1.9142074584960938, 'avg_kl_divergence': 7.446552276611328, 'entropy': 10.82429027557373}, {'step': 35, 'avg_l2_distance': 1.9142074584960938, 'avg_kl_divergence': 7.446552276611328, 'entropy': 10.824210166931152}, {'step': 36, 'avg_l2_distance': 1.9142074584960938, 'avg_kl_divergence': 7.446552276611328, 'entropy': 10.824112892150879}, {'step': 37, 'avg_l2_distance': 1.9142074584960938, 'avg_kl_divergence': 7.446552276611328, 'entropy': 10.823990821838379}, {'step': 38, 'avg_l2_distance': 1.9142074584960938, 'avg_kl_divergence': 7.446552276611328, 'entropy': 10.823840141296387}, {'step': 39, 'avg_l2_distance': 1.9142074584960938, 'avg_kl_divergence': 7.446552276611328, 'entropy': 10.823643684387207}, {'step': 40, 'avg_l2_distance': 1.9142074584960938, 'avg_kl_divergence': 7.446552276611328, 'entropy': 10.823386192321777}, {'step': 41, 'avg_l2_distance': 1.9142074584960938, 'avg_kl_divergence': 7.446552276611328, 'entropy': 10.823040008544922}, {'step': 42, 'avg_l2_distance': 1.9142074584960938, 'avg_kl_divergence': 7.446552276611328, 'entropy': 10.822551727294922}, {'step': 43, 'avg_l2_distance': 1.9142074584960938, 'avg_kl_divergence': 7.446552276611328, 'entropy': 10.82183837890625}, {'step': 44, 'avg_l2_distance': 1.9142074584960938, 'avg_kl_divergence': 7.446552276611328, 'entropy': 10.820724487304688}, {'step': 45, 'avg_l2_distance': 1.9142074584960938, 'avg_kl_divergence': 7.446552276611328, 'entropy': 10.818839073181152}, {'step': 46, 'avg_l2_distance': 1.9142074584960938, 'avg_kl_divergence': 7.446552276611328, 'entropy': 10.815217971801758}, {'step': 47, 'avg_l2_distance': 1.9142074584960938, 'avg_kl_divergence': 7.446552276611328, 'entropy': 10.806663513183594}, {'step': 48, 'avg_l2_distance': 1.9142074584960938, 'avg_kl_divergence': 7.446552276611328, 'entropy': 10.776191711425781}, {'step': 49, 'avg_l2_distance': 1.9142074584960938, 'avg_kl_divergence': 7.446552276611328, 'entropy': 10.327808380126953}]",1.9142074584960938,7.446552276611328,0.0
184,policy,True,"[{'step': 0, 'avg_l2_distance': 2.3039252758026123, 'avg_kl_divergence': 15.872393608093262, 'entropy': 10.8248291015625}, {'step': 1, 'avg_l2_distance': 2.3039252758026123, 'avg_kl_divergence': 15.872393608093262, 'entropy': 10.82476806640625}, {'step': 2, 'avg_l2_distance': 2.482459783554077, 'avg_kl_divergence': 12.3618803024292, 'entropy': 10.824764251708984}, {'step': 3, 'avg_l2_distance': 2.482459783554077, 'avg_kl_divergence': 12.3618803024292, 'entropy': 10.824776649475098}, {'step': 4, 'avg_l2_distance': 2.482459783554077, 'avg_kl_divergence': 12.3618803024292, 'entropy': 10.824773788452148}, {'step': 5, 'avg_l2_distance': 2.482459783554077, 'avg_kl_divergence': 12.3618803024292, 'entropy': 10.824769973754883}, {'step': 6, 'avg_l2_distance': 2.482459783554077, 'avg_kl_divergence': 12.3618803024292, 'entropy': 10.824767112731934}, {'step': 7, 'avg_l2_distance': 2.482459783554077, 'avg_kl_divergence': 12.3618803024292, 'entropy': 10.824763298034668}, {'step': 8, 'avg_l2_distance': 2.482459783554077, 'avg_kl_divergence': 12.3618803024292, 'entropy': 10.824758529663086}, {'step': 9, 'avg_l2_distance': 2.482459783554077, 'avg_kl_divergence': 12.3618803024292, 'entropy': 10.82475471496582}, {'step': 10, 'avg_l2_distance': 2.482459783554077, 'avg_kl_divergence': 12.3618803024292, 'entropy': 10.824750900268555}, {'step': 11, 'avg_l2_distance': 2.482459783554077, 'avg_kl_divergence': 12.3618803024292, 'entropy': 10.824745178222656}, {'step': 12, 'avg_l2_distance': 2.482459783554077, 'avg_kl_divergence': 12.3618803024292, 'entropy': 10.824740409851074}, {'step': 13, 'avg_l2_distance': 2.482459783554077, 'avg_kl_divergence': 12.3618803024292, 'entropy': 10.824734687805176}, {'step': 14, 'avg_l2_distance': 2.482459783554077, 'avg_kl_divergence': 12.3618803024292, 'entropy': 10.824729919433594}, {'step': 15, 'avg_l2_distance': 2.482459783554077, 'avg_kl_divergence': 12.3618803024292, 'entropy': 10.824722290039062}, {'step': 16, 'avg_l2_distance': 2.482459783554077, 'avg_kl_divergence': 12.3618803024292, 'entropy': 10.824716567993164}, {'step': 17, 'avg_l2_distance': 2.482459783554077, 'avg_kl_divergence': 12.3618803024292, 'entropy': 10.824707984924316}, {'step': 18, 'avg_l2_distance': 2.482459783554077, 'avg_kl_divergence': 12.3618803024292, 'entropy': 10.824699401855469}, {'step': 19, 'avg_l2_distance': 2.482459783554077, 'avg_kl_divergence': 12.3618803024292, 'entropy': 10.824689865112305}, {'step': 20, 'avg_l2_distance': 2.482459783554077, 'avg_kl_divergence': 12.3618803024292, 'entropy': 10.824678421020508}, {'step': 21, 'avg_l2_distance': 2.482459783554077, 'avg_kl_divergence': 12.3618803024292, 'entropy': 10.824666976928711}, {'step': 22, 'avg_l2_distance': 2.482459783554077, 'avg_kl_divergence': 12.3618803024292, 'entropy': 10.824655532836914}, {'step': 23, 'avg_l2_distance': 2.482459783554077, 'avg_kl_divergence': 12.3618803024292, 'entropy': 10.824642181396484}, {'step': 24, 'avg_l2_distance': 2.482459783554077, 'avg_kl_divergence': 12.3618803024292, 'entropy': 10.824625968933105}, {'step': 25, 'avg_l2_distance': 2.482459783554077, 'avg_kl_divergence': 12.3618803024292, 'entropy': 10.824609756469727}, {'step': 26, 'avg_l2_distance': 2.482459783554077, 'avg_kl_divergence': 12.3618803024292, 'entropy': 10.824589729309082}, {'step': 27, 'avg_l2_distance': 2.482459783554077, 'avg_kl_divergence': 12.3618803024292, 'entropy': 10.824568748474121}, {'step': 28, 'avg_l2_distance': 2.482459783554077, 'avg_kl_divergence': 12.3618803024292, 'entropy': 10.824544906616211}, {'step': 29, 'avg_l2_distance': 2.482459783554077, 'avg_kl_divergence': 12.3618803024292, 'entropy': 10.824517250061035}, {'step': 30, 'avg_l2_distance': 2.482459783554077, 'avg_kl_divergence': 12.3618803024292, 'entropy': 10.824485778808594}, {'step': 31, 'avg_l2_distance': 2.344208240509033, 'avg_kl_divergence': 11.138407707214355, 'entropy': 10.824448585510254}, {'step': 32, 'avg_l2_distance': 2.344208240509033, 'avg_kl_divergence': 11.138407707214355, 'entropy': 10.824495315551758}, {'step': 33, 'avg_l2_distance': 2.344208240509033, 'avg_kl_divergence': 11.138407707214355, 'entropy': 10.824450492858887}, {'step': 34, 'avg_l2_distance': 2.344208240509033, 'avg_kl_divergence': 11.138407707214355, 'entropy': 10.824395179748535}, {'step': 35, 'avg_l2_distance': 2.344208240509033, 'avg_kl_divergence': 11.138407707214355, 'entropy': 10.824331283569336}, {'step': 36, 'avg_l2_distance': 2.344208240509033, 'avg_kl_divergence': 11.138407707214355, 'entropy': 10.824249267578125}, {'step': 37, 'avg_l2_distance': 2.344208240509033, 'avg_kl_divergence': 11.138407707214355, 'entropy': 10.824150085449219}, {'step': 38, 'avg_l2_distance': 2.344208240509033, 'avg_kl_divergence': 11.138407707214355, 'entropy': 10.824024200439453}, {'step': 39, 'avg_l2_distance': 2.344208240509033, 'avg_kl_divergence': 11.138407707214355, 'entropy': 10.823862075805664}, {'step': 40, 'avg_l2_distance': 2.344208240509033, 'avg_kl_divergence': 11.138407707214355, 'entropy': 10.823649406433105}, {'step': 41, 'avg_l2_distance': 2.344208240509033, 'avg_kl_divergence': 11.138407707214355, 'entropy': 10.823359489440918}, {'step': 42, 'avg_l2_distance': 2.344208240509033, 'avg_kl_divergence': 11.138407707214355, 'entropy': 10.822952270507812}, {'step': 43, 'avg_l2_distance': 2.344208240509033, 'avg_kl_divergence': 11.138407707214355, 'entropy': 10.822352409362793}, {'step': 44, 'avg_l2_distance': 2.2933754920959473, 'avg_kl_divergence': 12.373186111450195, 'entropy': 10.821417808532715}, {'step': 45, 'avg_l2_distance': 2.2933754920959473, 'avg_kl_divergence': 12.373186111450195, 'entropy': 10.819531440734863}, {'step': 46, 'avg_l2_distance': 2.2933754920959473, 'avg_kl_divergence': 12.373186111450195, 'entropy': 10.816349029541016}, {'step': 47, 'avg_l2_distance': 2.2933754920959473, 'avg_kl_divergence': 12.373186111450195, 'entropy': 10.808883666992188}, {'step': 48, 'avg_l2_distance': 2.2933754920959473, 'avg_kl_divergence': 12.373186111450195, 'entropy': 10.782745361328125}, {'step': 49, 'avg_l2_distance': 2.2933754920959473, 'avg_kl_divergence': 12.373186111450195, 'entropy': 10.370122909545898}]",2.2933754920959473,12.373186111450195,0.0
185,policy,True,"[{'step': 0, 'avg_l2_distance': 2.875824451446533, 'avg_kl_divergence': 0.31832587718963623, 'entropy': 10.824833869934082}, {'step': 1, 'avg_l2_distance': 2.875824451446533, 'avg_kl_divergence': 0.31832587718963623, 'entropy': 10.824836730957031}, {'step': 2, 'avg_l2_distance': 2.875824451446533, 'avg_kl_divergence': 0.31832587718963623, 'entropy': 10.824835777282715}, {'step': 3, 'avg_l2_distance': 2.875824451446533, 'avg_kl_divergence': 0.31832587718963623, 'entropy': 10.824832916259766}, {'step': 4, 'avg_l2_distance': 2.875824451446533, 'avg_kl_divergence': 0.31832587718963623, 'entropy': 10.82483196258545}, {'step': 5, 'avg_l2_distance': 2.875824451446533, 'avg_kl_divergence': 0.31832587718963623, 'entropy': 10.824830055236816}, {'step': 6, 'avg_l2_distance': 2.875824451446533, 'avg_kl_divergence': 0.31832587718963623, 'entropy': 10.8248291015625}, {'step': 7, 'avg_l2_distance': 2.875824451446533, 'avg_kl_divergence': 0.31832587718963623, 'entropy': 10.824827194213867}, {'step': 8, 'avg_l2_distance': 2.875824451446533, 'avg_kl_divergence': 0.31832587718963623, 'entropy': 10.824823379516602}, {'step': 9, 'avg_l2_distance': 2.875824451446533, 'avg_kl_divergence': 0.31832587718963623, 'entropy': 10.824822425842285}, {'step': 10, 'avg_l2_distance': 2.875824451446533, 'avg_kl_divergence': 0.31832587718963623, 'entropy': 10.824819564819336}, {'step': 11, 'avg_l2_distance': 2.875824451446533, 'avg_kl_divergence': 0.31832587718963623, 'entropy': 10.824816703796387}, {'step': 12, 'avg_l2_distance': 2.875824451446533, 'avg_kl_divergence': 0.31832587718963623, 'entropy': 10.824813842773438}, {'step': 13, 'avg_l2_distance': 2.875824451446533, 'avg_kl_divergence': 0.31832587718963623, 'entropy': 10.824811935424805}, {'step': 14, 'avg_l2_distance': 2.875824451446533, 'avg_kl_divergence': 0.31832587718963623, 'entropy': 10.824808120727539}, {'step': 15, 'avg_l2_distance': 2.875824451446533, 'avg_kl_divergence': 0.31832587718963623, 'entropy': 10.824804306030273}, {'step': 16, 'avg_l2_distance': 2.875824451446533, 'avg_kl_divergence': 0.31832587718963623, 'entropy': 10.824800491333008}, {'step': 17, 'avg_l2_distance': 2.875824451446533, 'avg_kl_divergence': 0.31832587718963623, 'entropy': 10.824793815612793}, {'step': 18, 'avg_l2_distance': 2.875824451446533, 'avg_kl_divergence': 0.31832587718963623, 'entropy': 10.824790954589844}, {'step': 19, 'avg_l2_distance': 2.875824451446533, 'avg_kl_divergence': 0.31832587718963623, 'entropy': 10.824785232543945}, {'step': 20, 'avg_l2_distance': 2.875824451446533, 'avg_kl_divergence': 0.31832587718963623, 'entropy': 10.824779510498047}, {'step': 21, 'avg_l2_distance': 2.875824451446533, 'avg_kl_divergence': 0.31832587718963623, 'entropy': 10.824771881103516}, {'step': 22, 'avg_l2_distance': 2.875824451446533, 'avg_kl_divergence': 0.31832587718963623, 'entropy': 10.824764251708984}, {'step': 23, 'avg_l2_distance': 2.875824451446533, 'avg_kl_divergence': 0.31832587718963623, 'entropy': 10.824755668640137}, {'step': 24, 'avg_l2_distance': 2.875824451446533, 'avg_kl_divergence': 0.31832587718963623, 'entropy': 10.824745178222656}, {'step': 25, 'avg_l2_distance': 2.875824451446533, 'avg_kl_divergence': 0.31832587718963623, 'entropy': 10.824735641479492}, {'step': 26, 'avg_l2_distance': 2.875824451446533, 'avg_kl_divergence': 0.31832587718963623, 'entropy': 10.824724197387695}, {'step': 27, 'avg_l2_distance': 2.875824451446533, 'avg_kl_divergence': 0.31832587718963623, 'entropy': 10.824708938598633}, {'step': 28, 'avg_l2_distance': 2.875824451446533, 'avg_kl_divergence': 0.31832587718963623, 'entropy': 10.82469367980957}, {'step': 29, 'avg_l2_distance': 2.875824451446533, 'avg_kl_divergence': 0.31832587718963623, 'entropy': 10.824676513671875}, {'step': 30, 'avg_l2_distance': 2.875824451446533, 'avg_kl_divergence': 0.31832587718963623, 'entropy': 10.824653625488281}, {'step': 31, 'avg_l2_distance': 2.875824451446533, 'avg_kl_divergence': 0.31832587718963623, 'entropy': 10.824628829956055}, {'step': 32, 'avg_l2_distance': 2.875824451446533, 'avg_kl_divergence': 0.31832587718963623, 'entropy': 10.824600219726562}, {'step': 33, 'avg_l2_distance': 2.875824451446533, 'avg_kl_divergence': 0.31832587718963623, 'entropy': 10.824563980102539}, {'step': 34, 'avg_l2_distance': 2.875824451446533, 'avg_kl_divergence': 0.31832587718963623, 'entropy': 10.82452392578125}, {'step': 35, 'avg_l2_distance': 2.875824451446533, 'avg_kl_divergence': 0.31832587718963623, 'entropy': 10.824472427368164}, {'step': 36, 'avg_l2_distance': 2.875824451446533, 'avg_kl_divergence': 0.31832587718963623, 'entropy': 10.824409484863281}, {'step': 37, 'avg_l2_distance': 2.875824451446533, 'avg_kl_divergence': 0.31832587718963623, 'entropy': 10.824331283569336}, {'step': 38, 'avg_l2_distance': 2.875824451446533, 'avg_kl_divergence': 0.31832587718963623, 'entropy': 10.824230194091797}, {'step': 39, 'avg_l2_distance': 2.875824451446533, 'avg_kl_divergence': 0.31832587718963623, 'entropy': 10.824102401733398}, {'step': 40, 'avg_l2_distance': 2.875824451446533, 'avg_kl_divergence': 0.31832587718963623, 'entropy': 10.823931694030762}, {'step': 41, 'avg_l2_distance': 2.875824451446533, 'avg_kl_divergence': 0.31832587718963623, 'entropy': 10.823698043823242}, {'step': 42, 'avg_l2_distance': 2.875824451446533, 'avg_kl_divergence': 0.31832587718963623, 'entropy': 10.82336711883545}, {'step': 43, 'avg_l2_distance': 2.875824451446533, 'avg_kl_divergence': 0.31832587718963623, 'entropy': 10.822877883911133}, {'step': 44, 'avg_l2_distance': 2.875824451446533, 'avg_kl_divergence': 0.31832587718963623, 'entropy': 10.822107315063477}, {'step': 45, 'avg_l2_distance': 2.875824451446533, 'avg_kl_divergence': 0.31832587718963623, 'entropy': 10.82078742980957}, {'step': 46, 'avg_l2_distance': 2.875824451446533, 'avg_kl_divergence': 0.31832587718963623, 'entropy': 10.818230628967285}, {'step': 47, 'avg_l2_distance': 2.875824451446533, 'avg_kl_divergence': 0.31832587718963623, 'entropy': 10.812138557434082}, {'step': 48, 'avg_l2_distance': 2.875824451446533, 'avg_kl_divergence': 0.31832587718963623, 'entropy': 10.790143966674805}, {'step': 49, 'avg_l2_distance': 2.875824451446533, 'avg_kl_divergence': 0.31832587718963623, 'entropy': 10.163159370422363}]",2.875824451446533,0.31832587718963623,0.0
186,policy,True,"[{'step': 0, 'avg_l2_distance': 2.674837350845337, 'avg_kl_divergence': 6.579656600952148, 'entropy': 10.824823379516602}, {'step': 1, 'avg_l2_distance': 2.674837350845337, 'avg_kl_divergence': 6.579656600952148, 'entropy': 10.824821472167969}, {'step': 2, 'avg_l2_distance': 2.674837350845337, 'avg_kl_divergence': 6.579656600952148, 'entropy': 10.824819564819336}, {'step': 3, 'avg_l2_distance': 2.674837350845337, 'avg_kl_divergence': 6.579656600952148, 'entropy': 10.824817657470703}, {'step': 4, 'avg_l2_distance': 2.674837350845337, 'avg_kl_divergence': 6.579656600952148, 'entropy': 10.82481575012207}, {'step': 5, 'avg_l2_distance': 2.674837350845337, 'avg_kl_divergence': 6.579656600952148, 'entropy': 10.824811935424805}, {'step': 6, 'avg_l2_distance': 2.674837350845337, 'avg_kl_divergence': 6.579656600952148, 'entropy': 10.824810028076172}, {'step': 7, 'avg_l2_distance': 2.674837350845337, 'avg_kl_divergence': 6.579656600952148, 'entropy': 10.824807167053223}, {'step': 8, 'avg_l2_distance': 2.674837350845337, 'avg_kl_divergence': 6.579656600952148, 'entropy': 10.824804306030273}, {'step': 9, 'avg_l2_distance': 2.674837350845337, 'avg_kl_divergence': 6.579656600952148, 'entropy': 10.824800491333008}, {'step': 10, 'avg_l2_distance': 2.646287202835083, 'avg_kl_divergence': 7.826453685760498, 'entropy': 10.824796676635742}, {'step': 11, 'avg_l2_distance': 2.646287202835083, 'avg_kl_divergence': 7.826453685760498, 'entropy': 10.824738502502441}, {'step': 12, 'avg_l2_distance': 2.646287202835083, 'avg_kl_divergence': 7.826453685760498, 'entropy': 10.824732780456543}, {'step': 13, 'avg_l2_distance': 2.646287202835083, 'avg_kl_divergence': 7.826453685760498, 'entropy': 10.824726104736328}, {'step': 14, 'avg_l2_distance': 2.646287202835083, 'avg_kl_divergence': 7.826453685760498, 'entropy': 10.824719429016113}, {'step': 15, 'avg_l2_distance': 2.646287202835083, 'avg_kl_divergence': 7.826453685760498, 'entropy': 10.824711799621582}, {'step': 16, 'avg_l2_distance': 2.646287202835083, 'avg_kl_divergence': 7.826453685760498, 'entropy': 10.824703216552734}, {'step': 17, 'avg_l2_distance': 2.646287202835083, 'avg_kl_divergence': 7.826453685760498, 'entropy': 10.82469367980957}, {'step': 18, 'avg_l2_distance': 2.646287202835083, 'avg_kl_divergence': 7.826453685760498, 'entropy': 10.824685096740723}, {'step': 19, 'avg_l2_distance': 2.646287202835083, 'avg_kl_divergence': 7.826453685760498, 'entropy': 10.82467269897461}, {'step': 20, 'avg_l2_distance': 2.646287202835083, 'avg_kl_divergence': 7.826453685760498, 'entropy': 10.824660301208496}, {'step': 21, 'avg_l2_distance': 2.646287202835083, 'avg_kl_divergence': 7.826453685760498, 'entropy': 10.824647903442383}, {'step': 22, 'avg_l2_distance': 2.646287202835083, 'avg_kl_divergence': 7.826453685760498, 'entropy': 10.82463264465332}, {'step': 23, 'avg_l2_distance': 2.646287202835083, 'avg_kl_divergence': 7.826453685760498, 'entropy': 10.824617385864258}, {'step': 24, 'avg_l2_distance': 2.646287202835083, 'avg_kl_divergence': 7.826453685760498, 'entropy': 10.824599266052246}, {'step': 25, 'avg_l2_distance': 2.646287202835083, 'avg_kl_divergence': 7.826453685760498, 'entropy': 10.824577331542969}, {'step': 26, 'avg_l2_distance': 2.646287202835083, 'avg_kl_divergence': 7.826453685760498, 'entropy': 10.824554443359375}, {'step': 27, 'avg_l2_distance': 2.646287202835083, 'avg_kl_divergence': 7.826453685760498, 'entropy': 10.824530601501465}, {'step': 28, 'avg_l2_distance': 2.646287202835083, 'avg_kl_divergence': 7.826453685760498, 'entropy': 10.824499130249023}, {'step': 29, 'avg_l2_distance': 2.646287202835083, 'avg_kl_divergence': 7.826453685760498, 'entropy': 10.824467658996582}, {'step': 30, 'avg_l2_distance': 2.646287202835083, 'avg_kl_divergence': 7.826453685760498, 'entropy': 10.82442855834961}, {'step': 31, 'avg_l2_distance': 2.646287202835083, 'avg_kl_divergence': 7.826453685760498, 'entropy': 10.824382781982422}, {'step': 32, 'avg_l2_distance': 2.646287202835083, 'avg_kl_divergence': 7.826453685760498, 'entropy': 10.824331283569336}, {'step': 33, 'avg_l2_distance': 2.646287202835083, 'avg_kl_divergence': 7.826453685760498, 'entropy': 10.824270248413086}, {'step': 34, 'avg_l2_distance': 2.646287202835083, 'avg_kl_divergence': 7.826453685760498, 'entropy': 10.824195861816406}, {'step': 35, 'avg_l2_distance': 1.9648345708847046, 'avg_kl_divergence': 0.18124283850193024, 'entropy': 10.82410717010498}, {'step': 36, 'avg_l2_distance': 1.9648345708847046, 'avg_kl_divergence': 0.18124283850193024, 'entropy': 10.824185371398926}, {'step': 37, 'avg_l2_distance': 1.9648345708847046, 'avg_kl_divergence': 0.18124283850193024, 'entropy': 10.824081420898438}, {'step': 38, 'avg_l2_distance': 1.9648345708847046, 'avg_kl_divergence': 0.18124283850193024, 'entropy': 10.823951721191406}, {'step': 39, 'avg_l2_distance': 1.9648345708847046, 'avg_kl_divergence': 0.18124283850193024, 'entropy': 10.823781967163086}, {'step': 40, 'avg_l2_distance': 1.9648345708847046, 'avg_kl_divergence': 0.18124283850193024, 'entropy': 10.823561668395996}, {'step': 41, 'avg_l2_distance': 2.4097282886505127, 'avg_kl_divergence': 2.2539868354797363, 'entropy': 10.823263168334961}, {'step': 42, 'avg_l2_distance': 2.4097282886505127, 'avg_kl_divergence': 2.2539868354797363, 'entropy': 10.822195053100586}, {'step': 43, 'avg_l2_distance': 2.4097282886505127, 'avg_kl_divergence': 2.2539868354797363, 'entropy': 10.821441650390625}, {'step': 44, 'avg_l2_distance': 2.4097282886505127, 'avg_kl_divergence': 2.2539868354797363, 'entropy': 10.820276260375977}, {'step': 45, 'avg_l2_distance': 2.4097282886505127, 'avg_kl_divergence': 2.2539868354797363, 'entropy': 10.818318367004395}, {'step': 46, 'avg_l2_distance': 2.4097282886505127, 'avg_kl_divergence': 2.2539868354797363, 'entropy': 10.814590454101562}, {'step': 47, 'avg_l2_distance': 2.4097282886505127, 'avg_kl_divergence': 2.2539868354797363, 'entropy': 10.805877685546875}, {'step': 48, 'avg_l2_distance': 2.4097282886505127, 'avg_kl_divergence': 2.2539868354797363, 'entropy': 10.775390625}, {'step': 49, 'avg_l2_distance': 2.4097282886505127, 'avg_kl_divergence': 2.2539868354797363, 'entropy': 10.327341079711914}]",2.4097282886505127,2.2539868354797363,0.0
187,policy,True,"[{'step': 0, 'avg_l2_distance': 2.6536612510681152, 'avg_kl_divergence': 7.591772079467773, 'entropy': 10.824790000915527}, {'step': 1, 'avg_l2_distance': 2.1367549896240234, 'avg_kl_divergence': 7.921231269836426, 'entropy': 10.824825286865234}, {'step': 2, 'avg_l2_distance': 2.1367549896240234, 'avg_kl_divergence': 7.921231269836426, 'entropy': 10.824678421020508}, {'step': 3, 'avg_l2_distance': 2.509592294692993, 'avg_kl_divergence': 15.681594848632812, 'entropy': 10.824674606323242}, {'step': 4, 'avg_l2_distance': 2.696228265762329, 'avg_kl_divergence': 7.758914947509766, 'entropy': 10.824779510498047}, {'step': 5, 'avg_l2_distance': 2.6850969791412354, 'avg_kl_divergence': 9.633068084716797, 'entropy': 10.824821472167969}, {'step': 6, 'avg_l2_distance': 2.6850969791412354, 'avg_kl_divergence': 9.633068084716797, 'entropy': 10.824819564819336}, {'step': 7, 'avg_l2_distance': 2.6850969791412354, 'avg_kl_divergence': 9.633068084716797, 'entropy': 10.824816703796387}, {'step': 8, 'avg_l2_distance': 2.6850969791412354, 'avg_kl_divergence': 9.633068084716797, 'entropy': 10.824813842773438}, {'step': 9, 'avg_l2_distance': 2.6850969791412354, 'avg_kl_divergence': 9.633068084716797, 'entropy': 10.824811935424805}, {'step': 10, 'avg_l2_distance': 2.6850969791412354, 'avg_kl_divergence': 9.633068084716797, 'entropy': 10.824808120727539}, {'step': 11, 'avg_l2_distance': 2.5664753913879395, 'avg_kl_divergence': 8.623251914978027, 'entropy': 10.824804306030273}, {'step': 12, 'avg_l2_distance': 2.5664753913879395, 'avg_kl_divergence': 8.623251914978027, 'entropy': 10.824772834777832}, {'step': 13, 'avg_l2_distance': 2.5664753913879395, 'avg_kl_divergence': 8.623251914978027, 'entropy': 10.824767112731934}, {'step': 14, 'avg_l2_distance': 2.5664753913879395, 'avg_kl_divergence': 8.623251914978027, 'entropy': 10.824761390686035}, {'step': 15, 'avg_l2_distance': 2.5664753913879395, 'avg_kl_divergence': 8.623251914978027, 'entropy': 10.824755668640137}, {'step': 16, 'avg_l2_distance': 2.5664753913879395, 'avg_kl_divergence': 8.623251914978027, 'entropy': 10.824748992919922}, {'step': 17, 'avg_l2_distance': 2.5664753913879395, 'avg_kl_divergence': 8.623251914978027, 'entropy': 10.82474136352539}, {'step': 18, 'avg_l2_distance': 2.5664753913879395, 'avg_kl_divergence': 8.623251914978027, 'entropy': 10.82473373413086}, {'step': 19, 'avg_l2_distance': 2.5664753913879395, 'avg_kl_divergence': 8.623251914978027, 'entropy': 10.824724197387695}, {'step': 20, 'avg_l2_distance': 2.5664753913879395, 'avg_kl_divergence': 8.623251914978027, 'entropy': 10.824715614318848}, {'step': 21, 'avg_l2_distance': 2.5664753913879395, 'avg_kl_divergence': 8.623251914978027, 'entropy': 10.824705123901367}, {'step': 22, 'avg_l2_distance': 2.5664753913879395, 'avg_kl_divergence': 8.623251914978027, 'entropy': 10.82469367980957}, {'step': 23, 'avg_l2_distance': 2.5664753913879395, 'avg_kl_divergence': 8.623251914978027, 'entropy': 10.824681282043457}, {'step': 24, 'avg_l2_distance': 2.5664753913879395, 'avg_kl_divergence': 8.623251914978027, 'entropy': 10.824666976928711}, {'step': 25, 'avg_l2_distance': 2.5664753913879395, 'avg_kl_divergence': 8.623251914978027, 'entropy': 10.8246488571167}, {'step': 26, 'avg_l2_distance': 2.5664753913879395, 'avg_kl_divergence': 8.623251914978027, 'entropy': 10.824630737304688}, {'step': 27, 'avg_l2_distance': 2.5664753913879395, 'avg_kl_divergence': 8.623251914978027, 'entropy': 10.824609756469727}, {'step': 28, 'avg_l2_distance': 2.5664753913879395, 'avg_kl_divergence': 8.623251914978027, 'entropy': 10.8245849609375}, {'step': 29, 'avg_l2_distance': 2.5664753913879395, 'avg_kl_divergence': 8.623251914978027, 'entropy': 10.82455825805664}, {'step': 30, 'avg_l2_distance': 2.5664753913879395, 'avg_kl_divergence': 8.623251914978027, 'entropy': 10.8245267868042}, {'step': 31, 'avg_l2_distance': 2.5664753913879395, 'avg_kl_divergence': 8.623251914978027, 'entropy': 10.824491500854492}, {'step': 32, 'avg_l2_distance': 2.5664753913879395, 'avg_kl_divergence': 8.623251914978027, 'entropy': 10.824447631835938}, {'step': 33, 'avg_l2_distance': 2.5664753913879395, 'avg_kl_divergence': 8.623251914978027, 'entropy': 10.824398040771484}, {'step': 34, 'avg_l2_distance': 2.5664753913879395, 'avg_kl_divergence': 8.623251914978027, 'entropy': 10.824336051940918}, {'step': 35, 'avg_l2_distance': 2.5664753913879395, 'avg_kl_divergence': 8.623251914978027, 'entropy': 10.824264526367188}, {'step': 36, 'avg_l2_distance': 2.5664753913879395, 'avg_kl_divergence': 8.623251914978027, 'entropy': 10.824176788330078}, {'step': 37, 'avg_l2_distance': 2.5664753913879395, 'avg_kl_divergence': 8.623251914978027, 'entropy': 10.824068069458008}, {'step': 38, 'avg_l2_distance': 2.5664753913879395, 'avg_kl_divergence': 8.623251914978027, 'entropy': 10.823930740356445}, {'step': 39, 'avg_l2_distance': 2.5664753913879395, 'avg_kl_divergence': 8.623251914978027, 'entropy': 10.823753356933594}, {'step': 40, 'avg_l2_distance': 2.5664753913879395, 'avg_kl_divergence': 8.623251914978027, 'entropy': 10.823519706726074}, {'step': 41, 'avg_l2_distance': 2.5664753913879395, 'avg_kl_divergence': 8.623251914978027, 'entropy': 10.823205947875977}, {'step': 42, 'avg_l2_distance': 2.5664753913879395, 'avg_kl_divergence': 8.623251914978027, 'entropy': 10.822766304016113}, {'step': 43, 'avg_l2_distance': 2.5664753913879395, 'avg_kl_divergence': 8.623251914978027, 'entropy': 10.82211971282959}, {'step': 44, 'avg_l2_distance': 2.5664753913879395, 'avg_kl_divergence': 8.623251914978027, 'entropy': 10.821111679077148}, {'step': 45, 'avg_l2_distance': 2.5664753913879395, 'avg_kl_divergence': 8.623251914978027, 'entropy': 10.819409370422363}, {'step': 46, 'avg_l2_distance': 2.5664753913879395, 'avg_kl_divergence': 8.623251914978027, 'entropy': 10.816152572631836}, {'step': 47, 'avg_l2_distance': 2.5664753913879395, 'avg_kl_divergence': 8.623251914978027, 'entropy': 10.808520317077637}, {'step': 48, 'avg_l2_distance': 2.5664753913879395, 'avg_kl_divergence': 8.623251914978027, 'entropy': 10.78183364868164}, {'step': 49, 'avg_l2_distance': 2.5664753913879395, 'avg_kl_divergence': 8.623251914978027, 'entropy': 10.348407745361328}]",2.5664753913879395,8.623251914978027,0.0
188,policy,True,"[{'step': 0, 'avg_l2_distance': 2.8393118381500244, 'avg_kl_divergence': 5.519582271575928, 'entropy': 10.82481861114502}, {'step': 1, 'avg_l2_distance': 2.8393118381500244, 'avg_kl_divergence': 5.519582271575928, 'entropy': 10.824816703796387}, {'step': 2, 'avg_l2_distance': 2.8393118381500244, 'avg_kl_divergence': 5.519582271575928, 'entropy': 10.824814796447754}, {'step': 3, 'avg_l2_distance': 2.8393118381500244, 'avg_kl_divergence': 5.519582271575928, 'entropy': 10.824813842773438}, {'step': 4, 'avg_l2_distance': 2.2880382537841797, 'avg_kl_divergence': 1.179801344871521, 'entropy': 10.824810028076172}, {'step': 5, 'avg_l2_distance': 2.2880382537841797, 'avg_kl_divergence': 1.179801344871521, 'entropy': 10.824804306030273}, {'step': 6, 'avg_l2_distance': 2.2880382537841797, 'avg_kl_divergence': 1.179801344871521, 'entropy': 10.82480239868164}, {'step': 7, 'avg_l2_distance': 2.2880382537841797, 'avg_kl_divergence': 1.179801344871521, 'entropy': 10.824798583984375}, {'step': 8, 'avg_l2_distance': 2.2880382537841797, 'avg_kl_divergence': 1.179801344871521, 'entropy': 10.82479476928711}, {'step': 9, 'avg_l2_distance': 2.2880382537841797, 'avg_kl_divergence': 1.179801344871521, 'entropy': 10.82479190826416}, {'step': 10, 'avg_l2_distance': 2.2880382537841797, 'avg_kl_divergence': 1.179801344871521, 'entropy': 10.824787139892578}, {'step': 11, 'avg_l2_distance': 2.2880382537841797, 'avg_kl_divergence': 1.179801344871521, 'entropy': 10.824783325195312}, {'step': 12, 'avg_l2_distance': 2.2880382537841797, 'avg_kl_divergence': 1.179801344871521, 'entropy': 10.824779510498047}, {'step': 13, 'avg_l2_distance': 2.2880382537841797, 'avg_kl_divergence': 1.179801344871521, 'entropy': 10.824773788452148}, {'step': 14, 'avg_l2_distance': 2.2880382537841797, 'avg_kl_divergence': 1.179801344871521, 'entropy': 10.824769020080566}, {'step': 15, 'avg_l2_distance': 2.2880382537841797, 'avg_kl_divergence': 1.179801344871521, 'entropy': 10.824762344360352}, {'step': 16, 'avg_l2_distance': 2.2880382537841797, 'avg_kl_divergence': 1.179801344871521, 'entropy': 10.824756622314453}, {'step': 17, 'avg_l2_distance': 2.2880382537841797, 'avg_kl_divergence': 1.179801344871521, 'entropy': 10.824749946594238}, {'step': 18, 'avg_l2_distance': 2.2880382537841797, 'avg_kl_divergence': 1.179801344871521, 'entropy': 10.824743270874023}, {'step': 19, 'avg_l2_distance': 2.2880382537841797, 'avg_kl_divergence': 1.179801344871521, 'entropy': 10.82473373413086}, {'step': 20, 'avg_l2_distance': 2.2880382537841797, 'avg_kl_divergence': 1.179801344871521, 'entropy': 10.824725151062012}, {'step': 21, 'avg_l2_distance': 2.2374107837677, 'avg_kl_divergence': 1.3198860883712769, 'entropy': 10.824714660644531}, {'step': 22, 'avg_l2_distance': 2.2374107837677, 'avg_kl_divergence': 1.3198860883712769, 'entropy': 10.824711799621582}, {'step': 23, 'avg_l2_distance': 2.2374107837677, 'avg_kl_divergence': 1.3198860883712769, 'entropy': 10.824700355529785}, {'step': 24, 'avg_l2_distance': 2.2374107837677, 'avg_kl_divergence': 1.3198860883712769, 'entropy': 10.824685096740723}, {'step': 25, 'avg_l2_distance': 2.2374107837677, 'avg_kl_divergence': 1.3198860883712769, 'entropy': 10.82466983795166}, {'step': 26, 'avg_l2_distance': 2.2374107837677, 'avg_kl_divergence': 1.3198860883712769, 'entropy': 10.824653625488281}, {'step': 27, 'avg_l2_distance': 2.2374107837677, 'avg_kl_divergence': 1.3198860883712769, 'entropy': 10.824631690979004}, {'step': 28, 'avg_l2_distance': 2.2374107837677, 'avg_kl_divergence': 1.3198860883712769, 'entropy': 10.824607849121094}, {'step': 29, 'avg_l2_distance': 2.2374107837677, 'avg_kl_divergence': 1.3198860883712769, 'entropy': 10.824583053588867}, {'step': 30, 'avg_l2_distance': 2.2374107837677, 'avg_kl_divergence': 1.3198860883712769, 'entropy': 10.824552536010742}, {'step': 31, 'avg_l2_distance': 2.2374107837677, 'avg_kl_divergence': 1.3198860883712769, 'entropy': 10.824516296386719}, {'step': 32, 'avg_l2_distance': 2.2374107837677, 'avg_kl_divergence': 1.3198860883712769, 'entropy': 10.824474334716797}, {'step': 33, 'avg_l2_distance': 2.2374107837677, 'avg_kl_divergence': 1.3198860883712769, 'entropy': 10.824422836303711}, {'step': 34, 'avg_l2_distance': 2.2374107837677, 'avg_kl_divergence': 1.3198860883712769, 'entropy': 10.824363708496094}, {'step': 35, 'avg_l2_distance': 2.2374107837677, 'avg_kl_divergence': 1.3198860883712769, 'entropy': 10.82429313659668}, {'step': 36, 'avg_l2_distance': 2.2374107837677, 'avg_kl_divergence': 1.3198860883712769, 'entropy': 10.82420539855957}, {'step': 37, 'avg_l2_distance': 2.2374107837677, 'avg_kl_divergence': 1.3198860883712769, 'entropy': 10.824094772338867}, {'step': 38, 'avg_l2_distance': 2.2374107837677, 'avg_kl_divergence': 1.3198860883712769, 'entropy': 10.823956489562988}, {'step': 39, 'avg_l2_distance': 1.3781379461288452, 'avg_kl_divergence': 0.04336991161108017, 'entropy': 10.823777198791504}, {'step': 40, 'avg_l2_distance': 1.3781379461288452, 'avg_kl_divergence': 0.04336991161108017, 'entropy': 10.823586463928223}, {'step': 41, 'avg_l2_distance': 1.3781379461288452, 'avg_kl_divergence': 0.04336991161108017, 'entropy': 10.823293685913086}, {'step': 42, 'avg_l2_distance': 1.3781379461288452, 'avg_kl_divergence': 0.04336991161108017, 'entropy': 10.822881698608398}, {'step': 43, 'avg_l2_distance': 1.3781379461288452, 'avg_kl_divergence': 0.04336991161108017, 'entropy': 10.822275161743164}, {'step': 44, 'avg_l2_distance': 1.3781379461288452, 'avg_kl_divergence': 0.04336991161108017, 'entropy': 10.821331977844238}, {'step': 45, 'avg_l2_distance': 1.3781379461288452, 'avg_kl_divergence': 0.04336991161108017, 'entropy': 10.819727897644043}, {'step': 46, 'avg_l2_distance': 1.3781379461288452, 'avg_kl_divergence': 0.04336991161108017, 'entropy': 10.816638946533203}, {'step': 47, 'avg_l2_distance': 1.3781379461288452, 'avg_kl_divergence': 0.04336991161108017, 'entropy': 10.80931282043457}, {'step': 48, 'avg_l2_distance': 1.3781379461288452, 'avg_kl_divergence': 0.04336991161108017, 'entropy': 10.782943725585938}, {'step': 49, 'avg_l2_distance': 1.3781379461288452, 'avg_kl_divergence': 0.04336991161108017, 'entropy': 10.296027183532715}]",1.3781379461288452,0.04336991161108017,0.0
189,policy,True,"[{'step': 0, 'avg_l2_distance': 2.5359132289886475, 'avg_kl_divergence': 5.108370780944824, 'entropy': 10.8248291015625}, {'step': 1, 'avg_l2_distance': 2.644080400466919, 'avg_kl_divergence': 1.0933574438095093, 'entropy': 10.82482624053955}, {'step': 2, 'avg_l2_distance': 2.644080400466919, 'avg_kl_divergence': 1.0933574438095093, 'entropy': 10.824831008911133}, {'step': 3, 'avg_l2_distance': 2.644080400466919, 'avg_kl_divergence': 1.0933574438095093, 'entropy': 10.8248291015625}, {'step': 4, 'avg_l2_distance': 2.644080400466919, 'avg_kl_divergence': 1.0933574438095093, 'entropy': 10.824827194213867}, {'step': 5, 'avg_l2_distance': 2.644080400466919, 'avg_kl_divergence': 1.0933574438095093, 'entropy': 10.824825286865234}, {'step': 6, 'avg_l2_distance': 2.644080400466919, 'avg_kl_divergence': 1.0933574438095093, 'entropy': 10.824822425842285}, {'step': 7, 'avg_l2_distance': 2.644080400466919, 'avg_kl_divergence': 1.0933574438095093, 'entropy': 10.824821472167969}, {'step': 8, 'avg_l2_distance': 2.644080400466919, 'avg_kl_divergence': 1.0933574438095093, 'entropy': 10.824817657470703}, {'step': 9, 'avg_l2_distance': 2.644080400466919, 'avg_kl_divergence': 1.0933574438095093, 'entropy': 10.824813842773438}, {'step': 10, 'avg_l2_distance': 2.644080400466919, 'avg_kl_divergence': 1.0933574438095093, 'entropy': 10.824811935424805}, {'step': 11, 'avg_l2_distance': 2.644080400466919, 'avg_kl_divergence': 1.0933574438095093, 'entropy': 10.824810028076172}, {'step': 12, 'avg_l2_distance': 2.644080400466919, 'avg_kl_divergence': 1.0933574438095093, 'entropy': 10.824806213378906}, {'step': 13, 'avg_l2_distance': 2.644080400466919, 'avg_kl_divergence': 1.0933574438095093, 'entropy': 10.824800491333008}, {'step': 14, 'avg_l2_distance': 2.644080400466919, 'avg_kl_divergence': 1.0933574438095093, 'entropy': 10.824796676635742}, {'step': 15, 'avg_l2_distance': 2.644080400466919, 'avg_kl_divergence': 1.0933574438095093, 'entropy': 10.824792861938477}, {'step': 16, 'avg_l2_distance': 2.644080400466919, 'avg_kl_divergence': 1.0933574438095093, 'entropy': 10.824787139892578}, {'step': 17, 'avg_l2_distance': 2.644080400466919, 'avg_kl_divergence': 1.0933574438095093, 'entropy': 10.82478141784668}, {'step': 18, 'avg_l2_distance': 2.644080400466919, 'avg_kl_divergence': 1.0933574438095093, 'entropy': 10.824776649475098}, {'step': 19, 'avg_l2_distance': 2.644080400466919, 'avg_kl_divergence': 1.0933574438095093, 'entropy': 10.824769020080566}, {'step': 20, 'avg_l2_distance': 2.644080400466919, 'avg_kl_divergence': 1.0933574438095093, 'entropy': 10.824760437011719}, {'step': 21, 'avg_l2_distance': 2.644080400466919, 'avg_kl_divergence': 1.0933574438095093, 'entropy': 10.824753761291504}, {'step': 22, 'avg_l2_distance': 2.644080400466919, 'avg_kl_divergence': 1.0933574438095093, 'entropy': 10.824743270874023}, {'step': 23, 'avg_l2_distance': 2.644080400466919, 'avg_kl_divergence': 1.0933574438095093, 'entropy': 10.82473373413086}, {'step': 24, 'avg_l2_distance': 2.644080400466919, 'avg_kl_divergence': 1.0933574438095093, 'entropy': 10.824723243713379}, {'step': 25, 'avg_l2_distance': 2.644080400466919, 'avg_kl_divergence': 1.0933574438095093, 'entropy': 10.824708938598633}, {'step': 26, 'avg_l2_distance': 2.644080400466919, 'avg_kl_divergence': 1.0933574438095093, 'entropy': 10.82469367980957}, {'step': 27, 'avg_l2_distance': 2.644080400466919, 'avg_kl_divergence': 1.0933574438095093, 'entropy': 10.824678421020508}, {'step': 28, 'avg_l2_distance': 2.644080400466919, 'avg_kl_divergence': 1.0933574438095093, 'entropy': 10.82465934753418}, {'step': 29, 'avg_l2_distance': 2.644080400466919, 'avg_kl_divergence': 1.0933574438095093, 'entropy': 10.824637413024902}, {'step': 30, 'avg_l2_distance': 2.644080400466919, 'avg_kl_divergence': 1.0933574438095093, 'entropy': 10.82461166381836}, {'step': 31, 'avg_l2_distance': 2.644080400466919, 'avg_kl_divergence': 1.0933574438095093, 'entropy': 10.824583053588867}, {'step': 32, 'avg_l2_distance': 2.644080400466919, 'avg_kl_divergence': 1.0933574438095093, 'entropy': 10.824548721313477}, {'step': 33, 'avg_l2_distance': 2.644080400466919, 'avg_kl_divergence': 1.0933574438095093, 'entropy': 10.824506759643555}, {'step': 34, 'avg_l2_distance': 2.644080400466919, 'avg_kl_divergence': 1.0933574438095093, 'entropy': 10.824457168579102}, {'step': 35, 'avg_l2_distance': 2.644080400466919, 'avg_kl_divergence': 1.0933574438095093, 'entropy': 10.824398040771484}, {'step': 36, 'avg_l2_distance': 2.644080400466919, 'avg_kl_divergence': 1.0933574438095093, 'entropy': 10.824324607849121}, {'step': 37, 'avg_l2_distance': 2.644080400466919, 'avg_kl_divergence': 1.0933574438095093, 'entropy': 10.824233055114746}, {'step': 38, 'avg_l2_distance': 2.608752489089966, 'avg_kl_divergence': 1.203857660293579, 'entropy': 10.824118614196777}, {'step': 39, 'avg_l2_distance': 2.608752489089966, 'avg_kl_divergence': 1.203857660293579, 'entropy': 10.823840141296387}, {'step': 40, 'avg_l2_distance': 2.608752489089966, 'avg_kl_divergence': 1.203857660293579, 'entropy': 10.823638916015625}, {'step': 41, 'avg_l2_distance': 2.608752489089966, 'avg_kl_divergence': 1.203857660293579, 'entropy': 10.823366165161133}, {'step': 42, 'avg_l2_distance': 2.608752489089966, 'avg_kl_divergence': 1.203857660293579, 'entropy': 10.822986602783203}, {'step': 43, 'avg_l2_distance': 2.608752489089966, 'avg_kl_divergence': 1.203857660293579, 'entropy': 10.822429656982422}, {'step': 44, 'avg_l2_distance': 2.608752489089966, 'avg_kl_divergence': 1.203857660293579, 'entropy': 10.821565628051758}, {'step': 45, 'avg_l2_distance': 2.608752489089966, 'avg_kl_divergence': 1.203857660293579, 'entropy': 10.820110321044922}, {'step': 46, 'avg_l2_distance': 2.608752489089966, 'avg_kl_divergence': 1.203857660293579, 'entropy': 10.817331314086914}, {'step': 47, 'avg_l2_distance': 2.608752489089966, 'avg_kl_divergence': 1.203857660293579, 'entropy': 10.810845375061035}, {'step': 48, 'avg_l2_distance': 2.608752489089966, 'avg_kl_divergence': 1.203857660293579, 'entropy': 10.788219451904297}, {'step': 49, 'avg_l2_distance': 2.608752489089966, 'avg_kl_divergence': 1.203857660293579, 'entropy': 10.106473922729492}]",2.608752489089966,1.203857660293579,0.0
190,policy,True,"[{'step': 0, 'avg_l2_distance': 2.462900400161743, 'avg_kl_divergence': 9.167893409729004, 'entropy': 10.8248291015625}, {'step': 1, 'avg_l2_distance': 2.1692187786102295, 'avg_kl_divergence': 10.473200798034668, 'entropy': 10.824827194213867}, {'step': 2, 'avg_l2_distance': 2.1692187786102295, 'avg_kl_divergence': 10.473200798034668, 'entropy': 10.824834823608398}, {'step': 3, 'avg_l2_distance': 2.1692187786102295, 'avg_kl_divergence': 10.473200798034668, 'entropy': 10.824832916259766}, {'step': 4, 'avg_l2_distance': 1.8647446632385254, 'avg_kl_divergence': 9.208517074584961, 'entropy': 10.824831008911133}, {'step': 5, 'avg_l2_distance': 2.229973793029785, 'avg_kl_divergence': 10.639001846313477, 'entropy': 10.824738502502441}, {'step': 6, 'avg_l2_distance': 2.229973793029785, 'avg_kl_divergence': 10.639001846313477, 'entropy': 10.824824333190918}, {'step': 7, 'avg_l2_distance': 2.229973793029785, 'avg_kl_divergence': 10.639001846313477, 'entropy': 10.824822425842285}, {'step': 8, 'avg_l2_distance': 2.229973793029785, 'avg_kl_divergence': 10.639001846313477, 'entropy': 10.824819564819336}, {'step': 9, 'avg_l2_distance': 2.4143693447113037, 'avg_kl_divergence': 10.224462509155273, 'entropy': 10.82481575012207}, {'step': 10, 'avg_l2_distance': 2.4143693447113037, 'avg_kl_divergence': 10.224462509155273, 'entropy': 10.824784278869629}, {'step': 11, 'avg_l2_distance': 2.4143693447113037, 'avg_kl_divergence': 10.224462509155273, 'entropy': 10.824780464172363}, {'step': 12, 'avg_l2_distance': 2.4143693447113037, 'avg_kl_divergence': 10.224462509155273, 'entropy': 10.824774742126465}, {'step': 13, 'avg_l2_distance': 2.4143693447113037, 'avg_kl_divergence': 10.224462509155273, 'entropy': 10.824769973754883}, {'step': 14, 'avg_l2_distance': 2.4143693447113037, 'avg_kl_divergence': 10.224462509155273, 'entropy': 10.8247652053833}, {'step': 15, 'avg_l2_distance': 2.4143693447113037, 'avg_kl_divergence': 10.224462509155273, 'entropy': 10.824760437011719}, {'step': 16, 'avg_l2_distance': 2.4143693447113037, 'avg_kl_divergence': 10.224462509155273, 'entropy': 10.82475471496582}, {'step': 17, 'avg_l2_distance': 2.4143693447113037, 'avg_kl_divergence': 10.224462509155273, 'entropy': 10.824747085571289}, {'step': 18, 'avg_l2_distance': 2.4143693447113037, 'avg_kl_divergence': 10.224462509155273, 'entropy': 10.824739456176758}, {'step': 19, 'avg_l2_distance': 2.4143693447113037, 'avg_kl_divergence': 10.224462509155273, 'entropy': 10.824731826782227}, {'step': 20, 'avg_l2_distance': 2.4143693447113037, 'avg_kl_divergence': 10.224462509155273, 'entropy': 10.824723243713379}, {'step': 21, 'avg_l2_distance': 2.4143693447113037, 'avg_kl_divergence': 10.224462509155273, 'entropy': 10.824712753295898}, {'step': 22, 'avg_l2_distance': 2.4143693447113037, 'avg_kl_divergence': 10.224462509155273, 'entropy': 10.824702262878418}, {'step': 23, 'avg_l2_distance': 2.4143693447113037, 'avg_kl_divergence': 10.224462509155273, 'entropy': 10.824691772460938}, {'step': 24, 'avg_l2_distance': 2.2130308151245117, 'avg_kl_divergence': 7.580102920532227, 'entropy': 10.824677467346191}, {'step': 25, 'avg_l2_distance': 2.2130308151245117, 'avg_kl_divergence': 7.580102920532227, 'entropy': 10.824691772460938}, {'step': 26, 'avg_l2_distance': 2.2130308151245117, 'avg_kl_divergence': 7.580102920532227, 'entropy': 10.824674606323242}, {'step': 27, 'avg_l2_distance': 2.2130308151245117, 'avg_kl_divergence': 7.580102920532227, 'entropy': 10.824655532836914}, {'step': 28, 'avg_l2_distance': 2.2130308151245117, 'avg_kl_divergence': 7.580102920532227, 'entropy': 10.824634552001953}, {'step': 29, 'avg_l2_distance': 2.2130308151245117, 'avg_kl_divergence': 7.580102920532227, 'entropy': 10.824609756469727}, {'step': 30, 'avg_l2_distance': 2.2130308151245117, 'avg_kl_divergence': 7.580102920532227, 'entropy': 10.824580192565918}, {'step': 31, 'avg_l2_distance': 2.2130308151245117, 'avg_kl_divergence': 7.580102920532227, 'entropy': 10.824545860290527}, {'step': 32, 'avg_l2_distance': 2.2130308151245117, 'avg_kl_divergence': 7.580102920532227, 'entropy': 10.824505805969238}, {'step': 33, 'avg_l2_distance': 2.2130308151245117, 'avg_kl_divergence': 7.580102920532227, 'entropy': 10.824459075927734}, {'step': 34, 'avg_l2_distance': 2.2130308151245117, 'avg_kl_divergence': 7.580102920532227, 'entropy': 10.82440185546875}, {'step': 35, 'avg_l2_distance': 2.2130308151245117, 'avg_kl_divergence': 7.580102920532227, 'entropy': 10.824331283569336}, {'step': 36, 'avg_l2_distance': 2.2130308151245117, 'avg_kl_divergence': 7.580102920532227, 'entropy': 10.824247360229492}, {'step': 37, 'avg_l2_distance': 2.2130308151245117, 'avg_kl_divergence': 7.580102920532227, 'entropy': 10.824140548706055}, {'step': 38, 'avg_l2_distance': 2.2130308151245117, 'avg_kl_divergence': 7.580102920532227, 'entropy': 10.824006080627441}, {'step': 39, 'avg_l2_distance': 2.2130308151245117, 'avg_kl_divergence': 7.580102920532227, 'entropy': 10.823830604553223}, {'step': 40, 'avg_l2_distance': 2.2130308151245117, 'avg_kl_divergence': 7.580102920532227, 'entropy': 10.823598861694336}, {'step': 41, 'avg_l2_distance': 2.239500045776367, 'avg_kl_divergence': 8.203193664550781, 'entropy': 10.823280334472656}, {'step': 42, 'avg_l2_distance': 2.239500045776367, 'avg_kl_divergence': 8.203193664550781, 'entropy': 10.822879791259766}, {'step': 43, 'avg_l2_distance': 2.239500045776367, 'avg_kl_divergence': 8.203193664550781, 'entropy': 10.822287559509277}, {'step': 44, 'avg_l2_distance': 2.239500045776367, 'avg_kl_divergence': 8.203193664550781, 'entropy': 10.821365356445312}, {'step': 45, 'avg_l2_distance': 2.239500045776367, 'avg_kl_divergence': 8.203193664550781, 'entropy': 10.819808959960938}, {'step': 46, 'avg_l2_distance': 2.239500045776367, 'avg_kl_divergence': 8.203193664550781, 'entropy': 10.816822052001953}, {'step': 47, 'avg_l2_distance': 2.239500045776367, 'avg_kl_divergence': 8.203193664550781, 'entropy': 10.809805870056152}, {'step': 48, 'avg_l2_distance': 2.239500045776367, 'avg_kl_divergence': 8.203193664550781, 'entropy': 10.785144805908203}, {'step': 49, 'avg_l2_distance': 2.239500045776367, 'avg_kl_divergence': 8.203193664550781, 'entropy': 10.416464805603027}]",2.239500045776367,8.203193664550781,0.0
191,policy,True,"[{'step': 0, 'avg_l2_distance': 2.6908602714538574, 'avg_kl_divergence': 4.807909965515137, 'entropy': 10.824772834777832}, {'step': 1, 'avg_l2_distance': 2.518393039703369, 'avg_kl_divergence': 6.138613224029541, 'entropy': 10.824769973754883}, {'step': 2, 'avg_l2_distance': 2.518393039703369, 'avg_kl_divergence': 6.138613224029541, 'entropy': 10.824837684631348}, {'step': 3, 'avg_l2_distance': 2.518393039703369, 'avg_kl_divergence': 6.138613224029541, 'entropy': 10.824834823608398}, {'step': 4, 'avg_l2_distance': 2.518393039703369, 'avg_kl_divergence': 6.138613224029541, 'entropy': 10.824832916259766}, {'step': 5, 'avg_l2_distance': 2.518393039703369, 'avg_kl_divergence': 6.138613224029541, 'entropy': 10.82483196258545}, {'step': 6, 'avg_l2_distance': 2.518393039703369, 'avg_kl_divergence': 6.138613224029541, 'entropy': 10.8248291015625}, {'step': 7, 'avg_l2_distance': 2.518393039703369, 'avg_kl_divergence': 6.138613224029541, 'entropy': 10.82482624053955}, {'step': 8, 'avg_l2_distance': 2.574273109436035, 'avg_kl_divergence': 2.243307590484619, 'entropy': 10.824824333190918}, {'step': 9, 'avg_l2_distance': 2.574273109436035, 'avg_kl_divergence': 2.243307590484619, 'entropy': 10.824756622314453}, {'step': 10, 'avg_l2_distance': 2.574273109436035, 'avg_kl_divergence': 2.243307590484619, 'entropy': 10.824751853942871}, {'step': 11, 'avg_l2_distance': 2.574273109436035, 'avg_kl_divergence': 2.243307590484619, 'entropy': 10.824747085571289}, {'step': 12, 'avg_l2_distance': 2.574273109436035, 'avg_kl_divergence': 2.243307590484619, 'entropy': 10.82474136352539}, {'step': 13, 'avg_l2_distance': 2.574273109436035, 'avg_kl_divergence': 2.243307590484619, 'entropy': 10.824735641479492}, {'step': 14, 'avg_l2_distance': 2.574273109436035, 'avg_kl_divergence': 2.243307590484619, 'entropy': 10.824729919433594}, {'step': 15, 'avg_l2_distance': 2.574273109436035, 'avg_kl_divergence': 2.243307590484619, 'entropy': 10.824722290039062}, {'step': 16, 'avg_l2_distance': 2.574273109436035, 'avg_kl_divergence': 2.243307590484619, 'entropy': 10.824715614318848}, {'step': 17, 'avg_l2_distance': 2.574273109436035, 'avg_kl_divergence': 2.243307590484619, 'entropy': 10.824707984924316}, {'step': 18, 'avg_l2_distance': 2.574273109436035, 'avg_kl_divergence': 2.243307590484619, 'entropy': 10.824699401855469}, {'step': 19, 'avg_l2_distance': 2.574273109436035, 'avg_kl_divergence': 2.243307590484619, 'entropy': 10.824689865112305}, {'step': 20, 'avg_l2_distance': 2.574273109436035, 'avg_kl_divergence': 2.243307590484619, 'entropy': 10.824678421020508}, {'step': 21, 'avg_l2_distance': 2.574273109436035, 'avg_kl_divergence': 2.243307590484619, 'entropy': 10.824666976928711}, {'step': 22, 'avg_l2_distance': 2.574273109436035, 'avg_kl_divergence': 2.243307590484619, 'entropy': 10.824655532836914}, {'step': 23, 'avg_l2_distance': 2.574273109436035, 'avg_kl_divergence': 2.243307590484619, 'entropy': 10.824640274047852}, {'step': 24, 'avg_l2_distance': 2.574273109436035, 'avg_kl_divergence': 2.243307590484619, 'entropy': 10.824625015258789}, {'step': 25, 'avg_l2_distance': 2.574273109436035, 'avg_kl_divergence': 2.243307590484619, 'entropy': 10.824607849121094}, {'step': 26, 'avg_l2_distance': 2.574273109436035, 'avg_kl_divergence': 2.243307590484619, 'entropy': 10.824588775634766}, {'step': 27, 'avg_l2_distance': 2.574273109436035, 'avg_kl_divergence': 2.243307590484619, 'entropy': 10.824565887451172}, {'step': 28, 'avg_l2_distance': 2.574273109436035, 'avg_kl_divergence': 2.243307590484619, 'entropy': 10.824540138244629}, {'step': 29, 'avg_l2_distance': 2.574273109436035, 'avg_kl_divergence': 2.243307590484619, 'entropy': 10.824512481689453}, {'step': 30, 'avg_l2_distance': 2.574273109436035, 'avg_kl_divergence': 2.243307590484619, 'entropy': 10.824478149414062}, {'step': 31, 'avg_l2_distance': 2.574273109436035, 'avg_kl_divergence': 2.243307590484619, 'entropy': 10.824440956115723}, {'step': 32, 'avg_l2_distance': 2.574273109436035, 'avg_kl_divergence': 2.243307590484619, 'entropy': 10.824398040771484}, {'step': 33, 'avg_l2_distance': 2.574273109436035, 'avg_kl_divergence': 2.243307590484619, 'entropy': 10.824346542358398}, {'step': 34, 'avg_l2_distance': 2.574273109436035, 'avg_kl_divergence': 2.243307590484619, 'entropy': 10.824284553527832}, {'step': 35, 'avg_l2_distance': 2.574273109436035, 'avg_kl_divergence': 2.243307590484619, 'entropy': 10.824210166931152}, {'step': 36, 'avg_l2_distance': 2.574273109436035, 'avg_kl_divergence': 2.243307590484619, 'entropy': 10.82412052154541}, {'step': 37, 'avg_l2_distance': 2.574273109436035, 'avg_kl_divergence': 2.243307590484619, 'entropy': 10.824009895324707}, {'step': 38, 'avg_l2_distance': 2.574273109436035, 'avg_kl_divergence': 2.243307590484619, 'entropy': 10.823871612548828}, {'step': 39, 'avg_l2_distance': 2.574273109436035, 'avg_kl_divergence': 2.243307590484619, 'entropy': 10.82369613647461}, {'step': 40, 'avg_l2_distance': 2.574273109436035, 'avg_kl_divergence': 2.243307590484619, 'entropy': 10.82346248626709}, {'step': 41, 'avg_l2_distance': 2.574273109436035, 'avg_kl_divergence': 2.243307590484619, 'entropy': 10.823150634765625}, {'step': 42, 'avg_l2_distance': 2.574273109436035, 'avg_kl_divergence': 2.243307590484619, 'entropy': 10.822713851928711}, {'step': 43, 'avg_l2_distance': 2.574273109436035, 'avg_kl_divergence': 2.243307590484619, 'entropy': 10.822076797485352}, {'step': 44, 'avg_l2_distance': 2.574273109436035, 'avg_kl_divergence': 2.243307590484619, 'entropy': 10.821088790893555}, {'step': 45, 'avg_l2_distance': 2.574273109436035, 'avg_kl_divergence': 2.243307590484619, 'entropy': 10.81942367553711}, {'step': 46, 'avg_l2_distance': 2.574273109436035, 'avg_kl_divergence': 2.243307590484619, 'entropy': 10.81624698638916}, {'step': 47, 'avg_l2_distance': 2.574273109436035, 'avg_kl_divergence': 2.243307590484619, 'entropy': 10.808812141418457}, {'step': 48, 'avg_l2_distance': 2.574273109436035, 'avg_kl_divergence': 2.243307590484619, 'entropy': 10.782730102539062}, {'step': 49, 'avg_l2_distance': 2.574273109436035, 'avg_kl_divergence': 2.243307590484619, 'entropy': 10.332712173461914}]",2.574273109436035,2.243307590484619,0.0
192,policy,True,"[{'step': 0, 'avg_l2_distance': 2.4882383346557617, 'avg_kl_divergence': 11.650712013244629, 'entropy': 10.824782371520996}, {'step': 1, 'avg_l2_distance': 2.3518478870391846, 'avg_kl_divergence': 2.885124444961548, 'entropy': 10.824780464172363}, {'step': 2, 'avg_l2_distance': 2.510936737060547, 'avg_kl_divergence': 11.286373138427734, 'entropy': 10.824819564819336}, {'step': 3, 'avg_l2_distance': 2.3474783897399902, 'avg_kl_divergence': 5.2202863693237305, 'entropy': 10.82478141784668}, {'step': 4, 'avg_l2_distance': 2.500800371170044, 'avg_kl_divergence': 0.8645271062850952, 'entropy': 10.82475471496582}, {'step': 5, 'avg_l2_distance': 2.500800371170044, 'avg_kl_divergence': 0.8645271062850952, 'entropy': 10.82479476928711}, {'step': 6, 'avg_l2_distance': 2.500800371170044, 'avg_kl_divergence': 0.8645271062850952, 'entropy': 10.82479190826416}, {'step': 7, 'avg_l2_distance': 2.500800371170044, 'avg_kl_divergence': 0.8645271062850952, 'entropy': 10.824789047241211}, {'step': 8, 'avg_l2_distance': 2.500800371170044, 'avg_kl_divergence': 0.8645271062850952, 'entropy': 10.824786186218262}, {'step': 9, 'avg_l2_distance': 2.500800371170044, 'avg_kl_divergence': 0.8645271062850952, 'entropy': 10.824782371520996}, {'step': 10, 'avg_l2_distance': 2.500800371170044, 'avg_kl_divergence': 0.8645271062850952, 'entropy': 10.82477855682373}, {'step': 11, 'avg_l2_distance': 2.500800371170044, 'avg_kl_divergence': 0.8645271062850952, 'entropy': 10.824773788452148}, {'step': 12, 'avg_l2_distance': 2.500800371170044, 'avg_kl_divergence': 0.8645271062850952, 'entropy': 10.824769973754883}, {'step': 13, 'avg_l2_distance': 2.477428436279297, 'avg_kl_divergence': 5.301114559173584, 'entropy': 10.8247652053833}, {'step': 14, 'avg_l2_distance': 2.477428436279297, 'avg_kl_divergence': 5.301114559173584, 'entropy': 10.8247652053833}, {'step': 15, 'avg_l2_distance': 2.477428436279297, 'avg_kl_divergence': 5.301114559173584, 'entropy': 10.824759483337402}, {'step': 16, 'avg_l2_distance': 2.477428436279297, 'avg_kl_divergence': 5.301114559173584, 'entropy': 10.824752807617188}, {'step': 17, 'avg_l2_distance': 2.724285125732422, 'avg_kl_divergence': 3.6610612869262695, 'entropy': 10.824747085571289}, {'step': 18, 'avg_l2_distance': 2.724285125732422, 'avg_kl_divergence': 3.6610612869262695, 'entropy': 10.824721336364746}, {'step': 19, 'avg_l2_distance': 2.724285125732422, 'avg_kl_divergence': 3.6610612869262695, 'entropy': 10.824714660644531}, {'step': 20, 'avg_l2_distance': 2.724285125732422, 'avg_kl_divergence': 3.6610612869262695, 'entropy': 10.824707984924316}, {'step': 21, 'avg_l2_distance': 2.724285125732422, 'avg_kl_divergence': 3.6610612869262695, 'entropy': 10.824698448181152}, {'step': 22, 'avg_l2_distance': 2.724285125732422, 'avg_kl_divergence': 3.6610612869262695, 'entropy': 10.824689865112305}, {'step': 23, 'avg_l2_distance': 2.198591947555542, 'avg_kl_divergence': 5.954339504241943, 'entropy': 10.82468032836914}, {'step': 24, 'avg_l2_distance': 2.198591947555542, 'avg_kl_divergence': 5.954339504241943, 'entropy': 10.824653625488281}, {'step': 25, 'avg_l2_distance': 2.198591947555542, 'avg_kl_divergence': 5.954339504241943, 'entropy': 10.82463550567627}, {'step': 26, 'avg_l2_distance': 2.198591947555542, 'avg_kl_divergence': 5.954339504241943, 'entropy': 10.824614524841309}, {'step': 27, 'avg_l2_distance': 2.198591947555542, 'avg_kl_divergence': 5.954339504241943, 'entropy': 10.824590682983398}, {'step': 28, 'avg_l2_distance': 2.198591947555542, 'avg_kl_divergence': 5.954339504241943, 'entropy': 10.824563980102539}, {'step': 29, 'avg_l2_distance': 2.198591947555542, 'avg_kl_divergence': 5.954339504241943, 'entropy': 10.824533462524414}, {'step': 30, 'avg_l2_distance': 2.198591947555542, 'avg_kl_divergence': 5.954339504241943, 'entropy': 10.824498176574707}, {'step': 31, 'avg_l2_distance': 2.198591947555542, 'avg_kl_divergence': 5.954339504241943, 'entropy': 10.824455261230469}, {'step': 32, 'avg_l2_distance': 2.198591947555542, 'avg_kl_divergence': 5.954339504241943, 'entropy': 10.824407577514648}, {'step': 33, 'avg_l2_distance': 2.198591947555542, 'avg_kl_divergence': 5.954339504241943, 'entropy': 10.824348449707031}, {'step': 34, 'avg_l2_distance': 2.198591947555542, 'avg_kl_divergence': 5.954339504241943, 'entropy': 10.824280738830566}, {'step': 35, 'avg_l2_distance': 2.198591947555542, 'avg_kl_divergence': 5.954339504241943, 'entropy': 10.824197769165039}, {'step': 36, 'avg_l2_distance': 2.198591947555542, 'avg_kl_divergence': 5.954339504241943, 'entropy': 10.824094772338867}, {'step': 37, 'avg_l2_distance': 2.198591947555542, 'avg_kl_divergence': 5.954339504241943, 'entropy': 10.823967933654785}, {'step': 38, 'avg_l2_distance': 2.198591947555542, 'avg_kl_divergence': 5.954339504241943, 'entropy': 10.823806762695312}, {'step': 39, 'avg_l2_distance': 2.198591947555542, 'avg_kl_divergence': 5.954339504241943, 'entropy': 10.823598861694336}, {'step': 40, 'avg_l2_distance': 2.198591947555542, 'avg_kl_divergence': 5.954339504241943, 'entropy': 10.823326110839844}, {'step': 41, 'avg_l2_distance': 2.198591947555542, 'avg_kl_divergence': 5.954339504241943, 'entropy': 10.822955131530762}, {'step': 42, 'avg_l2_distance': 2.198591947555542, 'avg_kl_divergence': 5.954339504241943, 'entropy': 10.82243537902832}, {'step': 43, 'avg_l2_distance': 2.198591947555542, 'avg_kl_divergence': 5.954339504241943, 'entropy': 10.821664810180664}, {'step': 44, 'avg_l2_distance': 2.198591947555542, 'avg_kl_divergence': 5.954339504241943, 'entropy': 10.820460319519043}, {'step': 45, 'avg_l2_distance': 2.198591947555542, 'avg_kl_divergence': 5.954339504241943, 'entropy': 10.818411827087402}, {'step': 46, 'avg_l2_distance': 2.198591947555542, 'avg_kl_divergence': 5.954339504241943, 'entropy': 10.814462661743164}, {'step': 47, 'avg_l2_distance': 2.198591947555542, 'avg_kl_divergence': 5.954339504241943, 'entropy': 10.805123329162598}, {'step': 48, 'avg_l2_distance': 2.198591947555542, 'avg_kl_divergence': 5.954339504241943, 'entropy': 10.772163391113281}, {'step': 49, 'avg_l2_distance': 2.198591947555542, 'avg_kl_divergence': 5.954339504241943, 'entropy': 10.34451675415039}]",2.198591947555542,5.954339504241943,0.0
193,policy,True,"[{'step': 0, 'avg_l2_distance': 2.3774964809417725, 'avg_kl_divergence': 4.363229751586914, 'entropy': 10.824838638305664}, {'step': 1, 'avg_l2_distance': 2.3774964809417725, 'avg_kl_divergence': 4.363229751586914, 'entropy': 10.82481861114502}, {'step': 2, 'avg_l2_distance': 2.3774964809417725, 'avg_kl_divergence': 4.363229751586914, 'entropy': 10.82481575012207}, {'step': 3, 'avg_l2_distance': 2.297722339630127, 'avg_kl_divergence': 3.093939781188965, 'entropy': 10.824812889099121}, {'step': 4, 'avg_l2_distance': 2.225982666015625, 'avg_kl_divergence': 1.0294932126998901, 'entropy': 10.824731826782227}, {'step': 5, 'avg_l2_distance': 2.225982666015625, 'avg_kl_divergence': 1.0294932126998901, 'entropy': 10.824825286865234}, {'step': 6, 'avg_l2_distance': 2.611424684524536, 'avg_kl_divergence': 4.798569679260254, 'entropy': 10.824822425842285}, {'step': 7, 'avg_l2_distance': 2.611424684524536, 'avg_kl_divergence': 4.798569679260254, 'entropy': 10.824810028076172}, {'step': 8, 'avg_l2_distance': 2.611424684524536, 'avg_kl_divergence': 4.798569679260254, 'entropy': 10.824808120727539}, {'step': 9, 'avg_l2_distance': 2.611424684524536, 'avg_kl_divergence': 4.798569679260254, 'entropy': 10.824804306030273}, {'step': 10, 'avg_l2_distance': 2.611424684524536, 'avg_kl_divergence': 4.798569679260254, 'entropy': 10.824801445007324}, {'step': 11, 'avg_l2_distance': 2.611424684524536, 'avg_kl_divergence': 4.798569679260254, 'entropy': 10.824798583984375}, {'step': 12, 'avg_l2_distance': 2.611424684524536, 'avg_kl_divergence': 4.798569679260254, 'entropy': 10.82479476928711}, {'step': 13, 'avg_l2_distance': 2.611424684524536, 'avg_kl_divergence': 4.798569679260254, 'entropy': 10.824790954589844}, {'step': 14, 'avg_l2_distance': 2.611424684524536, 'avg_kl_divergence': 4.798569679260254, 'entropy': 10.824788093566895}, {'step': 15, 'avg_l2_distance': 2.611424684524536, 'avg_kl_divergence': 4.798569679260254, 'entropy': 10.824783325195312}, {'step': 16, 'avg_l2_distance': 2.611424684524536, 'avg_kl_divergence': 4.798569679260254, 'entropy': 10.82477855682373}, {'step': 17, 'avg_l2_distance': 2.4231057167053223, 'avg_kl_divergence': 5.693592071533203, 'entropy': 10.824773788452148}, {'step': 18, 'avg_l2_distance': 2.4231057167053223, 'avg_kl_divergence': 5.693592071533203, 'entropy': 10.824665069580078}, {'step': 19, 'avg_l2_distance': 2.4231057167053223, 'avg_kl_divergence': 5.693592071533203, 'entropy': 10.824653625488281}, {'step': 20, 'avg_l2_distance': 2.4231057167053223, 'avg_kl_divergence': 5.693592071533203, 'entropy': 10.824644088745117}, {'step': 21, 'avg_l2_distance': 2.4231057167053223, 'avg_kl_divergence': 5.693592071533203, 'entropy': 10.824630737304688}, {'step': 22, 'avg_l2_distance': 2.4231057167053223, 'avg_kl_divergence': 5.693592071533203, 'entropy': 10.824617385864258}, {'step': 23, 'avg_l2_distance': 2.4231057167053223, 'avg_kl_divergence': 5.693592071533203, 'entropy': 10.824603080749512}, {'step': 24, 'avg_l2_distance': 2.4231057167053223, 'avg_kl_divergence': 5.693592071533203, 'entropy': 10.824586868286133}, {'step': 25, 'avg_l2_distance': 2.4231057167053223, 'avg_kl_divergence': 5.693592071533203, 'entropy': 10.824569702148438}, {'step': 26, 'avg_l2_distance': 2.4231057167053223, 'avg_kl_divergence': 5.693592071533203, 'entropy': 10.824548721313477}, {'step': 27, 'avg_l2_distance': 2.4231057167053223, 'avg_kl_divergence': 5.693592071533203, 'entropy': 10.824527740478516}, {'step': 28, 'avg_l2_distance': 2.4231057167053223, 'avg_kl_divergence': 5.693592071533203, 'entropy': 10.824501037597656}, {'step': 29, 'avg_l2_distance': 2.4231057167053223, 'avg_kl_divergence': 5.693592071533203, 'entropy': 10.824472427368164}, {'step': 30, 'avg_l2_distance': 2.4231057167053223, 'avg_kl_divergence': 5.693592071533203, 'entropy': 10.824438095092773}, {'step': 31, 'avg_l2_distance': 2.4231057167053223, 'avg_kl_divergence': 5.693592071533203, 'entropy': 10.824399948120117}, {'step': 32, 'avg_l2_distance': 2.0968730449676514, 'avg_kl_divergence': 5.008822441101074, 'entropy': 10.824356079101562}, {'step': 33, 'avg_l2_distance': 2.0968730449676514, 'avg_kl_divergence': 5.008822441101074, 'entropy': 10.824127197265625}, {'step': 34, 'avg_l2_distance': 2.0968730449676514, 'avg_kl_divergence': 5.008822441101074, 'entropy': 10.824036598205566}, {'step': 35, 'avg_l2_distance': 2.0968730449676514, 'avg_kl_divergence': 5.008822441101074, 'entropy': 10.823927879333496}, {'step': 36, 'avg_l2_distance': 2.0968730449676514, 'avg_kl_divergence': 5.008822441101074, 'entropy': 10.823795318603516}, {'step': 37, 'avg_l2_distance': 2.0968730449676514, 'avg_kl_divergence': 5.008822441101074, 'entropy': 10.823631286621094}, {'step': 38, 'avg_l2_distance': 2.0968730449676514, 'avg_kl_divergence': 5.008822441101074, 'entropy': 10.823426246643066}, {'step': 39, 'avg_l2_distance': 2.0968730449676514, 'avg_kl_divergence': 5.008822441101074, 'entropy': 10.823162078857422}, {'step': 40, 'avg_l2_distance': 2.0968730449676514, 'avg_kl_divergence': 5.008822441101074, 'entropy': 10.82281494140625}, {'step': 41, 'avg_l2_distance': 2.0968730449676514, 'avg_kl_divergence': 5.008822441101074, 'entropy': 10.822347640991211}, {'step': 42, 'avg_l2_distance': 2.0968730449676514, 'avg_kl_divergence': 5.008822441101074, 'entropy': 10.821691513061523}, {'step': 43, 'avg_l2_distance': 2.0968730449676514, 'avg_kl_divergence': 5.008822441101074, 'entropy': 10.820728302001953}, {'step': 44, 'avg_l2_distance': 2.0968730449676514, 'avg_kl_divergence': 5.008822441101074, 'entropy': 10.819230079650879}, {'step': 45, 'avg_l2_distance': 2.0968730449676514, 'avg_kl_divergence': 5.008822441101074, 'entropy': 10.816690444946289}, {'step': 46, 'avg_l2_distance': 2.0968730449676514, 'avg_kl_divergence': 5.008822441101074, 'entropy': 10.811809539794922}, {'step': 47, 'avg_l2_distance': 2.0968730449676514, 'avg_kl_divergence': 5.008822441101074, 'entropy': 10.800291061401367}, {'step': 48, 'avg_l2_distance': 2.0968730449676514, 'avg_kl_divergence': 5.008822441101074, 'entropy': 10.759721755981445}, {'step': 49, 'avg_l2_distance': 2.0968730449676514, 'avg_kl_divergence': 5.008822441101074, 'entropy': 10.237119674682617}]",2.0968730449676514,5.008822441101074,0.0
194,policy,True,"[{'step': 0, 'avg_l2_distance': 2.7318673133850098, 'avg_kl_divergence': 7.670921325683594, 'entropy': 10.824825286865234}, {'step': 1, 'avg_l2_distance': 2.7318673133850098, 'avg_kl_divergence': 7.670921325683594, 'entropy': 10.824816703796387}, {'step': 2, 'avg_l2_distance': 2.7318673133850098, 'avg_kl_divergence': 7.670921325683594, 'entropy': 10.824814796447754}, {'step': 3, 'avg_l2_distance': 2.7318673133850098, 'avg_kl_divergence': 7.670921325683594, 'entropy': 10.824811935424805}, {'step': 4, 'avg_l2_distance': 2.7318673133850098, 'avg_kl_divergence': 7.670921325683594, 'entropy': 10.824810028076172}, {'step': 5, 'avg_l2_distance': 2.7318673133850098, 'avg_kl_divergence': 7.670921325683594, 'entropy': 10.824808120727539}, {'step': 6, 'avg_l2_distance': 2.7318673133850098, 'avg_kl_divergence': 7.670921325683594, 'entropy': 10.824806213378906}, {'step': 7, 'avg_l2_distance': 2.6107325553894043, 'avg_kl_divergence': 7.0146894454956055, 'entropy': 10.824803352355957}, {'step': 8, 'avg_l2_distance': 2.3703324794769287, 'avg_kl_divergence': 9.866842269897461, 'entropy': 10.8248291015625}, {'step': 9, 'avg_l2_distance': 2.4505934715270996, 'avg_kl_divergence': 7.405031681060791, 'entropy': 10.824804306030273}, {'step': 10, 'avg_l2_distance': 2.4505934715270996, 'avg_kl_divergence': 7.405031681060791, 'entropy': 10.82481575012207}, {'step': 11, 'avg_l2_distance': 2.4505934715270996, 'avg_kl_divergence': 7.405031681060791, 'entropy': 10.824811935424805}, {'step': 12, 'avg_l2_distance': 2.4505934715270996, 'avg_kl_divergence': 7.405031681060791, 'entropy': 10.824807167053223}, {'step': 13, 'avg_l2_distance': 2.4505934715270996, 'avg_kl_divergence': 7.405031681060791, 'entropy': 10.824803352355957}, {'step': 14, 'avg_l2_distance': 2.4505934715270996, 'avg_kl_divergence': 7.405031681060791, 'entropy': 10.824798583984375}, {'step': 15, 'avg_l2_distance': 2.4505934715270996, 'avg_kl_divergence': 7.405031681060791, 'entropy': 10.82479476928711}, {'step': 16, 'avg_l2_distance': 2.4505934715270996, 'avg_kl_divergence': 7.405031681060791, 'entropy': 10.824788093566895}, {'step': 17, 'avg_l2_distance': 2.4505934715270996, 'avg_kl_divergence': 7.405031681060791, 'entropy': 10.824783325195312}, {'step': 18, 'avg_l2_distance': 2.4505934715270996, 'avg_kl_divergence': 7.405031681060791, 'entropy': 10.824776649475098}, {'step': 19, 'avg_l2_distance': 2.4505934715270996, 'avg_kl_divergence': 7.405031681060791, 'entropy': 10.824769973754883}, {'step': 20, 'avg_l2_distance': 2.4169559478759766, 'avg_kl_divergence': 10.846294403076172, 'entropy': 10.824760437011719}, {'step': 21, 'avg_l2_distance': 2.4169559478759766, 'avg_kl_divergence': 10.846294403076172, 'entropy': 10.824653625488281}, {'step': 22, 'avg_l2_distance': 2.4169559478759766, 'avg_kl_divergence': 10.846294403076172, 'entropy': 10.824640274047852}, {'step': 23, 'avg_l2_distance': 2.4169559478759766, 'avg_kl_divergence': 10.846294403076172, 'entropy': 10.824625015258789}, {'step': 24, 'avg_l2_distance': 2.4169559478759766, 'avg_kl_divergence': 10.846294403076172, 'entropy': 10.82460880279541}, {'step': 25, 'avg_l2_distance': 2.4169559478759766, 'avg_kl_divergence': 10.846294403076172, 'entropy': 10.824590682983398}, {'step': 26, 'avg_l2_distance': 2.4169559478759766, 'avg_kl_divergence': 10.846294403076172, 'entropy': 10.824569702148438}, {'step': 27, 'avg_l2_distance': 2.4169559478759766, 'avg_kl_divergence': 10.846294403076172, 'entropy': 10.824546813964844}, {'step': 28, 'avg_l2_distance': 2.4169559478759766, 'avg_kl_divergence': 10.846294403076172, 'entropy': 10.8245210647583}, {'step': 29, 'avg_l2_distance': 2.4169559478759766, 'avg_kl_divergence': 10.846294403076172, 'entropy': 10.82448959350586}, {'step': 30, 'avg_l2_distance': 2.4169559478759766, 'avg_kl_divergence': 10.846294403076172, 'entropy': 10.824454307556152}, {'step': 31, 'avg_l2_distance': 2.4169559478759766, 'avg_kl_divergence': 10.846294403076172, 'entropy': 10.82441520690918}, {'step': 32, 'avg_l2_distance': 2.4169559478759766, 'avg_kl_divergence': 10.846294403076172, 'entropy': 10.824368476867676}, {'step': 33, 'avg_l2_distance': 2.4687399864196777, 'avg_kl_divergence': 5.704887390136719, 'entropy': 10.82431411743164}, {'step': 34, 'avg_l2_distance': 2.4687399864196777, 'avg_kl_divergence': 5.704887390136719, 'entropy': 10.824413299560547}, {'step': 35, 'avg_l2_distance': 2.4687399864196777, 'avg_kl_divergence': 5.704887390136719, 'entropy': 10.824348449707031}, {'step': 36, 'avg_l2_distance': 2.4687399864196777, 'avg_kl_divergence': 5.704887390136719, 'entropy': 10.824270248413086}, {'step': 37, 'avg_l2_distance': 2.4687399864196777, 'avg_kl_divergence': 5.704887390136719, 'entropy': 10.82417106628418}, {'step': 38, 'avg_l2_distance': 2.4687399864196777, 'avg_kl_divergence': 5.704887390136719, 'entropy': 10.82404613494873}, {'step': 39, 'avg_l2_distance': 2.4687399864196777, 'avg_kl_divergence': 5.704887390136719, 'entropy': 10.823884963989258}, {'step': 40, 'avg_l2_distance': 2.4687399864196777, 'avg_kl_divergence': 5.704887390136719, 'entropy': 10.823671340942383}, {'step': 41, 'avg_l2_distance': 2.4687399864196777, 'avg_kl_divergence': 5.704887390136719, 'entropy': 10.823384284973145}, {'step': 42, 'avg_l2_distance': 2.4687399864196777, 'avg_kl_divergence': 5.704887390136719, 'entropy': 10.822978019714355}, {'step': 43, 'avg_l2_distance': 2.4687399864196777, 'avg_kl_divergence': 5.704887390136719, 'entropy': 10.822380065917969}, {'step': 44, 'avg_l2_distance': 2.4687399864196777, 'avg_kl_divergence': 5.704887390136719, 'entropy': 10.821446418762207}, {'step': 45, 'avg_l2_distance': 2.4687399864196777, 'avg_kl_divergence': 5.704887390136719, 'entropy': 10.81986141204834}, {'step': 46, 'avg_l2_distance': 2.4687399864196777, 'avg_kl_divergence': 5.704887390136719, 'entropy': 10.81682014465332}, {'step': 47, 'avg_l2_distance': 2.4687399864196777, 'avg_kl_divergence': 5.704887390136719, 'entropy': 10.809677124023438}, {'step': 48, 'avg_l2_distance': 2.4687399864196777, 'avg_kl_divergence': 5.704887390136719, 'entropy': 10.784619331359863}, {'step': 49, 'avg_l2_distance': 2.4687399864196777, 'avg_kl_divergence': 5.704887390136719, 'entropy': 10.333720207214355}]",2.4687399864196777,5.704887390136719,0.0
195,policy,True,"[{'step': 0, 'avg_l2_distance': 2.9355196952819824, 'avg_kl_divergence': 16.283910751342773, 'entropy': 10.82484245300293}, {'step': 1, 'avg_l2_distance': 3.3065974712371826, 'avg_kl_divergence': 14.15241813659668, 'entropy': 10.82484245300293}, {'step': 2, 'avg_l2_distance': 3.3065974712371826, 'avg_kl_divergence': 14.15241813659668, 'entropy': 10.82483196258545}, {'step': 3, 'avg_l2_distance': 2.464425802230835, 'avg_kl_divergence': 16.53227996826172, 'entropy': 10.8248291015625}, {'step': 4, 'avg_l2_distance': 2.464425802230835, 'avg_kl_divergence': 16.53227996826172, 'entropy': 10.824776649475098}, {'step': 5, 'avg_l2_distance': 2.464425802230835, 'avg_kl_divergence': 16.53227996826172, 'entropy': 10.824773788452148}, {'step': 6, 'avg_l2_distance': 2.677075147628784, 'avg_kl_divergence': 14.675844192504883, 'entropy': 10.824769973754883}, {'step': 7, 'avg_l2_distance': 2.677075147628784, 'avg_kl_divergence': 14.675844192504883, 'entropy': 10.82481575012207}, {'step': 8, 'avg_l2_distance': 2.677075147628784, 'avg_kl_divergence': 14.675844192504883, 'entropy': 10.824813842773438}, {'step': 9, 'avg_l2_distance': 2.677075147628784, 'avg_kl_divergence': 14.675844192504883, 'entropy': 10.824810028076172}, {'step': 10, 'avg_l2_distance': 2.677075147628784, 'avg_kl_divergence': 14.675844192504883, 'entropy': 10.824806213378906}, {'step': 11, 'avg_l2_distance': 2.677075147628784, 'avg_kl_divergence': 14.675844192504883, 'entropy': 10.82480239868164}, {'step': 12, 'avg_l2_distance': 2.677075147628784, 'avg_kl_divergence': 14.675844192504883, 'entropy': 10.824799537658691}, {'step': 13, 'avg_l2_distance': 2.677075147628784, 'avg_kl_divergence': 14.675844192504883, 'entropy': 10.824795722961426}, {'step': 14, 'avg_l2_distance': 2.677075147628784, 'avg_kl_divergence': 14.675844192504883, 'entropy': 10.824790000915527}, {'step': 15, 'avg_l2_distance': 2.677075147628784, 'avg_kl_divergence': 14.675844192504883, 'entropy': 10.824785232543945}, {'step': 16, 'avg_l2_distance': 2.677075147628784, 'avg_kl_divergence': 14.675844192504883, 'entropy': 10.824779510498047}, {'step': 17, 'avg_l2_distance': 2.677075147628784, 'avg_kl_divergence': 14.675844192504883, 'entropy': 10.824774742126465}, {'step': 18, 'avg_l2_distance': 2.677075147628784, 'avg_kl_divergence': 14.675844192504883, 'entropy': 10.82476806640625}, {'step': 19, 'avg_l2_distance': 2.677075147628784, 'avg_kl_divergence': 14.675844192504883, 'entropy': 10.824760437011719}, {'step': 20, 'avg_l2_distance': 2.677075147628784, 'avg_kl_divergence': 14.675844192504883, 'entropy': 10.824753761291504}, {'step': 21, 'avg_l2_distance': 2.677075147628784, 'avg_kl_divergence': 14.675844192504883, 'entropy': 10.824743270874023}, {'step': 22, 'avg_l2_distance': 2.677075147628784, 'avg_kl_divergence': 14.675844192504883, 'entropy': 10.824734687805176}, {'step': 23, 'avg_l2_distance': 2.677075147628784, 'avg_kl_divergence': 14.675844192504883, 'entropy': 10.824723243713379}, {'step': 24, 'avg_l2_distance': 2.677075147628784, 'avg_kl_divergence': 14.675844192504883, 'entropy': 10.824710845947266}, {'step': 25, 'avg_l2_distance': 2.677075147628784, 'avg_kl_divergence': 14.675844192504883, 'entropy': 10.824697494506836}, {'step': 26, 'avg_l2_distance': 2.677075147628784, 'avg_kl_divergence': 14.675844192504883, 'entropy': 10.824682235717773}, {'step': 27, 'avg_l2_distance': 2.677075147628784, 'avg_kl_divergence': 14.675844192504883, 'entropy': 10.824664115905762}, {'step': 28, 'avg_l2_distance': 2.677075147628784, 'avg_kl_divergence': 14.675844192504883, 'entropy': 10.824644088745117}, {'step': 29, 'avg_l2_distance': 2.677075147628784, 'avg_kl_divergence': 14.675844192504883, 'entropy': 10.824621200561523}, {'step': 30, 'avg_l2_distance': 2.677075147628784, 'avg_kl_divergence': 14.675844192504883, 'entropy': 10.824592590332031}, {'step': 31, 'avg_l2_distance': 2.677075147628784, 'avg_kl_divergence': 14.675844192504883, 'entropy': 10.824563026428223}, {'step': 32, 'avg_l2_distance': 2.677075147628784, 'avg_kl_divergence': 14.675844192504883, 'entropy': 10.8245267868042}, {'step': 33, 'avg_l2_distance': 2.677075147628784, 'avg_kl_divergence': 14.675844192504883, 'entropy': 10.824481010437012}, {'step': 34, 'avg_l2_distance': 2.677075147628784, 'avg_kl_divergence': 14.675844192504883, 'entropy': 10.824430465698242}, {'step': 35, 'avg_l2_distance': 2.677075147628784, 'avg_kl_divergence': 14.675844192504883, 'entropy': 10.82436752319336}, {'step': 36, 'avg_l2_distance': 2.677075147628784, 'avg_kl_divergence': 14.675844192504883, 'entropy': 10.824289321899414}, {'step': 37, 'avg_l2_distance': 2.677075147628784, 'avg_kl_divergence': 14.675844192504883, 'entropy': 10.824193000793457}, {'step': 38, 'avg_l2_distance': 2.677075147628784, 'avg_kl_divergence': 14.675844192504883, 'entropy': 10.824071884155273}, {'step': 39, 'avg_l2_distance': 2.677075147628784, 'avg_kl_divergence': 14.675844192504883, 'entropy': 10.823914527893066}, {'step': 40, 'avg_l2_distance': 2.677075147628784, 'avg_kl_divergence': 14.675844192504883, 'entropy': 10.823707580566406}, {'step': 41, 'avg_l2_distance': 2.677075147628784, 'avg_kl_divergence': 14.675844192504883, 'entropy': 10.823424339294434}, {'step': 42, 'avg_l2_distance': 2.677075147628784, 'avg_kl_divergence': 14.675844192504883, 'entropy': 10.823025703430176}, {'step': 43, 'avg_l2_distance': 2.677075147628784, 'avg_kl_divergence': 14.675844192504883, 'entropy': 10.822437286376953}, {'step': 44, 'avg_l2_distance': 2.677075147628784, 'avg_kl_divergence': 14.675844192504883, 'entropy': 10.821516990661621}, {'step': 45, 'avg_l2_distance': 2.677075147628784, 'avg_kl_divergence': 14.675844192504883, 'entropy': 10.819948196411133}, {'step': 46, 'avg_l2_distance': 2.677075147628784, 'avg_kl_divergence': 14.675844192504883, 'entropy': 10.81692886352539}, {'step': 47, 'avg_l2_distance': 2.677075147628784, 'avg_kl_divergence': 14.675844192504883, 'entropy': 10.809797286987305}, {'step': 48, 'avg_l2_distance': 2.677075147628784, 'avg_kl_divergence': 14.675844192504883, 'entropy': 10.78467082977295}, {'step': 49, 'avg_l2_distance': 2.677075147628784, 'avg_kl_divergence': 14.675844192504883, 'entropy': 10.345849990844727}]",2.677075147628784,14.675844192504883,0.0
196,policy,True,"[{'step': 0, 'avg_l2_distance': 2.54075288772583, 'avg_kl_divergence': 5.839056015014648, 'entropy': 10.824822425842285}, {'step': 1, 'avg_l2_distance': 2.54075288772583, 'avg_kl_divergence': 5.839056015014648, 'entropy': 10.824832916259766}, {'step': 2, 'avg_l2_distance': 2.54075288772583, 'avg_kl_divergence': 5.839056015014648, 'entropy': 10.824831008911133}, {'step': 3, 'avg_l2_distance': 2.54075288772583, 'avg_kl_divergence': 5.839056015014648, 'entropy': 10.824830055236816}, {'step': 4, 'avg_l2_distance': 2.54075288772583, 'avg_kl_divergence': 5.839056015014648, 'entropy': 10.8248291015625}, {'step': 5, 'avg_l2_distance': 2.54075288772583, 'avg_kl_divergence': 5.839056015014648, 'entropy': 10.824825286865234}, {'step': 6, 'avg_l2_distance': 2.54075288772583, 'avg_kl_divergence': 5.839056015014648, 'entropy': 10.824823379516602}, {'step': 7, 'avg_l2_distance': 2.54075288772583, 'avg_kl_divergence': 5.839056015014648, 'entropy': 10.824821472167969}, {'step': 8, 'avg_l2_distance': 2.54075288772583, 'avg_kl_divergence': 5.839056015014648, 'entropy': 10.824819564819336}, {'step': 9, 'avg_l2_distance': 2.54075288772583, 'avg_kl_divergence': 5.839056015014648, 'entropy': 10.824817657470703}, {'step': 10, 'avg_l2_distance': 2.799351692199707, 'avg_kl_divergence': 8.189322471618652, 'entropy': 10.824813842773438}, {'step': 11, 'avg_l2_distance': 2.799351692199707, 'avg_kl_divergence': 8.189322471618652, 'entropy': 10.824810028076172}, {'step': 12, 'avg_l2_distance': 2.799351692199707, 'avg_kl_divergence': 8.189322471618652, 'entropy': 10.824806213378906}, {'step': 13, 'avg_l2_distance': 2.799351692199707, 'avg_kl_divergence': 8.189322471618652, 'entropy': 10.82480239868164}, {'step': 14, 'avg_l2_distance': 2.799351692199707, 'avg_kl_divergence': 8.189322471618652, 'entropy': 10.824798583984375}, {'step': 15, 'avg_l2_distance': 2.799351692199707, 'avg_kl_divergence': 8.189322471618652, 'entropy': 10.824793815612793}, {'step': 16, 'avg_l2_distance': 2.799351692199707, 'avg_kl_divergence': 8.189322471618652, 'entropy': 10.824789047241211}, {'step': 17, 'avg_l2_distance': 2.799351692199707, 'avg_kl_divergence': 8.189322471618652, 'entropy': 10.824783325195312}, {'step': 18, 'avg_l2_distance': 2.799351692199707, 'avg_kl_divergence': 8.189322471618652, 'entropy': 10.824777603149414}, {'step': 19, 'avg_l2_distance': 2.799351692199707, 'avg_kl_divergence': 8.189322471618652, 'entropy': 10.8247709274292}, {'step': 20, 'avg_l2_distance': 2.799351692199707, 'avg_kl_divergence': 8.189322471618652, 'entropy': 10.824762344360352}, {'step': 21, 'avg_l2_distance': 2.799351692199707, 'avg_kl_divergence': 8.189322471618652, 'entropy': 10.824755668640137}, {'step': 22, 'avg_l2_distance': 2.799351692199707, 'avg_kl_divergence': 8.189322471618652, 'entropy': 10.824745178222656}, {'step': 23, 'avg_l2_distance': 2.799351692199707, 'avg_kl_divergence': 8.189322471618652, 'entropy': 10.82473373413086}, {'step': 24, 'avg_l2_distance': 2.799351692199707, 'avg_kl_divergence': 8.189322471618652, 'entropy': 10.824723243713379}, {'step': 25, 'avg_l2_distance': 2.799351692199707, 'avg_kl_divergence': 8.189322471618652, 'entropy': 10.82470989227295}, {'step': 26, 'avg_l2_distance': 2.799351692199707, 'avg_kl_divergence': 8.189322471618652, 'entropy': 10.82469654083252}, {'step': 27, 'avg_l2_distance': 2.799351692199707, 'avg_kl_divergence': 8.189322471618652, 'entropy': 10.824678421020508}, {'step': 28, 'avg_l2_distance': 2.799351692199707, 'avg_kl_divergence': 8.189322471618652, 'entropy': 10.82465934753418}, {'step': 29, 'avg_l2_distance': 2.799351692199707, 'avg_kl_divergence': 8.189322471618652, 'entropy': 10.824638366699219}, {'step': 30, 'avg_l2_distance': 2.799351692199707, 'avg_kl_divergence': 8.189322471618652, 'entropy': 10.824612617492676}, {'step': 31, 'avg_l2_distance': 2.799351692199707, 'avg_kl_divergence': 8.189322471618652, 'entropy': 10.824583053588867}, {'step': 32, 'avg_l2_distance': 2.799351692199707, 'avg_kl_divergence': 8.189322471618652, 'entropy': 10.82454776763916}, {'step': 33, 'avg_l2_distance': 2.799351692199707, 'avg_kl_divergence': 8.189322471618652, 'entropy': 10.824506759643555}, {'step': 34, 'avg_l2_distance': 2.799351692199707, 'avg_kl_divergence': 8.189322471618652, 'entropy': 10.824457168579102}, {'step': 35, 'avg_l2_distance': 2.799351692199707, 'avg_kl_divergence': 8.189322471618652, 'entropy': 10.824397087097168}, {'step': 36, 'avg_l2_distance': 2.799351692199707, 'avg_kl_divergence': 8.189322471618652, 'entropy': 10.824323654174805}, {'step': 37, 'avg_l2_distance': 2.799351692199707, 'avg_kl_divergence': 8.189322471618652, 'entropy': 10.824233055114746}, {'step': 38, 'avg_l2_distance': 2.799351692199707, 'avg_kl_divergence': 8.189322471618652, 'entropy': 10.824117660522461}, {'step': 39, 'avg_l2_distance': 2.799351692199707, 'avg_kl_divergence': 8.189322471618652, 'entropy': 10.823968887329102}, {'step': 40, 'avg_l2_distance': 2.3802285194396973, 'avg_kl_divergence': 5.900691986083984, 'entropy': 10.823771476745605}, {'step': 41, 'avg_l2_distance': 2.3802285194396973, 'avg_kl_divergence': 5.900691986083984, 'entropy': 10.822726249694824}, {'step': 42, 'avg_l2_distance': 2.3802285194396973, 'avg_kl_divergence': 5.900691986083984, 'entropy': 10.822195053100586}, {'step': 43, 'avg_l2_distance': 2.3802285194396973, 'avg_kl_divergence': 5.900691986083984, 'entropy': 10.821420669555664}, {'step': 44, 'avg_l2_distance': 2.3802285194396973, 'avg_kl_divergence': 5.900691986083984, 'entropy': 10.820220947265625}, {'step': 45, 'avg_l2_distance': 2.3802285194396973, 'avg_kl_divergence': 5.900691986083984, 'entropy': 10.81820297241211}, {'step': 46, 'avg_l2_distance': 2.3802285194396973, 'avg_kl_divergence': 5.900691986083984, 'entropy': 10.81435775756836}, {'step': 47, 'avg_l2_distance': 2.3802285194396973, 'avg_kl_divergence': 5.900691986083984, 'entropy': 10.805367469787598}, {'step': 48, 'avg_l2_distance': 2.3802285194396973, 'avg_kl_divergence': 5.900691986083984, 'entropy': 10.774003982543945}, {'step': 49, 'avg_l2_distance': 2.3802285194396973, 'avg_kl_divergence': 5.900691986083984, 'entropy': 10.311676025390625}]",2.3802285194396973,5.900691986083984,0.0
197,policy,True,"[{'step': 0, 'avg_l2_distance': 2.735342264175415, 'avg_kl_divergence': 5.667478561401367, 'entropy': 10.824832916259766}, {'step': 1, 'avg_l2_distance': 2.735342264175415, 'avg_kl_divergence': 5.667478561401367, 'entropy': 10.824831008911133}, {'step': 2, 'avg_l2_distance': 2.735342264175415, 'avg_kl_divergence': 5.667478561401367, 'entropy': 10.8248291015625}, {'step': 3, 'avg_l2_distance': 2.7457115650177, 'avg_kl_divergence': 2.0917258262634277, 'entropy': 10.8248291015625}, {'step': 4, 'avg_l2_distance': 2.7457115650177, 'avg_kl_divergence': 2.0917258262634277, 'entropy': 10.824827194213867}, {'step': 5, 'avg_l2_distance': 2.777352809906006, 'avg_kl_divergence': 3.9904208183288574, 'entropy': 10.82482624053955}, {'step': 6, 'avg_l2_distance': 2.777352809906006, 'avg_kl_divergence': 3.9904208183288574, 'entropy': 10.824790954589844}, {'step': 7, 'avg_l2_distance': 2.777352809906006, 'avg_kl_divergence': 3.9904208183288574, 'entropy': 10.824787139892578}, {'step': 8, 'avg_l2_distance': 2.777352809906006, 'avg_kl_divergence': 3.9904208183288574, 'entropy': 10.824784278869629}, {'step': 9, 'avg_l2_distance': 2.777352809906006, 'avg_kl_divergence': 3.9904208183288574, 'entropy': 10.824779510498047}, {'step': 10, 'avg_l2_distance': 2.777352809906006, 'avg_kl_divergence': 3.9904208183288574, 'entropy': 10.824776649475098}, {'step': 11, 'avg_l2_distance': 2.777352809906006, 'avg_kl_divergence': 3.9904208183288574, 'entropy': 10.824772834777832}, {'step': 12, 'avg_l2_distance': 2.777352809906006, 'avg_kl_divergence': 3.9904208183288574, 'entropy': 10.82476806640625}, {'step': 13, 'avg_l2_distance': 2.777352809906006, 'avg_kl_divergence': 3.9904208183288574, 'entropy': 10.824763298034668}, {'step': 14, 'avg_l2_distance': 2.777352809906006, 'avg_kl_divergence': 3.9904208183288574, 'entropy': 10.824756622314453}, {'step': 15, 'avg_l2_distance': 2.777352809906006, 'avg_kl_divergence': 3.9904208183288574, 'entropy': 10.824751853942871}, {'step': 16, 'avg_l2_distance': 2.777352809906006, 'avg_kl_divergence': 3.9904208183288574, 'entropy': 10.824745178222656}, {'step': 17, 'avg_l2_distance': 2.777352809906006, 'avg_kl_divergence': 3.9904208183288574, 'entropy': 10.824738502502441}, {'step': 18, 'avg_l2_distance': 2.777352809906006, 'avg_kl_divergence': 3.9904208183288574, 'entropy': 10.824731826782227}, {'step': 19, 'avg_l2_distance': 2.777352809906006, 'avg_kl_divergence': 3.9904208183288574, 'entropy': 10.824724197387695}, {'step': 20, 'avg_l2_distance': 2.777352809906006, 'avg_kl_divergence': 3.9904208183288574, 'entropy': 10.824715614318848}, {'step': 21, 'avg_l2_distance': 2.565007209777832, 'avg_kl_divergence': 4.302248477935791, 'entropy': 10.824705123901367}, {'step': 22, 'avg_l2_distance': 2.565007209777832, 'avg_kl_divergence': 4.302248477935791, 'entropy': 10.824743270874023}, {'step': 23, 'avg_l2_distance': 2.565007209777832, 'avg_kl_divergence': 4.302248477935791, 'entropy': 10.82473373413086}, {'step': 24, 'avg_l2_distance': 2.565007209777832, 'avg_kl_divergence': 4.302248477935791, 'entropy': 10.824722290039062}, {'step': 25, 'avg_l2_distance': 2.565007209777832, 'avg_kl_divergence': 4.302248477935791, 'entropy': 10.824710845947266}, {'step': 26, 'avg_l2_distance': 2.565007209777832, 'avg_kl_divergence': 4.302248477935791, 'entropy': 10.824697494506836}, {'step': 27, 'avg_l2_distance': 2.565007209777832, 'avg_kl_divergence': 4.302248477935791, 'entropy': 10.824681282043457}, {'step': 28, 'avg_l2_distance': 2.565007209777832, 'avg_kl_divergence': 4.302248477935791, 'entropy': 10.824665069580078}, {'step': 29, 'avg_l2_distance': 2.565007209777832, 'avg_kl_divergence': 4.302248477935791, 'entropy': 10.8246431350708}, {'step': 30, 'avg_l2_distance': 2.565007209777832, 'avg_kl_divergence': 4.302248477935791, 'entropy': 10.824620246887207}, {'step': 31, 'avg_l2_distance': 2.565007209777832, 'avg_kl_divergence': 4.302248477935791, 'entropy': 10.824592590332031}, {'step': 32, 'avg_l2_distance': 2.4862117767333984, 'avg_kl_divergence': 6.89044189453125, 'entropy': 10.824560165405273}, {'step': 33, 'avg_l2_distance': 2.4862117767333984, 'avg_kl_divergence': 6.89044189453125, 'entropy': 10.824304580688477}, {'step': 34, 'avg_l2_distance': 2.4862117767333984, 'avg_kl_divergence': 6.89044189453125, 'entropy': 10.824233055114746}, {'step': 35, 'avg_l2_distance': 2.4862117767333984, 'avg_kl_divergence': 6.89044189453125, 'entropy': 10.824148178100586}, {'step': 36, 'avg_l2_distance': 2.4862117767333984, 'avg_kl_divergence': 6.89044189453125, 'entropy': 10.824043273925781}, {'step': 37, 'avg_l2_distance': 2.4862117767333984, 'avg_kl_divergence': 6.89044189453125, 'entropy': 10.82391357421875}, {'step': 38, 'avg_l2_distance': 2.4862117767333984, 'avg_kl_divergence': 6.89044189453125, 'entropy': 10.823751449584961}, {'step': 39, 'avg_l2_distance': 2.4862117767333984, 'avg_kl_divergence': 6.89044189453125, 'entropy': 10.823539733886719}, {'step': 40, 'avg_l2_distance': 2.4862117767333984, 'avg_kl_divergence': 6.89044189453125, 'entropy': 10.823265075683594}, {'step': 41, 'avg_l2_distance': 2.4862117767333984, 'avg_kl_divergence': 6.89044189453125, 'entropy': 10.822891235351562}, {'step': 42, 'avg_l2_distance': 2.4862117767333984, 'avg_kl_divergence': 6.89044189453125, 'entropy': 10.822365760803223}, {'step': 43, 'avg_l2_distance': 2.4862117767333984, 'avg_kl_divergence': 6.89044189453125, 'entropy': 10.82159423828125}, {'step': 44, 'avg_l2_distance': 2.4862117767333984, 'avg_kl_divergence': 6.89044189453125, 'entropy': 10.820388793945312}, {'step': 45, 'avg_l2_distance': 2.4862117767333984, 'avg_kl_divergence': 6.89044189453125, 'entropy': 10.818342208862305}, {'step': 46, 'avg_l2_distance': 2.4862117767333984, 'avg_kl_divergence': 6.89044189453125, 'entropy': 10.814407348632812}, {'step': 47, 'avg_l2_distance': 2.4862117767333984, 'avg_kl_divergence': 6.89044189453125, 'entropy': 10.805126190185547}, {'step': 48, 'avg_l2_distance': 2.4862117767333984, 'avg_kl_divergence': 6.89044189453125, 'entropy': 10.772469520568848}, {'step': 49, 'avg_l2_distance': 2.4862117767333984, 'avg_kl_divergence': 6.89044189453125, 'entropy': 10.301251411437988}]",2.4862117767333984,6.89044189453125,0.0
198,policy,True,"[{'step': 0, 'avg_l2_distance': 2.8024184703826904, 'avg_kl_divergence': 1.9791185855865479, 'entropy': 10.824832916259766}, {'step': 1, 'avg_l2_distance': 2.766944169998169, 'avg_kl_divergence': 10.30042552947998, 'entropy': 10.824836730957031}, {'step': 2, 'avg_l2_distance': 2.4292373657226562, 'avg_kl_divergence': 2.9078598022460938, 'entropy': 10.82481861114502}, {'step': 3, 'avg_l2_distance': 2.5883851051330566, 'avg_kl_divergence': 0.5386795401573181, 'entropy': 10.824813842773438}, {'step': 4, 'avg_l2_distance': 2.5883851051330566, 'avg_kl_divergence': 0.5386795401573181, 'entropy': 10.824823379516602}, {'step': 5, 'avg_l2_distance': 2.5883851051330566, 'avg_kl_divergence': 0.5386795401573181, 'entropy': 10.824819564819336}, {'step': 6, 'avg_l2_distance': 2.7997934818267822, 'avg_kl_divergence': 5.390403747558594, 'entropy': 10.82481861114502}, {'step': 7, 'avg_l2_distance': 2.7997934818267822, 'avg_kl_divergence': 5.390403747558594, 'entropy': 10.82481861114502}, {'step': 8, 'avg_l2_distance': 2.7997934818267822, 'avg_kl_divergence': 5.390403747558594, 'entropy': 10.82481575012207}, {'step': 9, 'avg_l2_distance': 2.7997934818267822, 'avg_kl_divergence': 5.390403747558594, 'entropy': 10.824813842773438}, {'step': 10, 'avg_l2_distance': 2.7997934818267822, 'avg_kl_divergence': 5.390403747558594, 'entropy': 10.824810981750488}, {'step': 11, 'avg_l2_distance': 2.6601006984710693, 'avg_kl_divergence': 7.361796855926514, 'entropy': 10.824808120727539}, {'step': 12, 'avg_l2_distance': 2.6601006984710693, 'avg_kl_divergence': 7.361796855926514, 'entropy': 10.824787139892578}, {'step': 13, 'avg_l2_distance': 2.6601006984710693, 'avg_kl_divergence': 7.361796855926514, 'entropy': 10.824784278869629}, {'step': 14, 'avg_l2_distance': 2.6601006984710693, 'avg_kl_divergence': 7.361796855926514, 'entropy': 10.82477855682373}, {'step': 15, 'avg_l2_distance': 2.6601006984710693, 'avg_kl_divergence': 7.361796855926514, 'entropy': 10.824773788452148}, {'step': 16, 'avg_l2_distance': 2.6601006984710693, 'avg_kl_divergence': 7.361796855926514, 'entropy': 10.82476806640625}, {'step': 17, 'avg_l2_distance': 2.6601006984710693, 'avg_kl_divergence': 7.361796855926514, 'entropy': 10.824761390686035}, {'step': 18, 'avg_l2_distance': 2.6601006984710693, 'avg_kl_divergence': 7.361796855926514, 'entropy': 10.82475471496582}, {'step': 19, 'avg_l2_distance': 2.6601006984710693, 'avg_kl_divergence': 7.361796855926514, 'entropy': 10.824747085571289}, {'step': 20, 'avg_l2_distance': 2.6601006984710693, 'avg_kl_divergence': 7.361796855926514, 'entropy': 10.824738502502441}, {'step': 21, 'avg_l2_distance': 2.6601006984710693, 'avg_kl_divergence': 7.361796855926514, 'entropy': 10.824729919433594}, {'step': 22, 'avg_l2_distance': 2.6601006984710693, 'avg_kl_divergence': 7.361796855926514, 'entropy': 10.82472038269043}, {'step': 23, 'avg_l2_distance': 2.6601006984710693, 'avg_kl_divergence': 7.361796855926514, 'entropy': 10.824708938598633}, {'step': 24, 'avg_l2_distance': 2.6601006984710693, 'avg_kl_divergence': 7.361796855926514, 'entropy': 10.824695587158203}, {'step': 25, 'avg_l2_distance': 2.6601006984710693, 'avg_kl_divergence': 7.361796855926514, 'entropy': 10.824682235717773}, {'step': 26, 'avg_l2_distance': 2.6601006984710693, 'avg_kl_divergence': 7.361796855926514, 'entropy': 10.824666976928711}, {'step': 27, 'avg_l2_distance': 2.6601006984710693, 'avg_kl_divergence': 7.361796855926514, 'entropy': 10.824647903442383}, {'step': 28, 'avg_l2_distance': 2.435206890106201, 'avg_kl_divergence': 8.213142395019531, 'entropy': 10.824625968933105}, {'step': 29, 'avg_l2_distance': 2.435206890106201, 'avg_kl_divergence': 8.213142395019531, 'entropy': 10.82465934753418}, {'step': 30, 'avg_l2_distance': 2.435206890106201, 'avg_kl_divergence': 8.213142395019531, 'entropy': 10.824634552001953}, {'step': 31, 'avg_l2_distance': 2.435206890106201, 'avg_kl_divergence': 8.213142395019531, 'entropy': 10.824604034423828}, {'step': 32, 'avg_l2_distance': 2.435206890106201, 'avg_kl_divergence': 8.213142395019531, 'entropy': 10.824567794799805}, {'step': 33, 'avg_l2_distance': 2.435206890106201, 'avg_kl_divergence': 8.213142395019531, 'entropy': 10.824525833129883}, {'step': 34, 'avg_l2_distance': 2.435206890106201, 'avg_kl_divergence': 8.213142395019531, 'entropy': 10.824474334716797}, {'step': 35, 'avg_l2_distance': 2.435206890106201, 'avg_kl_divergence': 8.213142395019531, 'entropy': 10.824410438537598}, {'step': 36, 'avg_l2_distance': 2.435206890106201, 'avg_kl_divergence': 8.213142395019531, 'entropy': 10.824333190917969}, {'step': 37, 'avg_l2_distance': 2.435206890106201, 'avg_kl_divergence': 8.213142395019531, 'entropy': 10.824235916137695}, {'step': 38, 'avg_l2_distance': 2.435206890106201, 'avg_kl_divergence': 8.213142395019531, 'entropy': 10.824112892150879}, {'step': 39, 'avg_l2_distance': 2.435206890106201, 'avg_kl_divergence': 8.213142395019531, 'entropy': 10.823953628540039}, {'step': 40, 'avg_l2_distance': 2.435206890106201, 'avg_kl_divergence': 8.213142395019531, 'entropy': 10.823741912841797}, {'step': 41, 'avg_l2_distance': 2.435206890106201, 'avg_kl_divergence': 8.213142395019531, 'entropy': 10.823451042175293}, {'step': 42, 'avg_l2_distance': 2.435206890106201, 'avg_kl_divergence': 8.213142395019531, 'entropy': 10.823041915893555}, {'step': 43, 'avg_l2_distance': 2.435206890106201, 'avg_kl_divergence': 8.213142395019531, 'entropy': 10.82243537902832}, {'step': 44, 'avg_l2_distance': 2.435206890106201, 'avg_kl_divergence': 8.213142395019531, 'entropy': 10.821481704711914}, {'step': 45, 'avg_l2_distance': 2.435206890106201, 'avg_kl_divergence': 8.213142395019531, 'entropy': 10.81985855102539}, {'step': 46, 'avg_l2_distance': 2.435206890106201, 'avg_kl_divergence': 8.213142395019531, 'entropy': 10.816723823547363}, {'step': 47, 'avg_l2_distance': 2.435206890106201, 'avg_kl_divergence': 8.213142395019531, 'entropy': 10.809317588806152}, {'step': 48, 'avg_l2_distance': 2.435206890106201, 'avg_kl_divergence': 8.213142395019531, 'entropy': 10.783145904541016}, {'step': 49, 'avg_l2_distance': 2.435206890106201, 'avg_kl_divergence': 8.213142395019531, 'entropy': 10.355308532714844}]",2.435206890106201,8.213142395019531,0.0
199,policy,True,"[{'step': 0, 'avg_l2_distance': 2.7457211017608643, 'avg_kl_divergence': 4.3505964279174805, 'entropy': 10.824813842773438}, {'step': 1, 'avg_l2_distance': 2.7457211017608643, 'avg_kl_divergence': 4.3505964279174805, 'entropy': 10.824811935424805}, {'step': 2, 'avg_l2_distance': 2.7457211017608643, 'avg_kl_divergence': 4.3505964279174805, 'entropy': 10.824808120727539}, {'step': 3, 'avg_l2_distance': 2.7457211017608643, 'avg_kl_divergence': 4.3505964279174805, 'entropy': 10.824806213378906}, {'step': 4, 'avg_l2_distance': 2.6508989334106445, 'avg_kl_divergence': 10.05823802947998, 'entropy': 10.824804306030273}, {'step': 5, 'avg_l2_distance': 2.6508989334106445, 'avg_kl_divergence': 10.05823802947998, 'entropy': 10.824796676635742}, {'step': 6, 'avg_l2_distance': 2.6508989334106445, 'avg_kl_divergence': 10.05823802947998, 'entropy': 10.824793815612793}, {'step': 7, 'avg_l2_distance': 2.4448916912078857, 'avg_kl_divergence': 4.712778091430664, 'entropy': 10.824790954589844}, {'step': 8, 'avg_l2_distance': 2.4448916912078857, 'avg_kl_divergence': 4.712778091430664, 'entropy': 10.824820518493652}, {'step': 9, 'avg_l2_distance': 2.502885580062866, 'avg_kl_divergence': 10.194229125976562, 'entropy': 10.824817657470703}, {'step': 10, 'avg_l2_distance': 2.502885580062866, 'avg_kl_divergence': 10.194229125976562, 'entropy': 10.82480239868164}, {'step': 11, 'avg_l2_distance': 2.5047943592071533, 'avg_kl_divergence': 8.115097045898438, 'entropy': 10.824797630310059}, {'step': 12, 'avg_l2_distance': 2.5047943592071533, 'avg_kl_divergence': 8.115097045898438, 'entropy': 10.824771881103516}, {'step': 13, 'avg_l2_distance': 2.5047943592071533, 'avg_kl_divergence': 8.115097045898438, 'entropy': 10.824766159057617}, {'step': 14, 'avg_l2_distance': 2.5047943592071533, 'avg_kl_divergence': 8.115097045898438, 'entropy': 10.824762344360352}, {'step': 15, 'avg_l2_distance': 2.5047943592071533, 'avg_kl_divergence': 8.115097045898438, 'entropy': 10.82475471496582}, {'step': 16, 'avg_l2_distance': 2.5047943592071533, 'avg_kl_divergence': 8.115097045898438, 'entropy': 10.824748992919922}, {'step': 17, 'avg_l2_distance': 2.5047943592071533, 'avg_kl_divergence': 8.115097045898438, 'entropy': 10.82474136352539}, {'step': 18, 'avg_l2_distance': 2.5047943592071533, 'avg_kl_divergence': 8.115097045898438, 'entropy': 10.82473373413086}, {'step': 19, 'avg_l2_distance': 2.6025233268737793, 'avg_kl_divergence': 7.5500640869140625, 'entropy': 10.824726104736328}, {'step': 20, 'avg_l2_distance': 2.6025233268737793, 'avg_kl_divergence': 7.5500640869140625, 'entropy': 10.824638366699219}, {'step': 21, 'avg_l2_distance': 2.6025233268737793, 'avg_kl_divergence': 7.5500640869140625, 'entropy': 10.824625015258789}, {'step': 22, 'avg_l2_distance': 2.6025233268737793, 'avg_kl_divergence': 7.5500640869140625, 'entropy': 10.824609756469727}, {'step': 23, 'avg_l2_distance': 2.6025233268737793, 'avg_kl_divergence': 7.5500640869140625, 'entropy': 10.824594497680664}, {'step': 24, 'avg_l2_distance': 2.6025233268737793, 'avg_kl_divergence': 7.5500640869140625, 'entropy': 10.824575424194336}, {'step': 25, 'avg_l2_distance': 2.6025233268737793, 'avg_kl_divergence': 7.5500640869140625, 'entropy': 10.824556350708008}, {'step': 26, 'avg_l2_distance': 2.6025233268737793, 'avg_kl_divergence': 7.5500640869140625, 'entropy': 10.824533462524414}, {'step': 27, 'avg_l2_distance': 2.6025233268737793, 'avg_kl_divergence': 7.5500640869140625, 'entropy': 10.824507713317871}, {'step': 28, 'avg_l2_distance': 2.6025233268737793, 'avg_kl_divergence': 7.5500640869140625, 'entropy': 10.824478149414062}, {'step': 29, 'avg_l2_distance': 2.6025233268737793, 'avg_kl_divergence': 7.5500640869140625, 'entropy': 10.824446678161621}, {'step': 30, 'avg_l2_distance': 2.6025233268737793, 'avg_kl_divergence': 7.5500640869140625, 'entropy': 10.824407577514648}, {'step': 31, 'avg_l2_distance': 2.6025233268737793, 'avg_kl_divergence': 7.5500640869140625, 'entropy': 10.824365615844727}, {'step': 32, 'avg_l2_distance': 2.6025233268737793, 'avg_kl_divergence': 7.5500640869140625, 'entropy': 10.82431411743164}, {'step': 33, 'avg_l2_distance': 2.6025233268737793, 'avg_kl_divergence': 7.5500640869140625, 'entropy': 10.82425594329834}, {'step': 34, 'avg_l2_distance': 2.6025233268737793, 'avg_kl_divergence': 7.5500640869140625, 'entropy': 10.824186325073242}, {'step': 35, 'avg_l2_distance': 2.6025233268737793, 'avg_kl_divergence': 7.5500640869140625, 'entropy': 10.824101448059082}, {'step': 36, 'avg_l2_distance': 2.6025233268737793, 'avg_kl_divergence': 7.5500640869140625, 'entropy': 10.82399845123291}, {'step': 37, 'avg_l2_distance': 2.6025233268737793, 'avg_kl_divergence': 7.5500640869140625, 'entropy': 10.823873519897461}, {'step': 38, 'avg_l2_distance': 2.6025233268737793, 'avg_kl_divergence': 7.5500640869140625, 'entropy': 10.823715209960938}, {'step': 39, 'avg_l2_distance': 2.6025233268737793, 'avg_kl_divergence': 7.5500640869140625, 'entropy': 10.823512077331543}, {'step': 40, 'avg_l2_distance': 2.6025233268737793, 'avg_kl_divergence': 7.5500640869140625, 'entropy': 10.823246002197266}, {'step': 41, 'avg_l2_distance': 2.6025233268737793, 'avg_kl_divergence': 7.5500640869140625, 'entropy': 10.822888374328613}, {'step': 42, 'avg_l2_distance': 2.6025233268737793, 'avg_kl_divergence': 7.5500640869140625, 'entropy': 10.8223876953125}, {'step': 43, 'avg_l2_distance': 2.6025233268737793, 'avg_kl_divergence': 7.5500640869140625, 'entropy': 10.821653366088867}, {'step': 44, 'avg_l2_distance': 2.6025233268737793, 'avg_kl_divergence': 7.5500640869140625, 'entropy': 10.820514678955078}, {'step': 45, 'avg_l2_distance': 2.6025233268737793, 'avg_kl_divergence': 7.5500640869140625, 'entropy': 10.818589210510254}, {'step': 46, 'avg_l2_distance': 2.6025233268737793, 'avg_kl_divergence': 7.5500640869140625, 'entropy': 10.814905166625977}, {'step': 47, 'avg_l2_distance': 2.6025233268737793, 'avg_kl_divergence': 7.5500640869140625, 'entropy': 10.806265830993652}, {'step': 48, 'avg_l2_distance': 2.6025233268737793, 'avg_kl_divergence': 7.5500640869140625, 'entropy': 10.776049613952637}, {'step': 49, 'avg_l2_distance': 2.6025233268737793, 'avg_kl_divergence': 7.5500640869140625, 'entropy': 10.22553825378418}]",2.6025233268737793,7.5500640869140625,0.0
